#         time      en-total      pe-total      be-total      pressure          s_xx          s_xy          s_xz          s_yx          s_yy          s_yz          s_zx          s_zy          s_zz   temperature     bndlen-av    bndlen-max    bndlen-min
  0.000000E+00  1.472771E+01  1.315092E+01  1.809901E-01  6.990901E+01  6.976349E+01 -3.971676E-02  2.465862E-02 -3.971676E-02  7.002803E+01  3.117235E-02  2.465862E-02  3.117235E-02  6.993551E+01  1.051194E+00  1.442032E+00  3.039005E+00  4.015557E-01
  5.000000E+01  1.471437E+01  1.314648E+01  1.819488E-01  6.992464E+01  6.993455E+01 -1.874754E-03 -6.388712E-02 -1.874754E-03  6.990066E+01  5.924046E-03 -6.388712E-02  5.924046E-03  6.993871E+01  1.045261E+00  1.441454E+00  3.429807E+00  3.850673E-01
  1.000000E+02  1.473482E+01  1.315347E+01  1.815986E-01  6.993721E+01  6.984348E+01 -3.460754E-02  8.041500E-02 -3.460754E-02  6.992558E+01  6.170650E-02  8.041500E-02  6.170650E-02  7.004258E+01  1.054233E+00  1.440094E+00  3.241398E+00  3.844484E-01
  1.500000E+02  1.472906E+01  1.314957E+01  1.902042E-01  6.980279E+01  6.973298E+01  5.538208E-02 -1.841338E-02  5.538208E-02  6.987050E+01  2.675987E-03 -1.841338E-02  2.675987E-03  6.980490E+01  1.052991E+00  1.453771E+00  3.186538E+00  4.114136E-01
  2.000000E+02  1.477261E+01  1.316590E+01  1.801723E-01  7.000120E+01  6.995502E+01 -9.540715E-02 -2.769957E-02 -9.540715E-02  7.008354E+01 -9.891555E-02 -2.769957E-02 -9.891555E-02  6.996503E+01  1.071142E+00  1.437915E+00  3.169047E+00  3.275175E-01
  2.500000E+02  1.474457E+01  1.316056E+01  1.874051E-01  6.978099E+01  6.983855E+01 -2.899780E-02 -3.401652E-02 -2.899780E-02  6.967085E+01 -5.075853E-02 -3.401652E-02 -5.075853E-02  6.983357E+01  1.056007E+00  1.450915E+00  3.300834E+00  3.731932E-01
  3.000000E+02  1.474163E+01  1.315172E+01  1.826291E-01  6.990512E+01  6.993209E+01 -3.543763E-02  3.522868E-03 -3.543763E-02  6.991895E+01  9.714492E-02  3.522868E-03  9.714492E-02  6.986432E+01  1.059942E+00  1.443953E+00  3.268169E+00  3.723894E-01
  3.500000E+02  1.474928E+01  1.316304E+01  1.824738E-01  6.983099E+01  6.970164E+01 -3.617551E-04  5.885748E-02 -3.617551E-04  6.985732E+01  3.203980E-02  5.885748E-02  3.203980E-02  6.993402E+01  1.057494E+00  1.440667E+00  3.279711E+00  4.304101E-01
  4.000000E+02  1.473798E+01  1.315518E+01  1.831652E-01  6.977576E+01  6.966052E+01  3.886768E-02 -1.228195E-02  3.886768E-02  6.979129E+01  1.211661E-02 -1.228195E-02  1.211661E-02  6.987547E+01  1.055200E+00  1.445837E+00  3.464737E+00  2.487304E-01
  4.500000E+02  1.474061E+01  1.315851E+01  1.835885E-01  6.988324E+01  6.981838E+01 -1.799770E-02 -1.211619E-02 -1.799770E-02  6.983052E+01 -8.332056E-02 -1.211619E-02 -8.332056E-02  7.000083E+01  1.054733E+00  1.446152E+00  3.431454E+00  3.644536E-01
  5.000000E+02  1.474072E+01  1.315481E+01  1.887239E-01  6.982187E+01  6.974434E+01 -4.859099E-03 -1.220334E-02 -4.859099E-03  6.989934E+01  5.302268E-02 -1.220334E-02  5.302268E-02  6.982193E+01  1.057278E+00  1.453558E+00  3.336775E+00  3.174307E-01
  5.500000E+02  1.472548E+01  1.314304E+01  1.812588E-01  6.988234E+01  6.981254E+01 -8.244883E-02  1.447704E-02 -8.244883E-02  6.995988E+01 -1.279926E-01  1.447704E-02 -1.279926E-01  6.987460E+01  1.054962E+00  1.444988E+00  3.499989E+00  3.791024E-01
  6.000000E+02  1.474572E+01  1.316247E+01  1.846148E-01  7.003225E+01  7.000132E+01  2.913665E-02 -3.589154E-02  2.913665E-02  7.002751E+01 -6.374324E-02 -3.589154E-02 -6.374324E-02  7.006792E+01  1.055501E+00  1.446659E+00  3.006248E+00  3.563752E-01
  6.500000E+02  1.475385E+01  1.316235E+01  1.825101E-01  6.991746E+01  6.984421E+01  4.364041E-02 -7.342724E-02  4.364041E-02  6.999614E+01  3.250976E-04 -7.342724E-02  3.250976E-04  6.991205E+01  1.061003E+00  1.444152E+00  3.214439E+00  4.277769E-01
  7.000000E+02  1.474380E+01  1.314565E+01  1.803751E-01  6.995846E+01  6.996793E+01 -3.730138E-02 -4.440511E-02 -3.730138E-02  6.995721E+01  3.699346E-02 -4.440511E-02  3.699346E-02  6.995024E+01  1.065430E+00  1.442836E+00  3.043743E+00  3.728711E-01
  7.500000E+02  1.472963E+01  1.315664E+01  1.848144E-01  6.986714E+01  6.980518E+01 -7.320061E-02  4.124486E-03 -7.320061E-02  7.000966E+01  1.662380E-02  4.124486E-03  1.662380E-02  6.978658E+01  1.048662E+00  1.440848E+00  3.339556E+00  3.415055E-01
  8.000000E+02  1.473473E+01  1.315357E+01  1.830188E-01  6.992225E+01  6.989793E+01  4.301054E-02 -1.545421E-02  4.301054E-02  6.993190E+01 -1.916136E-02 -1.545421E-02 -1.916136E-02  6.993691E+01  1.054108E+00  1.444624E+00  3.204242E+00  4.162369E-01
  8.500000E+02  1.471506E+01  1.313344E+01  1.796555E-01  6.976703E+01  6.962802E+01  2.847308E-02 -8.275517E-02  2.847308E-02  6.975967E+01 -6.946009E-03 -8.275517E-02 -6.946009E-03  6.991341E+01  1.054413E+00  1.440749E+00  3.334819E+00  3.427611E-01
  9.000000E+02  1.475623E+01  1.315860E+01  1.846895E-01  6.991594E+01  6.981602E+01 -5.233083E-02  2.076438E-02 -5.233083E-02  7.001978E+01 -1.013974E-02  2.076438E-02 -1.013974E-02  6.991202E+01  1.065085E+00  1.446961E+00  3.367680E+00  3.869840E-01
  9.500000E+02  1.476298E+01  1.316340E+01  1.832345E-01  6.989819E+01  6.985141E+01 -2.239334E-02 -4.250676E-02 -2.239334E-02  6.984770E+01 -1.628459E-02 -4.250676E-02 -1.628459E-02  6.999546E+01  1.066383E+00  1.443039E+00  3.310547E+00  3.492040E-01
  1.000000E+03  1.472828E+01  1.314145E+01  1.862728E-01  6.984192E+01  6.978853E+01  4.313049E-02 -1.791981E-02  4.313049E-02  6.993280E+01 -9.200059E-02 -1.791981E-02 -9.200059E-02  6.980442E+01  1.057889E+00  1.453524E+00  3.236240E+00  4.618788E-01
  1.050000E+03  1.474357E+01  1.315531E+01  1.808817E-01  6.990136E+01  6.975979E+01 -4.540752E-02  6.888542E-02 -4.540752E-02  6.992813E+01 -3.650700E-02  6.888542E-02 -3.650700E-02  7.001616E+01  1.058838E+00  1.440760E+00  3.275518E+00  3.611167E-01
  1.100000E+03  1.473023E+01  1.314176E+01  1.859805E-01  6.989040E+01  6.982604E+01  4.552015E-02 -3.476421E-02  4.552015E-02  6.992820E+01 -1.827780E-02 -3.476421E-02 -1.827780E-02  6.991696E+01  1.058981E+00  1.456666E+00  3.183253E+00  3.813590E-01
  1.150000E+03  1.475968E+01  1.316097E+01  1.834668E-01  6.993532E+01  6.997998E+01  2.944650E-02 -5.291971E-02  2.944650E-02  6.995995E+01 -4.453976E-02 -5.291971E-02 -4.453976E-02  6.986603E+01  1.065810E+00  1.445596E+00  3.241016E+00  3.549112E-01
  1.200000E+03  1.475006E+01  1.315780E+01  1.824470E-01  6.993989E+01  6.982639E+01 -1.626954E-02  1.080572E-01 -1.626954E-02  6.993599E+01 -7.131713E-02  1.080572E-01 -7.131713E-02  7.005731E+01  1.061505E+00  1.441941E+00  3.499865E+00  3.313005E-01
  1.250000E+03  1.474941E+01  1.316684E+01  1.856173E-01  6.993136E+01  6.978931E+01  1.814747E-01  3.999091E-02  1.814747E-01  6.993434E+01  1.465675E-02  3.999091E-02  1.465675E-02  7.007043E+01  1.055048E+00  1.451069E+00  3.418279E+00  3.254374E-01
  1.300000E+03  1.475516E+01  1.315494E+01  1.857381E-01  6.980558E+01  6.978220E+01  4.484339E-02  1.761928E-02  4.484339E-02  6.985145E+01 -6.635774E-02  1.761928E-02 -6.635774E-02  6.978307E+01  1.066812E+00  1.452314E+00  3.407171E+00  3.525989E-01
  1.350000E+03  1.474445E+01  1.315414E+01  1.813614E-01  6.991244E+01  6.999137E+01  5.807898E-02 -6.323815E-02  5.807898E-02  6.981995E+01  5.500943E-03 -6.323815E-02  5.500943E-03  6.992600E+01  1.060207E+00  1.438691E+00  3.498334E+00  3.413929E-01
  1.400000E+03  1.474163E+01  1.315540E+01  1.804735E-01  6.985124E+01  6.976817E+01 -1.959390E-02  2.197990E-02 -1.959390E-02  6.989004E+01 -2.991256E-02  2.197990E-02 -2.991256E-02  6.989551E+01  1.057492E+00  1.440853E+00  3.101158E+00  3.453795E-01
  1.450000E+03  1.473637E+01  1.315528E+01  1.866949E-01  6.983902E+01  6.986800E+01 -1.301308E-01 -3.295441E-02 -1.301308E-01  6.979180E+01  3.737352E-02 -3.295441E-02  3.737352E-02  6.985727E+01  1.054061E+00  1.451357E+00  3.134366E+00  3.973790E-01
  1.500000E+03  1.472793E+01  1.314253E+01  1.811329E-01  6.990841E+01  6.989743E+01  4.137928E-02  1.774606E-02  4.137928E-02  6.988273E+01  1.217590E-01  1.774606E-02  1.217590E-01  6.994507E+01  1.056932E+00  1.444208E+00  3.208232E+00  3.485363E-01
  1.550000E+03  1.473942E+01  1.316047E+01  1.847541E-01  6.993342E+01  7.005385E+01 -9.248331E-02  7.814501E-02 -9.248331E-02  6.974886E+01  2.265741E-02  7.814501E-02  2.265741E-02  6.999755E+01  1.052632E+00  1.454490E+00  3.744003E+00  4.128471E-01
  1.600000E+03  1.473696E+01  1.315328E+01  1.814153E-01  6.994768E+01  6.993480E+01  1.403435E-02 -1.568687E-02  1.403435E-02  6.990601E+01 -9.568295E-02 -1.568687E-02 -9.568295E-02  7.000223E+01  1.055787E+00  1.438304E+00  3.121453E+00  3.611536E-01
  1.650000E+03  1.477084E+01  1.318661E+01  1.969843E-01  6.987818E+01  6.987871E+01  1.961948E-01  3.180653E-02  1.961948E-01  6.983893E+01  3.796604E-02  3.180653E-02  3.796604E-02  6.991690E+01  1.056154E+00  1.464448E+00  3.056909E+00  3.796503E-01
  1.700000E+03  1.475565E+01  1.315937E+01  1.874550E-01  6.980769E+01  6.965243E+01  2.118466E-02 -1.770410E-02  2.118466E-02  6.989593E+01 -8.145410E-02 -1.770410E-02 -8.145410E-02  6.987472E+01  1.064184E+00  1.450403E+00  3.172535E+00  3.673142E-01
  1.750000E+03  1.475316E+01  1.316588E+01  1.882434E-01  6.987793E+01  6.977946E+01 -9.839259E-02 -1.639053E-02 -9.839259E-02  6.986819E+01  3.236981E-02 -1.639053E-02  3.236981E-02  6.998612E+01  1.058186E+00  1.456581E+00  3.392951E+00  3.663986E-01
  1.800000E+03  1.475753E+01  1.316434E+01  1.845194E-01  6.980304E+01  6.965075E+01 -7.050835E-02 -1.296438E-01 -7.050835E-02  6.986737E+01  5.563604E-02 -1.296438E-01  5.563604E-02  6.989100E+01  1.062128E+00  1.447337E+00  3.212696E+00  3.747894E-01
  1.850000E+03  1.475229E+01  1.317376E+01  1.830755E-01  6.981696E+01  6.985975E+01  6.566724E-03  3.215528E-04  6.566724E-03  6.976144E+01 -1.420075E-01  3.215528E-04 -1.420075E-01  6.982970E+01  1.052359E+00  1.445220E+00  3.258142E+00  4.061352E-01
  1.900000E+03  1.476314E+01  1.316721E+01  1.834454E-01  6.994803E+01  6.985648E+01 -5.871396E-02 -1.631541E-02 -5.871396E-02  6.990896E+01 -3.588420E-02 -1.631541E-02 -3.588420E-02  7.007866E+01  1.063955E+00  1.445355E+00  3.305856E+00  3.916807E-01
  1.950000E+03  1.475954E+01  1.317021E+01  1.777976E-01  6.997163E+01  6.982492E+01  1.763521E-02 -6.967117E-02  1.763521E-02  7.003852E+01  4.821588E-02 -6.967117E-02  4.821588E-02  7.005146E+01  1.059553E+00  1.433656E+00  3.432340E+00  3.584482E-01
  2.000000E+03  1.473581E+01  1.314967E+01  1.800848E-01  6.986442E+01  6.976515E+01 -1.066774E-01  8.571986E-02 -1.066774E-01  6.996605E+01 -1.498296E-02  8.571986E-02 -1.498296E-02  6.986205E+01  1.057424E+00  1.435727E+00  3.372449E+00  3.379958E-01
  2.050000E+03  1.473528E+01  1.314814E+01  1.809098E-01  6.997780E+01  6.976422E+01  4.250557E-02  9.044155E-03  4.250557E-02  7.010559E+01  8.195449E-02  9.044155E-03  8.195449E-02  7.006359E+01  1.058096E+00  1.444267E+00  3.199769E+00  3.369134E-01
  2.100000E+03  1.473436E+01  1.315058E+01  1.848239E-01  6.976626E+01  6.969914E+01 -9.044505E-02 -3.422524E-02 -9.044505E-02  6.976167E+01  2.696617E-02 -3.422524E-02  2.696617E-02  6.983798E+01  1.055854E+00  1.442404E+00  3.151166E+00  3.653661E-01
  2.150000E+03  1.475153E+01  1.316404E+01  1.910921E-01  6.980778E+01  6.981084E+01  3.310107E-03 -8.290727E-02  3.310107E-03  6.983425E+01  7.454551E-02 -8.290727E-02  7.454551E-02  6.977824E+01  1.058325E+00  1.456638E+00  3.442187E+00  3.861411E-01
  2.200000E+03  1.475528E+01  1.316452E+01  1.841057E-01  6.993448E+01  6.987732E+01 -5.383221E-03 -6.133468E-02 -5.383221E-03  7.001077E+01 -2.087601E-02 -6.133468E-02 -2.087601E-02  6.991534E+01  1.060507E+00  1.443140E+00  2.976181E+00  3.764018E-01
  2.250000E+03  1.475050E+01  1.316940E+01  1.878153E-01  6.986205E+01  6.974661E+01  7.920632E-02  5.398348E-02  7.920632E-02  6.998787E+01  4.622035E-02  5.398348E-02  4.622035E-02  6.985168E+01  1.054071E+00  1.451397E+00  3.311984E+00  4.133432E-01
  2.300000E+03  1.475821E+01  1.316725E+01  1.854953E-01  6.991525E+01  7.009042E+01 -2.871439E-02  2.473812E-02 -2.871439E-02  6.983676E+01 -2.901492E-02  2.473812E-02 -2.901492E-02  6.981859E+01  1.060641E+00  1.447061E+00  3.106691E+00  3.279850E-01
  2.350000E+03  1.474117E+01  1.315111E+01  1.878774E-01  6.985031E+01  6.989576E+01 -1.278587E-01 -5.776823E-02 -1.278587E-01  6.982383E+01 -1.297969E-01 -5.776823E-02 -1.297969E-01  6.983133E+01  1.060037E+00  1.452216E+00  3.295835E+00  4.056662E-01
  2.400000E+03  1.475283E+01  1.316482E+01  1.837861E-01  6.990909E+01  6.978853E+01 -3.919693E-02 -3.823870E-02 -3.919693E-02  6.997397E+01  1.139703E-01 -3.823870E-02  1.139703E-01  6.996477E+01  1.058676E+00  1.452021E+00  3.129835E+00  3.861997E-01
  2.450000E+03  1.474924E+01  1.317002E+01  1.830089E-01  6.980877E+01  6.974882E+01 -9.462749E-03  8.595614E-02 -9.462749E-03  6.973282E+01  4.900745E-02  8.595614E-02  4.900745E-02  6.994466E+01  1.052811E+00  1.446143E+00  3.223908E+00  3.473737E-01
  2.500000E+03  1.473427E+01  1.314528E+01  1.807385E-01  6.992190E+01  6.987973E+01 -2.861611E-02  7.665030E-02 -2.861611E-02  6.995521E+01 -1.598572E-02  7.665030E-02 -1.598572E-02  6.993076E+01  1.059329E+00  1.440448E+00  3.147361E+00  4.269418E-01
  2.550000E+03  1.472424E+01  1.315914E+01  1.851360E-01  6.988443E+01  6.993598E+01  5.404763E-02 -5.277948E-02  5.404763E-02  6.979616E+01 -3.488931E-02 -5.277948E-02 -3.488931E-02  6.992115E+01  1.043399E+00  1.451298E+00  3.107444E+00  4.251880E-01
  2.600000E+03  1.472067E+01  1.314208E+01  1.780076E-01  6.990574E+01  6.992196E+01 -1.666304E-02 -3.349418E-02 -1.666304E-02  6.986491E+01  8.278195E-03 -3.349418E-02  8.278195E-03  6.993036E+01  1.052394E+00  1.434250E+00  3.258501E+00  4.056708E-01
  2.650000E+03  1.475673E+01  1.315960E+01  1.873187E-01  7.002245E+01  6.986927E+01  4.251322E-02  5.407411E-04  4.251322E-02  7.009688E+01 -2.954617E-02  5.407411E-04 -2.954617E-02  7.010120E+01  1.064751E+00  1.447069E+00  3.284119E+00  3.533651E-01
  2.700000E+03  1.475585E+01  1.316000E+01  1.846051E-01  6.990815E+01  6.982571E+01 -3.862459E-02  1.110040E-01 -3.862459E-02  6.990449E+01 -4.742534E-02  1.110040E-01 -4.742534E-02  6.999424E+01  1.063896E+00  1.443400E+00  3.275371E+00  3.416053E-01
  2.750000E+03  1.474188E+01  1.316765E+01  1.908092E-01  6.984422E+01  6.985958E+01  1.759589E-02  1.159808E-02  1.759589E-02  6.978116E+01 -3.452740E-02  1.159808E-02 -3.452740E-02  6.989193E+01  1.049486E+00  1.456294E+00  3.527465E+00  2.927408E-01
  2.800000E+03  1.474007E+01  1.316124E+01  1.805572E-01  6.985510E+01  6.974035E+01  7.977961E-02  1.632333E-02  7.977961E-02  6.995904E+01 -3.983926E-02  1.632333E-02 -3.983926E-02  6.986591E+01  1.052556E+00  1.437602E+00  3.051358E+00  3.493490E-01
  2.850000E+03  1.472859E+01  1.315447E+01  1.825454E-01  6.988383E+01  6.991207E+01 -6.234009E-02  3.174087E-02 -6.234009E-02  6.988956E+01 -6.096779E-02  3.174087E-02 -6.096779E-02  6.984987E+01  1.049414E+00  1.444749E+00  3.040050E+00  4.043457E-01
  2.900000E+03  1.472039E+01  1.314451E+01  1.793663E-01  6.984723E+01  6.980941E+01 -3.605310E-02  2.680261E-02 -3.605310E-02  6.991076E+01 -1.584602E-01  2.680261E-02 -1.584602E-01  6.982152E+01  1.050584E+00  1.441353E+00  3.034536E+00  3.322001E-01
  2.950000E+03  1.473197E+01  1.315126E+01  1.872416E-01  6.989257E+01  6.966880E+01 -1.203890E-01 -1.662548E-02 -1.203890E-01  6.994702E+01  9.359111E-02 -1.662548E-02  9.359111E-02  7.006189E+01  1.053810E+00  1.451275E+00  3.498138E+00  3.769360E-01
  3.000000E+03  1.473647E+01  1.316001E+01  1.882485E-01  6.977159E+01  6.967008E+01  2.611366E-03  2.989046E-02  2.611366E-03  6.984161E+01  6.070730E-02  2.989046E-02  6.070730E-02  6.980309E+01  1.050975E+00  1.454500E+00  3.178703E+00  3.859013E-01
  3.050000E+03  1.473556E+01  1.314601E+01  1.847069E-01  6.987717E+01  6.998193E+01  3.999768E-02  7.416961E-02  3.999768E-02  6.988764E+01  3.060746E-02  7.416961E-02  3.060746E-02  6.976195E+01  1.059696E+00  1.449595E+00  3.100913E+00  3.941374E-01
  3.100000E+03  1.474606E+01  1.315659E+01  1.846589E-01  6.992344E+01  6.975709E+01 -5.196085E-02  9.601105E-03 -5.196085E-02  7.002828E+01 -8.296056E-02  9.601105E-03 -8.296056E-02  6.998497E+01  1.059641E+00  1.445792E+00  3.174724E+00  4.203771E-01
  3.150000E+03  1.474909E+01  1.316224E+01  1.875045E-01  6.991758E+01  6.996061E+01 -7.357219E-02 -6.205498E-02 -7.357219E-02  6.985072E+01  5.467801E-04 -6.205498E-02  5.467801E-04  6.994141E+01  1.057894E+00  1.451334E+00  3.208580E+00  3.899885E-01
  3.200000E+03  1.474547E+01  1.315856E+01  1.807330E-01  6.987972E+01  6.981471E+01 -5.060495E-02 -5.021140E-03 -5.060495E-02  6.989943E+01  4.095709E-02 -5.021140E-03  4.095709E-02  6.992501E+01  1.057939E+00  1.438094E+00  3.075444E+00  3.181061E-01
  3.250000E+03  1.475082E+01  1.316595E+01  1.802902E-01  6.989542E+01  6.969979E+01 -1.547673E-02  3.874624E-02 -1.547673E-02  7.007404E+01 -3.198754E-02  3.874624E-02 -3.198754E-02  6.991244E+01  1.056578E+00  1.439939E+00  3.213822E+00  3.907777E-01
  3.300000E+03  1.472986E+01  1.314834E+01  1.788615E-01  6.995177E+01  6.996298E+01 -4.261181E-02 -8.822876E-02 -4.261181E-02  6.997400E+01  2.277751E-02 -8.822876E-02  2.277751E-02  6.991832E+01  1.054352E+00  1.437241E+00  3.167705E+00  4.339607E-01
  3.350000E+03  1.475520E+01  1.316436E+01  1.864559E-01  6.986874E+01  6.978667E+01 -1.349990E-02  2.489344E-02 -1.349990E-02  6.985663E+01  1.477691E-01  2.489344E-02  1.477691E-01  6.996291E+01  1.060565E+00  1.451397E+00  3.695304E+00  3.923350E-01
  3.400000E+03  1.470658E+01  1.314452E+01  1.790163E-01  6.987538E+01  6.977708E+01  8.067166E-02 -7.838874E-02  8.067166E-02  6.993560E+01  6.219110E-02 -7.838874E-02  6.219110E-02  6.991347E+01  1.041371E+00  1.437202E+00  3.263082E+00  3.574694E-01
  3.450000E+03  1.474808E+01  1.315225E+01  1.815355E-01  6.997941E+01  6.985831E+01 -5.489997E-03  5.664252E-02 -5.489997E-03  7.007192E+01  1.173138E-01  5.664252E-02  1.173138E-01  7.000799E+01  1.063881E+00  1.441488E+00  3.292873E+00  3.785679E-01
  3.500000E+03  1.476013E+01  1.316722E+01  1.827356E-01  6.991887E+01  6.983775E+01  8.172960E-02  8.792295E-02  8.172960E-02  6.989723E+01  2.111980E-02  8.792295E-02  2.111980E-02  7.002164E+01  1.061942E+00  1.443853E+00  3.423784E+00  3.177276E-01
  3.550000E+03  1.476220E+01  1.316764E+01  1.785988E-01  6.996477E+01  6.978706E+01  3.342044E-02  6.496150E-04  3.342044E-02  7.004817E+01 -1.139361E-01  6.496150E-04 -1.139361E-01  7.005909E+01  1.063042E+00  1.440006E+00  3.203915E+00  3.442678E-01
  3.600000E+03  1.473457E+01  1.315307E+01  1.840250E-01  6.990447E+01  6.975788E+01 -1.180996E-03  3.293188E-02 -1.180996E-03  6.995722E+01 -1.093196E-02  3.293188E-02 -1.093196E-02  6.999830E+01  1.054339E+00  1.446590E+00  3.220806E+00  3.570764E-01
  3.650000E+03  1.473404E+01  1.314516E+01  1.822477E-01  6.988328E+01  6.987099E+01  3.542335E-02 -3.573528E-03  3.542335E-02  6.992549E+01  7.702744E-02 -3.573528E-03  7.702744E-02  6.985335E+01  1.059254E+00  1.443808E+00  3.067360E+00  3.807862E-01
  3.700000E+03  1.475619E+01  1.316820E+01  1.858448E-01  6.981806E+01  6.966230E+01 -7.793312E-02  2.685821E-02 -7.793312E-02  6.997144E+01 -7.703201E-02  2.685821E-02 -7.703201E-02  6.982044E+01  1.058660E+00  1.447791E+00  3.560678E+00  4.249181E-01
  3.750000E+03  1.474509E+01  1.316340E+01  1.823584E-01  6.982670E+01  6.969921E+01 -3.451697E-02 -1.831582E-02 -3.451697E-02  6.990627E+01 -2.644865E-02 -1.831582E-02 -2.644865E-02  6.987464E+01  1.054463E+00  1.440024E+00  3.387837E+00  3.927925E-01
  3.800000E+03  1.471805E+01  1.312891E+01  1.813315E-01  6.991255E+01  6.984722E+01 -2.347761E-03  1.478450E-03 -2.347761E-03  6.992693E+01  9.067758E-02  1.478450E-03  9.067758E-02  6.996348E+01  1.059431E+00  1.438757E+00  3.303700E+00  3.566023E-01
  3.850000E+03  1.473780E+01  1.315023E+01  1.767837E-01  6.984185E+01  6.977803E+01  7.833136E-02  4.591978E-02  7.833136E-02  6.982740E+01 -3.859227E-02  4.591978E-02 -3.859227E-02  6.992013E+01  1.058385E+00  1.437316E+00  3.327890E+00  3.361279E-01
  3.900000E+03  1.471455E+01  1.314465E+01  1.828048E-01  6.986578E+01  6.972711E+01  8.776010E-03  1.185352E-02  8.776010E-03  6.995027E+01 -6.275054E-03  1.185352E-02 -6.275054E-03  6.991995E+01  1.046601E+00  1.441524E+00  3.064840E+00  2.818652E-01
  3.950000E+03  1.472492E+01  1.314104E+01  1.816649E-01  6.991217E+01  6.974927E+01  1.248301E-01 -9.711851E-03  1.248301E-01  7.010372E+01 -8.323676E-03 -9.711851E-03 -8.323676E-03  6.988352E+01  1.055918E+00  1.440679E+00  3.011911E+00  3.207966E-01
  4.000000E+03  1.473503E+01  1.315551E+01  1.771769E-01  6.986292E+01  6.977341E+01  3.312954E-02 -1.077608E-01  3.312954E-02  6.993848E+01 -6.333601E-02 -1.077608E-01 -6.333601E-02  6.987686E+01  1.053013E+00  1.435000E+00  3.543321E+00  2.633310E-01
  4.050000E+03  1.475344E+01  1.316642E+01  1.856262E-01  6.987292E+01  6.981570E+01  9.252048E-02 -8.120262E-02  9.252048E-02  6.983437E+01 -1.464141E-02 -8.120262E-02 -1.464141E-02  6.996870E+01  1.058014E+00  1.451763E+00  3.204172E+00  3.407769E-01
  4.100000E+03  1.475234E+01  1.317716E+01  1.852744E-01  6.990136E+01  6.982773E+01  1.092793E-01 -1.006315E-02  1.092793E-01  6.994299E+01 -1.752714E-02 -1.006315E-02 -1.752714E-02  6.993336E+01  1.050118E+00  1.449453E+00  3.127597E+00  3.995160E-01
  4.150000E+03  1.475067E+01  1.315687E+01  1.849163E-01  6.979895E+01  6.972778E+01 -1.107334E-02 -6.509480E-02 -1.107334E-02  6.984235E+01 -1.456559E-01 -6.509480E-02 -1.456559E-01  6.982673E+01  1.062530E+00  1.443215E+00  3.518051E+00  3.691549E-01
  4.200000E+03  1.473985E+01  1.316405E+01  1.910419E-01  6.982394E+01  6.977134E+01  6.696484E-03 -1.293701E-02  6.696484E-03  6.990991E+01  3.157401E-02 -1.293701E-02  3.157401E-02  6.979058E+01  1.050528E+00  1.457043E+00  3.559928E+00  3.509218E-01
  4.250000E+03  1.474599E+01  1.315752E+01  1.839660E-01  6.987082E+01  6.977036E+01  2.532878E-02 -5.449699E-02  2.532878E-02  6.990687E+01 -5.038005E-02 -5.449699E-02 -5.038005E-02  6.993522E+01  1.058974E+00  1.453724E+00  3.162016E+00  3.207177E-01
  4.300000E+03  1.475586E+01  1.316322E+01  1.843408E-01  6.983816E+01  6.988429E+01 -4.261381E-03  2.055169E-01 -4.261381E-03  6.990637E+01 -9.239003E-02  2.055169E-01 -9.239003E-02  6.972384E+01  1.061760E+00  1.446238E+00  3.147971E+00  3.071019E-01
  4.350000E+03  1.475020E+01  1.316682E+01  1.857854E-01  6.998118E+01  6.991722E+01 -1.399028E-03 -7.842610E-03 -1.399028E-03  7.006925E+01 -1.314569E-01 -7.842610E-03 -1.314569E-01  6.995708E+01  1.055585E+00  1.454542E+00  2.949233E+00  3.727805E-01
  4.400000E+03  1.473233E+01  1.315692E+01  1.797367E-01  6.991864E+01  6.993438E+01  5.786458E-02  2.126035E-02  5.786458E-02  6.998344E+01 -3.230037E-02  2.126035E-02 -3.230037E-02  6.983810E+01  1.050273E+00  1.436818E+00  3.237421E+00  3.460010E-01
  4.450000E+03  1.474498E+01  1.315406E+01  1.831208E-01  6.990592E+01  6.988981E+01 -6.859492E-02 -1.084678E-02 -6.859492E-02  6.997156E+01  7.058275E-02 -1.084678E-02  7.058275E-02  6.985639E+01  1.060614E+00  1.449138E+00  3.110463E+00  4.044839E-01
  4.500000E+03  1.475180E+01  1.316428E+01  1.863261E-01  6.990192E+01  6.995089E+01 -7.875631E-02 -2.755804E-02 -7.875631E-02  6.989881E+01 -8.171492E-02 -2.755804E-02 -8.171492E-02  6.985606E+01  1.058342E+00  1.449393E+00  3.536504E+00  4.130939E-01
  4.550000E+03  1.472681E+01  1.314991E+01  1.796920E-01  6.987741E+01  6.986404E+01  8.814419E-02 -5.062714E-02  8.814419E-02  6.992487E+01  1.939610E-02 -5.062714E-02  1.939610E-02  6.984332E+01  1.051269E+00  1.442519E+00  3.182550E+00  3.610049E-01
  4.600000E+03  1.476835E+01  1.316691E+01  1.885396E-01  6.992230E+01  6.981354E+01 -2.006483E-02  1.075550E-01 -2.006483E-02  6.995391E+01  9.050897E-03  1.075550E-01  9.050897E-03  6.999946E+01  1.067629E+00  1.449868E+00  3.273427E+00  3.401497E-01
  4.650000E+03  1.473169E+01  1.314640E+01  1.833728E-01  6.987938E+01  6.983683E+01 -6.429108E-02  7.673266E-02 -6.429108E-02  6.983920E+01  2.352108E-02  7.673266E-02  2.352108E-02  6.996210E+01  1.056859E+00  1.443224E+00  3.141113E+00  4.098703E-01
  4.700000E+03  1.473693E+01  1.314976E+01  1.862253E-01  6.983009E+01  6.979555E+01  5.374504E-02  9.549335E-02  5.374504E-02  6.986666E+01 -9.556109E-03  9.549335E-02 -9.556109E-03  6.982807E+01  1.058113E+00  1.449699E+00  3.475031E+00  3.512315E-01
  4.750000E+03  1.473552E+01  1.315643E+01  1.879410E-01  6.987326E+01  6.978251E+01 -2.827962E-02  5.539954E-02 -2.827962E-02  6.988731E+01  5.441553E-02  5.539954E-02  5.441553E-02  6.994997E+01  1.052731E+00  1.453431E+00  3.456825E+00  4.099194E-01
  4.800000E+03  1.473893E+01  1.315358E+01  1.794970E-01  6.997528E+01  7.000974E+01 -1.140311E-02 -5.945535E-02 -1.140311E-02  6.987753E+01 -8.842879E-02 -5.945535E-02 -8.842879E-02  7.003857E+01  1.056895E+00  1.446183E+00  3.159591E+00  2.403552E-01
  4.850000E+03  1.475018E+01  1.316502E+01  1.836082E-01  6.994368E+01  6.984439E+01 -3.227690E-02 -8.078261E-02 -3.227690E-02  7.002355E+01  2.953799E-02 -8.078261E-02  2.953799E-02  6.996309E+01  1.056775E+00  1.440269E+00  3.244325E+00  3.530098E-01
  4.900000E+03  1.474746E+01  1.316347E+01  1.833947E-01  6.988231E+01  6.987093E+01  1.476936E-02 -1.372650E-01  1.476936E-02  6.991682E+01 -8.984812E-03 -1.372650E-01 -8.984812E-03  6.985919E+01  1.055990E+00  1.440788E+00  3.271477E+00  4.281527E-01
  4.950000E+03  1.473846E+01  1.314796E+01  1.848025E-01  6.990005E+01  6.989138E+01 -5.388097E-02  7.365856E-04 -5.388097E-02  6.992204E+01 -4.667627E-02  7.365856E-04 -4.667627E-02  6.988672E+01  1.060336E+00  1.444624E+00  3.438241E+00  4.163840E-01
  5.000000E+03  1.476573E+01  1.316473E+01  1.894833E-01  6.985406E+01  6.978051E+01  3.699951E-02 -9.223223E-03  3.699951E-02  6.987143E+01  3.543833E-02 -9.223223E-03  3.543833E-02  6.991023E+01  1.067337E+00  1.457200E+00  3.427156E+00  3.887884E-01
  5.050000E+03  1.474602E+01  1.315170E+01  1.882715E-01  6.990678E+01  6.985608E+01 -4.948796E-02  9.768159E-02 -4.948796E-02  6.992715E+01 -2.608985E-02  9.768159E-02 -2.608985E-02  6.993711E+01  1.062879E+00  1.454257E+00  3.451888E+00  3.454872E-01
  5.100000E+03  1.474382E+01  1.315598E+01  1.884943E-01  6.982059E+01  6.984048E+01 -7.266926E-02 -5.659455E-02 -7.266926E-02  6.974063E+01  1.259320E-02 -5.659455E-02  1.259320E-02  6.988067E+01  1.058564E+00  1.458915E+00  3.192679E+00  4.099832E-01
  5.150000E+03  1.472805E+01  1.313971E+01  1.821118E-01  6.999018E+01  6.995550E+01  1.624788E-01  4.517247E-02  1.624788E-01  6.999650E+01 -3.025450E-02  4.517247E-02 -3.025450E-02  7.001855E+01  1.058895E+00  1.444739E+00  3.200158E+00  3.421746E-01
  5.200000E+03  1.476569E+01  1.316810E+01  1.867207E-01  6.997175E+01  6.993001E+01 -1.422402E-02 -1.038711E-02 -1.422402E-02  7.006598E+01  1.954350E-02 -1.038711E-02  1.954350E-02  6.991926E+01  1.065060E+00  1.447973E+00  3.269486E+00  3.697689E-01
  5.250000E+03  1.474286E+01  1.314458E+01  1.820140E-01  7.004231E+01  6.979215E+01  6.659565E-02  4.005493E-02  6.659565E-02  7.015213E+01 -8.368699E-02  4.005493E-02 -8.368699E-02  7.018266E+01  1.065515E+00  1.442599E+00  3.260917E+00  3.573854E-01
  5.300000E+03  1.476297E+01  1.318156E+01  1.913967E-01  6.988409E+01  6.979032E+01  5.881381E-02 -4.579749E-02  5.881381E-02  6.990641E+01  1.134402E-01 -4.579749E-02  1.134402E-01  6.995554E+01  1.054272E+00  1.457950E+00  3.150790E+00  3.343140E-01
  5.350000E+03  1.474313E+01  1.316085E+01  1.849934E-01  6.978075E+01  6.971037E+01 -8.088878E-02 -3.886289E-02 -8.088878E-02  6.983716E+01 -5.328262E-02 -3.886289E-02 -5.328262E-02  6.979473E+01  1.054848E+00  1.449352E+00  3.204932E+00  3.167659E-01
  5.400000E+03  1.476563E+01  1.317270E+01  1.880474E-01  6.968064E+01  6.952814E+01  6.372280E-03  6.661313E-02  6.372280E-03  6.981298E+01 -4.236477E-02  6.661313E-02 -4.236477E-02  6.970079E+01  1.061953E+00  1.455096E+00  3.123106E+00  4.428301E-01
  5.450000E+03  1.472165E+01  1.314309E+01  1.861580E-01  6.985171E+01  6.974466E+01  1.195173E-02 -4.457332E-02  1.195173E-02  6.983627E+01 -6.058527E-02 -4.457332E-02 -6.058527E-02  6.997420E+01  1.052376E+00  1.451870E+00  3.247627E+00  3.405938E-01
  5.500000E+03  1.474323E+01  1.316009E+01  1.880677E-01  6.979979E+01  6.968128E+01 -6.265190E-02 -5.103811E-03 -6.265190E-02  6.982751E+01 -3.942971E-02 -5.103811E-03 -3.942971E-02  6.989058E+01  1.055422E+00  1.449135E+00  3.234915E+00  3.609484E-01
  5.550000E+03  1.474011E+01  1.315884E+01  1.869070E-01  7.002294E+01  7.000613E+01 -9.925640E-02  5.456417E-02 -9.925640E-02  6.990673E+01  2.958657E-02  5.456417E-02  2.958657E-02  7.015597E+01  1.054177E+00  1.455331E+00  3.261278E+00  3.896139E-01
  5.600000E+03  1.474804E+01  1.315827E+01  1.830040E-01  6.993393E+01  6.991565E+01 -4.450420E-02 -3.794600E-02 -4.450420E-02  7.001610E+01  4.776905E-02 -3.794600E-02  4.776905E-02  6.987005E+01  1.059845E+00  1.442413E+00  3.359840E+00  3.544313E-01
  5.650000E+03  1.473133E+01  1.315164E+01  1.842086E-01  6.981845E+01  6.983756E+01  7.066788E-03 -2.982139E-03  7.066788E-03  6.978348E+01 -7.897325E-02 -2.982139E-03 -7.897325E-02  6.983431E+01  1.053130E+00  1.446499E+00  3.126954E+00  3.250637E-01
  5.700000E+03  1.475187E+01  1.316956E+01  1.812591E-01  6.993352E+01  6.989927E+01 -2.843334E-02  1.014654E-01 -2.843334E-02  6.994367E+01 -1.271434E-01  1.014654E-01 -1.271434E-01  6.995761E+01  1.054877E+00  1.439301E+00  3.496749E+00  3.882644E-01
  5.750000E+03  1.474273E+01  1.314696E+01  1.850788E-01  6.989200E+01  6.980711E+01  2.966005E-02  3.475184E-02  2.966005E-02  6.993375E+01 -6.530396E-03  3.475184E-02 -6.530396E-03  6.993514E+01  1.063849E+00  1.449819E+00  3.106526E+00  4.159051E-01
  5.800000E+03  1.473822E+01  1.316770E+01  1.870019E-01  6.981961E+01  6.964201E+01 -6.784583E-05 -3.674466E-02 -6.784583E-05  6.992419E+01  1.738008E-02 -3.674466E-02  1.738008E-02  6.989264E+01  1.047011E+00  1.449184E+00  3.392050E+00  4.593078E-01
  5.850000E+03  1.473803E+01  1.315714E+01  1.908720E-01  6.983091E+01  6.972559E+01 -6.477269E-02 -3.193101E-02 -6.477269E-02  6.987161E+01  1.924023E-02 -3.193101E-02  1.924023E-02  6.989552E+01  1.053931E+00  1.456713E+00  3.316972E+00  3.811479E-01
  5.900000E+03  1.475163E+01  1.315527E+01  1.796772E-01  6.990387E+01  6.976104E+01  7.342565E-03  1.428037E-01  7.342565E-03  7.001989E+01  3.380916E-02  1.428037E-01  3.380916E-02  6.993068E+01  1.064239E+00  1.439660E+00  3.093389E+00  3.749586E-01
  5.950000E+03  1.474243E+01  1.315010E+01  1.811215E-01  6.989007E+01  6.963317E+01  4.045006E-02  2.951391E-02  4.045006E-02  6.996494E+01  7.497428E-02  2.951391E-02  7.497428E-02  7.007209E+01  1.061554E+00  1.443036E+00  3.191925E+00  3.308613E-01
  6.000000E+03  1.473615E+01  1.315085E+01  1.832608E-01  6.978943E+01  6.971728E+01 -4.291106E-02  6.109569E-02 -4.291106E-02  6.980882E+01 -3.195125E-02  6.109569E-02 -3.195125E-02  6.984219E+01  1.056865E+00  1.441597E+00  3.193678E+00  3.551922E-01
  6.050000E+03  1.473604E+01  1.314273E+01  1.845480E-01  6.978745E+01  6.974504E+01 -3.174244E-02 -1.046559E-02 -3.174244E-02  6.985249E+01  3.400041E-02 -1.046559E-02  3.400041E-02  6.976483E+01  1.062202E+00  1.450794E+00  3.265595E+00  3.839509E-01
  6.100000E+03  1.473005E+01  1.315855E+01  1.872814E-01  6.981110E+01  6.982992E+01  1.670231E-02  3.177354E-02  1.670231E-02  6.985336E+01  6.473653E-02  3.177354E-02  6.473653E-02  6.975001E+01  1.047667E+00  1.458968E+00  3.132626E+00  3.627585E-01
  6.150000E+03  1.474077E+01  1.316028E+01  1.793459E-01  6.983041E+01  6.987577E+01  1.433826E-01  9.766879E-02  1.433826E-01  6.979068E+01  2.835085E-03  9.766879E-02  2.835085E-03  6.982477E+01  1.053660E+00  1.437311E+00  3.372421E+00  3.519263E-01
  6.200000E+03  1.473642E+01  1.315963E+01  1.834156E-01  6.984113E+01  6.976171E+01 -5.150703E-02  3.158881E-02 -5.150703E-02  6.980044E+01 -6.537133E-02  3.158881E-02 -6.537133E-02  6.996125E+01  1.051197E+00  1.444458E+00  3.428748E+00  3.641847E-01
  6.250000E+03  1.471125E+01  1.313957E+01  1.776309E-01  6.987922E+01  6.983060E+01 -4.537834E-02  3.583937E-02 -4.537834E-02  6.985105E+01 -1.062571E-02  3.583937E-02 -1.062571E-02  6.995600E+01  1.047784E+00  1.432163E+00  3.150330E+00  3.746287E-01
  6.300000E+03  1.472193E+01  1.315414E+01  1.771667E-01  6.982386E+01  6.976044E+01 -3.066791E-02 -7.318078E-02 -3.066791E-02  6.981831E+01 -2.481487E-02 -7.318078E-02 -2.481487E-02  6.989281E+01  1.045194E+00  1.436416E+00  3.131970E+00  3.760751E-01
  6.350000E+03  1.476080E+01  1.315211E+01  1.807159E-01  6.993123E+01  6.983341E+01 -2.650778E-02 -3.678158E-02 -2.650778E-02  6.999144E+01 -2.018285E-02 -3.678158E-02 -2.018285E-02  6.996885E+01  1.072463E+00  1.440926E+00  3.346943E+00  3.691094E-01
  6.400000E+03  1.473999E+01  1.315415E+01  1.839558E-01  6.987216E+01  6.980956E+01  5.899980E-02 -8.763456E-03  5.899980E-02  6.976792E+01  1.801680E-02 -8.763456E-03  1.801680E-02  7.003899E+01  1.057227E+00  1.444407E+00  3.106320E+00  3.757412E-01
  6.450000E+03  1.471428E+01  1.315143E+01  1.824875E-01  6.985230E+01  6.974238E+01  1.925828E-02 -6.968588E-02  1.925828E-02  6.995845E+01  4.453229E-02 -6.968588E-02  4.453229E-02  6.985607E+01  1.041900E+00  1.445981E+00  3.386284E+00  3.551037E-01
  6.500000E+03  1.475873E+01  1.316221E+01  1.869443E-01  6.994570E+01  6.989194E+01  2.967464E-02  1.061563E-01  2.967464E-02  6.991351E+01 -2.089383E-04  1.061563E-01 -2.089383E-04  7.003166E+01  1.064347E+00  1.442448E+00  3.184571E+00  3.431518E-01
  6.550000E+03  1.475060E+01  1.316225E+01  1.829418E-01  6.993722E+01  6.995511E+01  5.685389E-02 -6.417662E-02  5.685389E-02  6.991234E+01  8.035290E-02 -6.417662E-02  8.035290E-02  6.994423E+01  1.058897E+00  1.437649E+00  3.607686E+00  3.065167E-01
  6.600000E+03  1.476072E+01  1.315656E+01  1.816309E-01  7.003697E+01  7.003486E+01  4.581531E-02  5.916447E-02  4.581531E-02  7.007126E+01  1.368445E-02  5.916447E-02  1.368445E-02  7.000479E+01  1.069441E+00  1.437029E+00  3.262476E+00  3.467595E-01
  6.650000E+03  1.475740E+01  1.317076E+01  1.807539E-01  6.992860E+01  6.983331E+01 -5.761275E-02 -1.727868E-03 -5.761275E-02  6.996520E+01 -2.786914E-02 -1.727868E-03 -2.786914E-02  6.998730E+01  1.057764E+00  1.438199E+00  3.020888E+00  4.223281E-01
  6.700000E+03  1.477043E+01  1.316418E+01  1.850034E-01  6.996782E+01  6.988283E+01  8.661485E-03 -6.490624E-02  8.661485E-03  7.006485E+01 -4.337489E-02 -6.490624E-02 -4.337489E-02  6.995578E+01  1.070833E+00  1.448731E+00  3.067789E+00  3.593980E-01
  6.750000E+03  1.474776E+01  1.316367E+01  1.857995E-01  6.989618E+01  6.981583E+01 -5.389009E-02 -1.420063E-01 -5.389009E-02  6.983638E+01 -4.052621E-02 -1.420063E-01 -4.052621E-02  7.003634E+01  1.056057E+00  1.443380E+00  3.403286E+00  3.813523E-01
  6.800000E+03  1.473816E+01  1.315392E+01  1.834754E-01  6.991989E+01  6.986149E+01 -1.583051E-01  1.947339E-02 -1.583051E-01  6.993396E+01  4.832043E-02  1.947339E-02  4.832043E-02  6.996423E+01  1.056160E+00  1.444933E+00  3.182470E+00  3.624099E-01
  6.850000E+03  1.474356E+01  1.315566E+01  1.897442E-01  6.983096E+01  6.968502E+01 -2.964874E-02  1.761198E-02 -2.964874E-02  6.989324E+01 -2.089396E-02  1.761198E-02 -2.089396E-02  6.991463E+01  1.058605E+00  1.452270E+00  3.572178E+00  3.662944E-01
  6.900000E+03  1.474670E+01  1.315999E+01  1.874837E-01  6.988043E+01  6.981045E+01 -1.163794E-02  4.881900E-02 -1.163794E-02  6.990952E+01  5.423091E-02  4.881900E-02  5.423091E-02  6.992134E+01  1.057802E+00  1.451964E+00  3.566993E+00  3.544709E-01
  6.950000E+03  1.475034E+01  1.317049E+01  1.874441E-01  6.990651E+01  6.974914E+01 -1.617912E-02  8.026537E-02 -1.617912E-02  6.990315E+01  1.610934E-02  8.026537E-02  1.610934E-02  7.006723E+01  1.053237E+00  1.445622E+00  3.079152E+00  3.848098E-01
  7.000000E+03  1.472036E+01  1.314544E+01  1.855007E-01  6.974373E+01  6.975487E+01  2.173540E-02 -1.805844E-02  2.173540E-02  6.976043E+01 -2.022535E-02 -1.805844E-02 -2.022535E-02  6.971588E+01  1.049946E+00  1.451321E+00  3.294149E+00  3.835975E-01
  7.050000E+03  1.473784E+01  1.314337E+01  1.860233E-01  6.987138E+01  6.974605E+01  2.365656E-02 -1.232098E-01  2.365656E-02  6.988860E+01  9.847132E-02 -1.232098E-01  9.847132E-02  6.997949E+01  1.062984E+00  1.454166E+00  3.161790E+00  3.068010E-01
  7.100000E+03  1.473280E+01  1.314740E+01  1.811132E-01  6.992120E+01  6.993859E+01  6.262546E-02  5.150599E-02  6.262546E-02  6.998073E+01 -8.289032E-02  5.150599E-02 -8.289032E-02  6.984427E+01  1.056935E+00  1.440920E+00  3.104375E+00  2.928778E-01
  7.150000E+03  1.473551E+01  1.315620E+01  1.832569E-01  6.983080E+01  6.981621E+01  7.462626E-03  1.112783E-02  7.462626E-03  6.971833E+01 -5.103993E-02  1.112783E-02 -5.103993E-02  6.995787E+01  1.052878E+00  1.443432E+00  3.231927E+00  3.223454E-01
  7.200000E+03  1.473353E+01  1.314739E+01  1.821735E-01  6.994078E+01  6.992521E+01  1.010436E-02 -9.102727E-02  1.010436E-02  6.990067E+01  1.358846E-02 -9.102727E-02  1.358846E-02  6.999646E+01  1.057429E+00  1.438355E+00  3.384486E+00  3.779934E-01
  7.250000E+03  1.472794E+01  1.314926E+01  1.795715E-01  6.989747E+01  6.986167E+01  1.748887E-01 -4.511195E-02  1.748887E-01  6.993107E+01 -3.987137E-02 -4.511195E-02 -3.987137E-02  6.989966E+01  1.052452E+00  1.438860E+00  3.276244E+00  3.901693E-01
  7.300000E+03  1.475858E+01  1.316918E+01  1.868038E-01  6.985302E+01  6.965706E+01 -1.451376E-02 -7.504146E-02 -1.451376E-02  6.990314E+01  1.190536E-01 -7.504146E-02  1.190536E-01  6.999886E+01  1.059599E+00  1.449778E+00  3.146737E+00  3.810571E-01
  7.350000E+03  1.475546E+01  1.317634E+01  1.872358E-01  6.989620E+01  6.987010E+01 -5.861217E-02  3.620286E-03 -5.861217E-02  6.986767E+01  1.199344E-02  3.620286E-03  1.199344E-02  6.995083E+01  1.052745E+00  1.451549E+00  3.141759E+00  3.915386E-01
  7.400000E+03  1.475796E+01  1.316518E+01  1.861485E-01  6.983927E+01  6.977727E+01 -6.249318E-03 -2.791109E-02 -6.249318E-03  6.991800E+01  3.132208E-02 -2.791109E-02  3.132208E-02  6.982253E+01  1.061855E+00  1.449529E+00  3.398062E+00  3.705375E-01
  7.450000E+03  1.472138E+01  1.314058E+01  1.812811E-01  6.989953E+01  6.993508E+01  5.350138E-02 -2.706350E-02  5.350138E-02  6.989855E+01 -9.606180E-02 -2.706350E-02 -9.606180E-02  6.986495E+01  1.053869E+00  1.443229E+00  3.354255E+00  3.351390E-01
  7.500000E+03  1.472927E+01  1.315688E+01  1.835191E-01  6.989827E+01  6.974236E+01  8.603688E-02  5.776806E-02  8.603688E-02  6.997094E+01 -3.773743E-04  5.776806E-02 -3.773743E-04  6.998152E+01  1.048260E+00  1.451470E+00  3.124416E+00  4.243204E-01
  7.550000E+03  1.474569E+01  1.315709E+01  1.850073E-01  6.995197E+01  6.997581E+01  8.481607E-02  3.815945E-02  8.481607E-02  7.001766E+01  3.232977E-02  3.815945E-02  3.232977E-02  6.986243E+01  1.059062E+00  1.447008E+00  3.347781E+00  3.535068E-01
  7.600000E+03  1.475684E+01  1.316350E+01  1.853426E-01  6.990785E+01  6.985774E+01  1.146832E-01  4.399526E-02  1.146832E-01  6.996161E+01  1.384141E-03  4.399526E-02  1.384141E-03  6.990421E+01  1.062222E+00  1.448507E+00  3.135846E+00  4.344760E-01
  7.650000E+03  1.474057E+01  1.315575E+01  1.881474E-01  6.979780E+01  6.973553E+01 -2.368740E-02 -2.159167E-02 -2.368740E-02  6.986820E+01  6.049722E-02 -2.159167E-02  6.049722E-02  6.978968E+01  1.056551E+00  1.450763E+00  3.541819E+00  4.081090E-01
  7.700000E+03  1.476933E+01  1.317422E+01  1.853016E-01  6.988061E+01  6.990591E+01 -5.743137E-02 -9.958887E-02 -5.743137E-02  6.987172E+01  6.360210E-03 -9.958887E-02  6.360210E-03  6.986418E+01  1.063405E+00  1.446712E+00  2.977098E+00  3.828623E-01
  7.750000E+03  1.474081E+01  1.315646E+01  1.815053E-01  6.991823E+01  6.975565E+01 -9.177900E-02  8.086045E-02 -9.177900E-02  7.007485E+01  2.060087E-02  8.086045E-02  2.060087E-02  6.992420E+01  1.056233E+00  1.445814E+00  3.203069E+00  2.798588E-01
  7.800000E+03  1.474067E+01  1.315939E+01  1.861291E-01  6.990038E+01  6.983485E+01  2.270656E-02 -7.438500E-03  2.270656E-02  6.982528E+01 -4.389966E-02 -7.438500E-03 -4.389966E-02  7.004101E+01  1.054188E+00  1.451770E+00  3.445703E+00  3.740808E-01
  7.850000E+03  1.473599E+01  1.314814E+01  1.860603E-01  6.984396E+01  6.976767E+01 -3.897248E-02  4.715930E-02 -3.897248E-02  6.985511E+01  1.039123E-01  4.715930E-02  1.039123E-01  6.990911E+01  1.058567E+00  1.452149E+00  3.291043E+00  3.481792E-01
  7.900000E+03  1.471252E+01  1.314882E+01  1.841947E-01  6.974695E+01  6.974522E+01 -1.403286E-02  3.198701E-02 -1.403286E-02  6.978598E+01 -5.573572E-02  3.198701E-02 -5.573572E-02  6.970964E+01  1.042465E+00  1.446683E+00  3.233365E+00  3.408532E-01
  7.950000E+03  1.473204E+01  1.315125E+01  1.887471E-01  6.986626E+01  6.980948E+01 -7.083807E-03 -3.123703E-02 -7.083807E-03  6.992213E+01  7.929323E-05 -3.123703E-02  7.929323E-05  6.986715E+01  1.053860E+00  1.453024E+00  3.143010E+00  4.039591E-01
  8.000000E+03  1.474391E+01  1.316113E+01  1.884297E-01  6.989116E+01  6.972326E+01 -2.695686E-02 -3.536960E-02 -2.695686E-02  6.997925E+01 -2.713978E-02 -3.536960E-02 -2.713978E-02  6.997097E+01  1.055186E+00  1.448556E+00  3.522111E+00  4.188933E-01
  8.050000E+03  1.473103E+01  1.314853E+01  1.817934E-01  6.994502E+01  6.982795E+01 -2.666867E-02 -1.217135E-02 -2.666867E-02  7.000330E+01 -7.615278E-02 -1.217135E-02 -7.615278E-02  7.000382E+01  1.055000E+00  1.445108E+00  3.170193E+00  3.385630E-01
  8.100000E+03  1.472699E+01  1.315020E+01  1.852419E-01  6.992906E+01  6.983962E+01 -8.740788E-02 -1.483067E-02 -8.740788E-02  7.000868E+01  1.230545E-01 -1.483067E-02  1.230545E-01  6.993888E+01  1.051190E+00  1.448721E+00  3.212682E+00  4.362024E-01
  8.150000E+03  1.474309E+01  1.315757E+01  1.893109E-01  6.981693E+01  6.982791E+01  1.224504E-02 -1.313556E-02  1.224504E-02  6.968098E+01 -1.426516E-02 -1.313556E-02 -1.426516E-02  6.994190E+01  1.057016E+00  1.463772E+00  3.156255E+00  3.852534E-01
  8.200000E+03  1.474550E+01  1.315999E+01  1.894120E-01  6.996532E+01  7.000150E+01 -2.663025E-02  9.152203E-03 -2.663025E-02  6.987925E+01  8.666021E-02  9.152203E-03  8.666021E-02  7.001521E+01  1.057006E+00  1.452605E+00  3.101181E+00  3.706412E-01
  8.250000E+03  1.472666E+01  1.314261E+01  1.837550E-01  6.986762E+01  6.981375E+01 -5.507078E-02  1.006379E-01 -5.507078E-02  6.992166E+01  4.082247E-02  1.006379E-01  4.082247E-02  6.986746E+01  1.056035E+00  1.452571E+00  3.137724E+00  3.652689E-01
  8.300000E+03  1.476370E+01  1.317059E+01  1.894503E-01  6.978762E+01  6.982001E+01  4.280591E-02  9.624038E-02  4.280591E-02  6.989542E+01 -7.601906E-02  9.624038E-02 -7.601906E-02  6.964744E+01  1.062073E+00  1.453277E+00  3.287505E+00  3.900142E-01
  8.350000E+03  1.475001E+01  1.315616E+01  1.928180E-01  6.984668E+01  6.983289E+01  8.310190E-02  4.128046E-02  8.310190E-02  6.979212E+01  3.296287E-02  4.128046E-02  3.296287E-02  6.991502E+01  1.062566E+00  1.460073E+00  3.369327E+00  3.599734E-01
  8.400000E+03  1.474767E+01  1.315449E+01  1.897668E-01  6.981905E+01  6.974014E+01  3.706046E-02 -8.744813E-02  3.706046E-02  6.985486E+01 -1.714165E-02 -8.744813E-02 -1.714165E-02  6.986215E+01  1.062118E+00  1.450976E+00  3.310642E+00  3.457168E-01
  8.450000E+03  1.474533E+01  1.316910E+01  1.859015E-01  6.977900E+01  6.972493E+01  9.661410E-02  4.287015E-02  9.661410E-02  6.991587E+01 -4.433868E-02  4.287015E-02 -4.433868E-02  6.969619E+01  1.050821E+00  1.446439E+00  3.545523E+00  3.389039E-01
  8.500000E+03  1.473107E+01  1.315425E+01  1.830132E-01  6.981701E+01  6.975382E+01  1.157031E-01  1.270962E-01  1.157031E-01  6.985332E+01  3.412219E-02  1.270962E-01  3.412219E-02  6.984388E+01  1.051213E+00  1.446527E+00  3.109360E+00  4.096773E-01
  8.550000E+03  1.472524E+01  1.314442E+01  1.805682E-01  6.984099E+01  6.986640E+01 -7.255924E-02 -1.102378E-02 -7.255924E-02  6.982476E+01  9.184916E-02 -1.102378E-02  9.184916E-02  6.983182E+01  1.053880E+00  1.440618E+00  3.357657E+00  3.594594E-01
  8.600000E+03  1.472719E+01  1.314863E+01  1.844317E-01  6.989441E+01  6.982924E+01  2.501190E-02  3.577245E-03  2.501190E-02  6.998729E+01 -1.620681E-03  3.577245E-03 -1.620681E-03  6.986670E+01  1.052367E+00  1.445339E+00  3.242194E+00  3.646192E-01
  8.650000E+03  1.475187E+01  1.316388E+01  1.902470E-01  6.983439E+01  6.982644E+01 -6.136535E-02 -6.285809E-02 -6.136535E-02  6.984012E+01  4.644254E-02 -6.285809E-02  4.644254E-02  6.983662E+01  1.058660E+00  1.454817E+00  3.131642E+00  3.283175E-01
  8.700000E+03  1.474944E+01  1.315817E+01  1.843693E-01  6.988382E+01  6.991027E+01 -2.755769E-02 -1.848408E-02 -2.755769E-02  6.982503E+01  1.594721E-02 -1.848408E-02  1.594721E-02  6.991617E+01  1.060842E+00  1.444653E+00  3.159439E+00  3.819166E-01
  8.750000E+03  1.472953E+01  1.314443E+01  1.849167E-01  6.986483E+01  6.981224E+01 -2.302389E-02  3.590092E-02 -2.302389E-02  6.984200E+01 -6.910057E-02  3.590092E-02 -6.910057E-02  6.994025E+01  1.056730E+00  1.449935E+00  2.964518E+00  4.046000E-01
  8.800000E+03  1.474321E+01  1.315539E+01  1.875089E-01  6.978719E+01  6.980088E+01 -2.898894E-03 -1.694767E-01 -2.898894E-03  6.975375E+01  7.860800E-02 -1.694767E-01  7.860800E-02  6.980693E+01  1.058545E+00  1.455756E+00  3.092621E+00  2.892418E-01
  8.850000E+03  1.477102E+01  1.316369E+01  1.848607E-01  6.988517E+01  6.988851E+01 -1.697803E-02  6.763183E-02 -1.697803E-02  6.989664E+01 -3.961244E-02  6.763183E-02 -3.961244E-02  6.987037E+01  1.071552E+00  1.448471E+00  3.097760E+00  4.020745E-01
  8.900000E+03  1.474287E+01  1.316175E+01  1.886416E-01  6.993374E+01  6.993695E+01 -1.147309E-02 -8.865456E-04 -1.147309E-02  6.991329E+01 -1.306981E-01 -8.865456E-04 -1.306981E-01  6.995097E+01  1.054078E+00  1.451353E+00  3.327348E+00  3.431789E-01
  8.950000E+03  1.476487E+01  1.316812E+01  1.842111E-01  7.001250E+01  7.003193E+01  8.098395E-02  6.651169E-02  8.098395E-02  6.991097E+01 -3.877515E-03  6.651169E-02 -3.877515E-03  7.009459E+01  1.064497E+00  1.444894E+00  3.065210E+00  3.446104E-01
  9.000000E+03  1.474430E+01  1.315402E+01  1.845639E-01  6.982793E+01  6.964281E+01  6.886963E-02 -2.539937E-02  6.886963E-02  6.992637E+01  2.657102E-02 -2.539937E-02  2.657102E-02  6.991461E+01  1.060187E+00  1.449158E+00  3.155855E+00  3.278009E-01
  9.050000E+03  1.475194E+01  1.315683E+01  1.908504E-01  6.989097E+01  6.998639E+01  1.054542E-01 -1.883745E-02  1.054542E-01  6.983115E+01 -4.191128E-02 -1.883745E-02 -4.191128E-02  6.985538E+01  1.063409E+00  1.461146E+00  3.416566E+00  3.408027E-01
  9.100000E+03  1.473120E+01  1.314950E+01  1.851909E-01  6.988563E+01  6.988694E+01 -3.713113E-02 -5.710406E-03 -3.713113E-02  6.990461E+01  1.544329E-03 -5.710406E-03  1.544329E-03  6.986533E+01  1.054469E+00  1.443363E+00  3.130453E+00  3.981474E-01
  9.150000E+03  1.472597E+01  1.316015E+01  1.809258E-01  6.976232E+01  6.971592E+01  7.833753E-03 -4.305970E-02  7.833753E-03  6.985143E+01 -1.981809E-02 -4.305970E-02 -1.981809E-02  6.971962E+01  1.043879E+00  1.445008E+00  3.384670E+00  3.756771E-01
  9.200000E+03  1.475994E+01  1.316319E+01  1.866123E-01  6.981253E+01  6.967843E+01  2.948394E-03  1.170989E-02  2.948394E-03  6.985232E+01 -2.909154E-02  1.170989E-02 -2.909154E-02  6.990685E+01  1.064502E+00  1.449050E+00  3.270964E+00  3.556651E-01
  9.250000E+03  1.475768E+01  1.317393E+01  1.853646E-01  6.984257E+01  6.979055E+01 -1.042078E-01  5.229264E-02 -1.042078E-01  6.998304E+01  5.346211E-02  5.229264E-02  5.346211E-02  6.975411E+01  1.055831E+00  1.450555E+00  3.280011E+00  3.648975E-01
  9.300000E+03  1.471844E+01  1.313735E+01  1.848528E-01  6.989812E+01  6.979168E+01 -6.639793E-02  3.808403E-02 -6.639793E-02  7.004340E+01 -1.201655E-01  3.808403E-02 -1.201655E-01  6.985928E+01  1.054062E+00  1.449005E+00  3.413530E+00  3.995173E-01
  9.350000E+03  1.474503E+01  1.314937E+01  1.823927E-01  6.988120E+01  6.982510E+01  1.177729E-01  3.756194E-02  1.177729E-01  6.988388E+01 -3.916293E-02  3.756194E-02 -3.916293E-02  6.993462E+01  1.063770E+00  1.444288E+00  3.193828E+00  3.837800E-01
  9.400000E+03  1.474506E+01  1.316447E+01  1.806444E-01  6.992840E+01  6.985578E+01  4.990368E-02 -5.332775E-02  4.990368E-02  7.008978E+01  2.335253E-02 -5.332775E-02  2.335253E-02  6.983964E+01  1.053726E+00  1.436312E+00  3.076758E+00  3.990717E-01
  9.450000E+03  1.474296E+01  1.315907E+01  1.852110E-01  6.990746E+01  6.993242E+01  1.818913E-02 -2.610594E-02  1.818913E-02  6.990812E+01 -4.034154E-02 -2.610594E-02 -4.034154E-02  6.988184E+01  1.055925E+00  1.446299E+00  3.337815E+00  4.597849E-01
  9.500000E+03  1.472756E+01  1.315037E+01  1.789368E-01  6.984793E+01  6.978612E+01 -1.987214E-02  2.325554E-03 -1.987214E-02  6.992432E+01  1.789048E-01  2.325554E-03  1.789048E-01  6.983334E+01  1.051461E+00  1.438974E+00  3.518852E+00  3.782879E-01
  9.550000E+03  1.475749E+01  1.316420E+01  1.823181E-01  6.986056E+01  6.989423E+01 -2.395079E-02  5.651664E-02 -2.395079E-02  6.988982E+01  1.166688E-01  5.651664E-02  1.166688E-01  6.979762E+01  1.062197E+00  1.445687E+00  3.177695E+00  4.263356E-01
  9.600000E+03  1.473146E+01  1.314917E+01  1.806534E-01  6.993641E+01  6.988218E+01  1.808536E-03 -3.742646E-02  1.808536E-03  6.995115E+01  5.609419E-02 -3.742646E-02  5.609419E-02  6.997590E+01  1.054855E+00  1.443204E+00  3.220032E+00  3.556115E-01
  9.650000E+03  1.471814E+01  1.314196E+01  1.812774E-01  6.987379E+01  6.986190E+01  6.996494E-03  5.950933E-02  6.996494E-03  6.989488E+01  3.279122E-02  5.950933E-02  3.279122E-02  6.986459E+01  1.050790E+00  1.439959E+00  3.131577E+00  3.886475E-01
  9.700000E+03  1.476237E+01  1.316716E+01  1.824534E-01  6.985494E+01  6.969339E+01  7.118374E-02  3.349548E-02  7.118374E-02  6.982794E+01  7.872785E-02  3.349548E-02  7.872785E-02  7.004349E+01  1.063470E+00  1.441996E+00  3.147188E+00  3.709627E-01
  9.750000E+03  1.475196E+01  1.315842E+01  1.780388E-01  6.988421E+01  6.982028E+01  2.532209E-02 -5.362740E-02  2.532209E-02  6.994457E+01 -1.030355E-01 -5.362740E-02 -1.030355E-01  6.988779E+01  1.062357E+00  1.441925E+00  3.540529E+00  3.973304E-01
  9.800000E+03  1.474732E+01  1.315796E+01  1.867125E-01  6.987692E+01  6.972239E+01 -4.768198E-02  4.827881E-02 -4.768198E-02  7.001522E+01 -3.544176E-02  4.827881E-02 -3.544176E-02  6.989314E+01  1.059576E+00  1.454535E+00  3.150065E+00  4.249362E-01
  9.850000E+03  1.472490E+01  1.314649E+01  1.833878E-01  6.982507E+01  6.979918E+01  7.248877E-02  3.711921E-02  7.248877E-02  6.982444E+01  8.317178E-02  3.711921E-02  8.317178E-02  6.985159E+01  1.052269E+00  1.441520E+00  3.112966E+00  3.408274E-01
  9.900000E+03  1.475177E+01  1.316208E+01  1.884159E-01  7.000556E+01  6.997187E+01 -3.858016E-02  3.563481E-02 -3.858016E-02  6.992392E+01 -9.248911E-02  3.563481E-02 -9.248911E-02  7.012088E+01  1.059797E+00  1.452652E+00  3.253692E+00  3.130076E-01
  9.950000E+03  1.473162E+01  1.314907E+01  1.870858E-01  6.988513E+01  6.986033E+01  7.888051E-02  2.633146E-02  7.888051E-02  6.982109E+01  1.995550E-02  2.633146E-02  1.995550E-02  6.997396E+01  1.055031E+00  1.452617E+00  3.081170E+00  2.911859E-01
  1.000000E+04  1.473383E+01  1.315970E+01  1.846215E-01  6.981673E+01  6.985837E+01  7.990253E-02  1.303485E-02  7.990253E-02  6.989368E+01 -3.902753E-02  1.303485E-02 -3.902753E-02  6.969815E+01  1.049421E+00  1.443576E+00  3.116063E+00  3.832546E-01
  1.005000E+04  1.473923E+01  1.315007E+01  1.799992E-01  6.987332E+01  6.977955E+01  6.627375E-02 -5.443392E-02  6.627375E-02  6.990795E+01  4.134552E-02 -5.443392E-02  4.134552E-02  6.993245E+01  1.059440E+00  1.438840E+00  3.242984E+00  3.576253E-01
  1.010000E+04  1.472524E+01  1.314535E+01  1.812208E-01  6.992301E+01  6.976016E+01 -3.307830E-02 -6.442511E-03 -3.307830E-02  7.002091E+01 -2.509796E-02 -6.442511E-03 -2.509796E-02  6.998796E+01  1.053258E+00  1.438167E+00  3.238195E+00  3.723157E-01
  1.015000E+04  1.474846E+01  1.316364E+01  1.842512E-01  6.985300E+01  6.974489E+01 -1.378762E-01 -7.856408E-02 -1.378762E-01  6.984795E+01 -1.540061E-02 -7.856408E-02 -1.540061E-02  6.996617E+01  1.056547E+00  1.445903E+00  3.070539E+00  4.178910E-01
  1.020000E+04  1.474561E+01  1.316497E+01  1.862648E-01  6.989198E+01  6.985310E+01  2.164774E-02  4.345341E-02  2.164774E-02  6.996010E+01 -4.151684E-02  4.345341E-02 -4.151684E-02  6.986274E+01  1.053759E+00  1.451391E+00  3.268756E+00  4.065468E-01
  1.025000E+04  1.475721E+01  1.316170E+01  1.833792E-01  6.983518E+01  6.976751E+01  7.223775E-02  1.352689E-01  7.223775E-02  6.992110E+01 -8.376966E-02  1.352689E-01 -8.376966E-02  6.981692E+01  1.063676E+00  1.447840E+00  3.327467E+00  2.608772E-01
  1.030000E+04  1.475389E+01  1.316298E+01  1.852396E-01  6.976384E+01  6.969732E+01  1.652909E-02  3.346717E-03  1.652909E-02  6.982582E+01 -5.838063E-02  3.346717E-03 -5.838063E-02  6.976840E+01  1.060601E+00  1.449859E+00  3.281772E+00  3.652196E-01
  1.035000E+04  1.471208E+01  1.313721E+01  1.824186E-01  7.002059E+01  7.000234E+01 -3.937901E-02 -3.260010E-02 -3.937901E-02  7.006305E+01  4.393683E-02 -3.260010E-02  4.393683E-02  6.999639E+01  1.049912E+00  1.440722E+00  3.665155E+00  3.569347E-01
  1.040000E+04  1.474593E+01  1.316003E+01  1.858240E-01  6.991219E+01  6.975903E+01  1.534190E-01 -6.363089E-02  1.534190E-01  7.003006E+01 -6.038530E-02 -6.363089E-02 -6.038530E-02  6.994747E+01  1.057267E+00  1.452431E+00  3.313794E+00  3.378331E-01
  1.045000E+04  1.473695E+01  1.315007E+01  1.822381E-01  6.993217E+01  6.992333E+01  1.318721E-01  5.954337E-02  1.318721E-01  6.995708E+01  1.073483E-01  5.954337E-02  1.073483E-01  6.991611E+01  1.057916E+00  1.442338E+00  3.136564E+00  3.807002E-01
  1.050000E+04  1.471275E+01  1.314788E+01  1.837895E-01  6.990395E+01  6.984032E+01  3.892521E-02 -3.159373E-03  3.892521E-02  6.999783E+01 -9.197549E-02 -3.159373E-03 -9.197549E-02  6.987370E+01  1.043248E+00  1.447817E+00  3.101018E+00  3.860788E-01
  1.055000E+04  1.474227E+01  1.316356E+01  1.850412E-01  6.981435E+01  6.987168E+01  2.514906E-02  4.969307E-02  2.514906E-02  6.987268E+01  2.856807E-02  4.969307E-02  2.856807E-02  6.969870E+01  1.052473E+00  1.443910E+00  3.133802E+00  2.624594E-01
  1.060000E+04  1.474916E+01  1.315723E+01  1.895039E-01  6.986977E+01  6.976608E+01  1.112515E-01 -3.555703E-02  1.112515E-01  6.988695E+01 -8.666741E-02 -3.555703E-02 -8.666741E-02  6.995627E+01  1.061288E+00  1.455920E+00  3.274005E+00  3.978595E-01
  1.065000E+04  1.473194E+01  1.315524E+01  1.835468E-01  6.998889E+01  6.987328E+01  1.018874E-01  4.074854E-02  1.018874E-01  7.009465E+01 -1.579126E-01  4.074854E-02 -1.579126E-01  6.999874E+01  1.051133E+00  1.442793E+00  3.099899E+00  3.984984E-01
  1.070000E+04  1.473407E+01  1.315176E+01  1.886625E-01  6.980668E+01  6.972616E+01  7.829551E-02 -4.987190E-02  7.829551E-02  6.984813E+01  1.241949E-02 -4.987190E-02  1.241949E-02  6.984574E+01  1.054875E+00  1.449620E+00  3.031121E+00  3.824446E-01
  1.075000E+04  1.472571E+01  1.315023E+01  1.823357E-01  6.989964E+01  6.975845E+01  4.750437E-02 -1.646584E-02  4.750437E-02  6.999730E+01 -9.686961E-02 -1.646584E-02 -9.686961E-02  6.994318E+01  1.050322E+00  1.444587E+00  3.385658E+00  3.655009E-01
  1.080000E+04  1.473723E+01  1.315205E+01  1.788603E-01  6.988924E+01  6.988551E+01  7.709007E-03 -6.090632E-02  7.709007E-03  6.974756E+01 -5.666639E-02 -6.090632E-02 -5.666639E-02  7.003464E+01  1.056792E+00  1.437248E+00  3.487549E+00  4.176267E-01
  1.085000E+04  1.476205E+01  1.315439E+01  1.831103E-01  7.005665E+01  7.004076E+01  6.478764E-02 -3.527477E-03  6.478764E-02  7.001135E+01 -3.080227E-02 -3.527477E-03 -3.080227E-02  7.011782E+01  1.071779E+00  1.446090E+00  3.214857E+00  3.647021E-01
  1.090000E+04  1.476095E+01  1.316925E+01  1.867122E-01  6.987154E+01  6.977204E+01  6.496317E-02 -9.850009E-02  6.496317E-02  6.986840E+01 -5.599570E-04 -9.850009E-02 -5.599570E-04  6.997417E+01  1.061134E+00  1.446083E+00  3.545167E+00  4.206845E-01
  1.095000E+04  1.472026E+01  1.314335E+01  1.835685E-01  6.989954E+01  6.983660E+01 -5.601166E-04  2.448953E-02 -5.601166E-04  6.993072E+01  3.877880E-02  2.448953E-02  3.877880E-02  6.993130E+01  1.051272E+00  1.450496E+00  3.137378E+00  4.221275E-01
  1.100000E+04  1.474148E+01  1.315727E+01  1.852557E-01  6.995915E+01  6.997088E+01 -2.249788E-02 -5.360144E-02 -2.249788E-02  7.001736E+01 -4.850281E-02 -5.360144E-02 -4.850281E-02  6.988921E+01  1.056142E+00  1.445599E+00  3.317282E+00  2.841207E-01
  1.105000E+04  1.475867E+01  1.317347E+01  1.873464E-01  6.981742E+01  6.980676E+01 -2.831841E-02  4.306109E-02 -2.831841E-02  6.978765E+01  6.486227E-02  4.306109E-02  6.486227E-02  6.985787E+01  1.056795E+00  1.455674E+00  3.179672E+00  3.588507E-01
  1.110000E+04  1.470852E+01  1.313874E+01  1.815955E-01  6.989745E+01  6.990210E+01 -5.982560E-03 -3.627330E-02 -5.982560E-03  6.997767E+01 -3.323675E-02 -3.627330E-02 -3.323675E-02  6.981259E+01  1.046524E+00  1.445196E+00  3.281528E+00  3.608361E-01
  1.115000E+04  1.474558E+01  1.316493E+01  1.866807E-01  6.986868E+01  6.979284E+01  5.736093E-02  2.198240E-02  5.736093E-02  6.987287E+01 -3.233540E-02  2.198240E-02 -3.233540E-02  6.994035E+01  1.053772E+00  1.453025E+00  3.139319E+00  4.093719E-01
  1.120000E+04  1.475547E+01  1.316116E+01  1.806393E-01  6.981901E+01  6.977348E+01 -2.924590E-02  3.415047E-02 -2.924590E-02  6.982526E+01 -6.745794E-02  3.415047E-02 -6.745794E-02  6.985830E+01  1.062871E+00  1.443844E+00  3.300127E+00  3.727196E-01
  1.125000E+04  1.474534E+01  1.316781E+01  1.870699E-01  6.976971E+01  6.962993E+01  1.106932E-01  4.399867E-02  1.106932E-01  6.987649E+01 -6.273453E-02  4.399867E-02 -6.273453E-02  6.980271E+01  1.051684E+00  1.456989E+00  3.116716E+00  3.115614E-01
  1.130000E+04  1.477015E+01  1.317875E+01  1.877483E-01  6.985864E+01  6.987025E+01 -3.593853E-02 -2.637863E-02 -3.593853E-02  6.998543E+01  4.979807E-03 -2.637863E-02  4.979807E-03  6.972025E+01  1.060932E+00  1.454029E+00  3.092938E+00  3.616244E-01
  1.135000E+04  1.474368E+01  1.315919E+01  1.847123E-01  6.991551E+01  6.981758E+01  3.042175E-02 -1.301611E-02  3.042175E-02  6.999454E+01  2.037457E-02 -1.301611E-02  2.037457E-02  6.993442E+01  1.056331E+00  1.451077E+00  3.174614E+00  3.662142E-01
  1.140000E+04  1.472313E+01  1.315586E+01  1.824224E-01  6.991894E+01  6.982834E+01 -1.408477E-02  6.417828E-02 -1.408477E-02  6.994927E+01 -8.916655E-02  6.417828E-02 -8.916655E-02  6.997921E+01  1.044844E+00  1.444716E+00  3.240239E+00  3.981671E-01
  1.145000E+04  1.474496E+01  1.316983E+01  1.852732E-01  6.987117E+01  6.971895E+01  1.255872E-01  2.958313E-02  1.255872E-01  6.999884E+01  1.544209E-02  2.958313E-02  1.544209E-02  6.989571E+01  1.050085E+00  1.444382E+00  3.105844E+00  3.115934E-01
  1.150000E+04  1.475529E+01  1.316597E+01  1.912796E-01  6.996331E+01  6.998365E+01  9.223762E-02  1.636090E-02  9.223762E-02  6.996222E+01  4.154669E-02  1.636090E-02  4.154669E-02  6.994407E+01  1.059547E+00  1.457596E+00  3.171720E+00  3.714682E-01
  1.155000E+04  1.476034E+01  1.315643E+01  1.820668E-01  6.994184E+01  6.999731E+01  1.699157E-02 -9.266911E-03  1.699157E-02  6.997015E+01 -1.545096E-02 -9.266911E-03 -1.545096E-02  6.985806E+01  1.069268E+00  1.452976E+00  3.357803E+00  3.948353E-01
  1.160000E+04  1.473844E+01  1.315063E+01  1.813950E-01  6.991772E+01  6.989860E+01  3.459394E-02 -4.397641E-02  3.459394E-02  6.997464E+01  5.643413E-02 -4.397641E-02  5.643413E-02  6.987992E+01  1.058537E+00  1.442898E+00  3.221871E+00  3.436327E-01
  1.165000E+04  1.475273E+01  1.316615E+01  1.834908E-01  6.994725E+01  6.995767E+01  3.289016E-02  5.602056E-02  3.289016E-02  6.999048E+01  1.860508E-02  5.602056E-02  1.860508E-02  6.989361E+01  1.057716E+00  1.450076E+00  3.433507E+00  2.615668E-01
  1.170000E+04  1.475968E+01  1.317435E+01  1.843695E-01  6.974893E+01  6.965209E+01  8.198049E-02  6.581082E-02  8.198049E-02  6.977237E+01  1.022091E-02  6.581082E-02  1.022091E-02  6.982232E+01  1.056885E+00  1.450799E+00  3.340217E+00  3.278256E-01
  1.175000E+04  1.472258E+01  1.314303E+01  1.817441E-01  6.983617E+01  6.973075E+01 -7.562374E-05  5.540753E-02 -7.562374E-05  6.983132E+01  2.343186E-02  5.540753E-02  2.343186E-02  6.994643E+01  1.053030E+00  1.445105E+00  3.017447E+00  2.873212E-01
  1.180000E+04  1.474196E+01  1.315418E+01  1.837567E-01  6.995811E+01  7.001075E+01  5.878232E-02 -4.977799E-02  5.878232E-02  6.997883E+01  3.410569E-02 -4.977799E-02  3.410569E-02  6.988475E+01  1.058520E+00  1.450325E+00  3.266502E+00  4.262686E-01
  1.185000E+04  1.475713E+01  1.316294E+01  1.865606E-01  6.987728E+01  6.982869E+01 -3.459608E-03  6.146643E-04 -3.459608E-03  6.989162E+01  5.074691E-02  6.146643E-04  5.074691E-02  6.991153E+01  1.062792E+00  1.450612E+00  3.095676E+00  3.971628E-01
  1.190000E+04  1.476196E+01  1.316826E+01  1.905540E-01  6.983489E+01  6.976035E+01 -9.469750E-03 -5.233120E-02 -9.469750E-03  6.988176E+01 -6.852692E-03 -5.233120E-02 -6.852692E-03  6.986257E+01  1.062468E+00  1.462055E+00  3.270289E+00  3.093231E-01
  1.195000E+04  1.474620E+01  1.315427E+01  1.875888E-01  6.984748E+01  6.988933E+01  9.187675E-02 -1.054739E-01  9.187675E-02  6.969573E+01  2.707628E-02 -1.054739E-01  2.707628E-02  6.995740E+01  1.061287E+00  1.447800E+00  3.059566E+00  3.392271E-01
  1.200000E+04  1.475180E+01  1.315962E+01  1.885323E-01  6.983886E+01  6.982648E+01  3.103110E-04 -3.152324E-02  3.103110E-04  6.996364E+01  4.337835E-02 -3.152324E-02  4.337835E-02  6.972645E+01  1.061455E+00  1.453569E+00  3.278355E+00  3.142324E-01
  1.205000E+04  1.473751E+01  1.316360E+01  1.855586E-01  6.999486E+01  7.002094E+01 -2.274443E-03  2.352754E-02 -2.274443E-03  7.006225E+01 -1.381306E-01  2.352754E-02 -1.381306E-01  6.990139E+01  1.049277E+00  1.447404E+00  3.423526E+00  3.071649E-01
  1.210000E+04  1.476070E+01  1.316864E+01  1.883152E-01  6.991814E+01  6.989600E+01 -4.742305E-03 -1.571495E-02 -4.742305E-03  6.991648E+01  8.875216E-02 -1.571495E-02  8.875216E-02  6.994194E+01  1.061376E+00  1.455274E+00  3.396265E+00  4.229036E-01
  1.215000E+04  1.475962E+01  1.316552E+01  1.848985E-01  6.992072E+01  6.983312E+01  8.581522E-02  4.087466E-02  8.581522E-02  6.999034E+01 -1.184370E-01  4.087466E-02 -1.184370E-01  6.993869E+01  1.062734E+00  1.444948E+00  3.207299E+00  3.120276E-01
  1.220000E+04  1.473644E+01  1.315609E+01  1.917327E-01  6.988675E+01  6.969762E+01 -7.718999E-02 -4.782014E-02 -7.718999E-02  7.001529E+01  1.030466E-01 -4.782014E-02  1.030466E-01  6.994734E+01  1.053563E+00  1.459828E+00  3.141489E+00  4.048890E-01
  1.225000E+04  1.473418E+01  1.314476E+01  1.805627E-01  6.986869E+01  6.982351E+01 -9.380558E-03 -2.344517E-02 -9.380558E-03  6.987090E+01  9.122614E-02 -2.344517E-02  9.122614E-02  6.991167E+01  1.059614E+00  1.439761E+00  3.209970E+00  3.842053E-01
  1.230000E+04  1.474257E+01  1.315684E+01  1.816923E-01  6.988053E+01  6.990960E+01  4.435326E-02 -1.920582E-03  4.435326E-02  6.990984E+01  1.668757E-02 -1.920582E-03  1.668757E-02  6.982215E+01  1.057153E+00  1.443318E+00  3.237494E+00  3.261200E-01
  1.235000E+04  1.473863E+01  1.314577E+01  1.833649E-01  6.978268E+01  6.980310E+01  7.738031E-03  5.682117E-02  7.738031E-03  6.976946E+01  1.956923E-02  5.682117E-02  1.956923E-02  6.977549E+01  1.061906E+00  1.444348E+00  2.987321E+00  3.954439E-01
  1.240000E+04  1.474228E+01  1.315052E+01  1.800323E-01  6.992930E+01  6.990295E+01 -1.169541E-02  2.138404E-02 -1.169541E-02  7.004229E+01 -8.666491E-03  2.138404E-02 -8.666491E-03  6.984266E+01  1.061170E+00  1.443212E+00  3.243965E+00  2.998573E-01
  1.245000E+04  1.476615E+01  1.316605E+01  1.827212E-01  6.995549E+01  6.992630E+01  2.972383E-02  3.227089E-03  2.972383E-02  6.992394E+01 -3.176479E-02  3.227089E-03 -3.176479E-02  7.001622E+01  1.066731E+00  1.440738E+00  3.214964E+00  3.523015E-01
  1.250000E+04  1.473917E+01  1.315718E+01  1.854273E-01  6.978158E+01  6.969734E+01 -2.766763E-02  8.416259E-02 -2.766763E-02  6.986295E+01 -1.292940E-01  8.416259E-02 -1.292940E-01  6.978444E+01  1.054659E+00  1.452195E+00  3.044990E+00  3.801833E-01
  1.255000E+04  1.474332E+01  1.315893E+01  1.806243E-01  6.985774E+01  6.980734E+01 -1.710329E-02 -3.069209E-03 -1.710329E-02  6.980504E+01 -2.646698E-02 -3.069209E-03 -2.646698E-02  6.996084E+01  1.056256E+00  1.441110E+00  3.141678E+00  4.074877E-01
  1.260000E+04  1.475980E+01  1.316575E+01  1.848437E-01  6.989670E+01  6.977960E+01 -8.772316E-03  9.213499E-02 -8.772316E-03  6.989561E+01  2.564301E-02  9.213499E-02  2.564301E-02  7.001491E+01  1.062698E+00  1.447738E+00  3.033648E+00  3.913346E-01
  1.265000E+04  1.471423E+01  1.313469E+01  1.816095E-01  6.980515E+01  6.985243E+01  1.682391E-02 -1.099214E-02  1.682391E-02  6.990384E+01 -1.157127E-01 -1.099214E-02 -1.157127E-01  6.965917E+01  1.053027E+00  1.443279E+00  3.142594E+00  3.877712E-01
  1.270000E+04  1.476447E+01  1.316795E+01  1.853201E-01  7.006194E+01  7.002528E+01  1.247920E-01 -4.009953E-02  1.247920E-01  7.009731E+01 -8.177941E-03 -4.009953E-02 -8.177941E-03  7.006322E+01  1.064348E+00  1.450183E+00  3.366624E+00  3.699867E-01
  1.275000E+04  1.474482E+01  1.315741E+01  1.885478E-01  6.980757E+01  6.975857E+01 -5.190768E-02  4.499559E-02 -5.190768E-02  6.980108E+01  1.284948E-02  4.499559E-02  1.284948E-02  6.986304E+01  1.058275E+00  1.453151E+00  3.211305E+00  3.936547E-01
  1.280000E+04  1.477216E+01  1.317177E+01  1.868227E-01  6.992855E+01  6.982556E+01  1.689404E-02 -1.209065E-02  1.689404E-02  7.009227E+01  2.595591E-02 -1.209065E-02  2.595591E-02  6.986783E+01  1.066922E+00  1.453035E+00  3.316602E+00  3.697321E-01
  1.285000E+04  1.475884E+01  1.316310E+01  1.878634E-01  6.995549E+01  6.989039E+01 -3.025596E-02 -6.887284E-03 -3.025596E-02  6.995709E+01 -2.897444E-03 -6.887284E-03 -2.897444E-03  7.001901E+01  1.063826E+00  1.453519E+00  3.219381E+00  3.915171E-01
  1.290000E+04  1.474466E+01  1.316366E+01  1.834577E-01  6.990010E+01  6.979416E+01  4.553798E-02  4.461695E-02  4.553798E-02  6.999376E+01  3.725740E-02  4.461695E-02  3.725740E-02  6.991239E+01  1.054004E+00  1.441314E+00  3.379796E+00  2.889806E-01
  1.295000E+04  1.475734E+01  1.316573E+01  1.862005E-01  6.977680E+01  6.976571E+01 -1.453784E-02  1.990870E-02 -1.453784E-02  6.980167E+01 -1.558058E-02  1.990870E-02 -1.558058E-02  6.976302E+01  1.061073E+00  1.449561E+00  3.167125E+00  4.188158E-01
  1.300000E+04  1.474271E+01  1.314744E+01  1.812419E-01  6.994846E+01  6.974896E+01  9.374851E-02 -6.369249E-02  9.374851E-02  7.009531E+01  4.092158E-02 -6.369249E-02  4.092158E-02  7.000110E+01  1.063511E+00  1.444894E+00  2.998987E+00  3.423230E-01
  1.305000E+04  1.472975E+01  1.314809E+01  1.802604E-01  6.971106E+01  6.977419E+01  2.279194E-03  4.236909E-02  2.279194E-03  6.971877E+01  1.321361E-02  4.236909E-02  1.321361E-02  6.964023E+01  1.054436E+00  1.444221E+00  3.231571E+00  3.853717E-01
  1.310000E+04  1.476280E+01  1.316368E+01  1.868285E-01  7.000311E+01  7.006012E+01 -8.517716E-02 -3.212841E-02 -8.517716E-02  7.002436E+01 -3.531494E-02 -3.212841E-02 -3.531494E-02  6.992487E+01  1.066083E+00  1.453830E+00  3.443357E+00  4.792074E-01
  1.315000E+04  1.474481E+01  1.315928E+01  1.847277E-01  6.982302E+01  6.976872E+01 -4.577327E-02 -5.979306E-02 -4.577327E-02  6.977364E+01  3.786102E-02 -5.979306E-02  3.786102E-02  6.992671E+01  1.057018E+00  1.445841E+00  3.119751E+00  4.146603E-01
  1.320000E+04  1.477351E+01  1.316750E+01  1.827168E-01  6.988022E+01  6.992241E+01  1.019111E-01 -6.420854E-03  1.019111E-01  6.974136E+01  6.968566E-03 -6.420854E-03  6.968566E-03  6.997688E+01  1.070675E+00  1.447062E+00  3.050392E+00  3.945356E-01
  1.325000E+04  1.475611E+01  1.315893E+01  1.846949E-01  6.985201E+01  6.971671E+01  1.686265E-02 -1.321195E-02  1.686265E-02  6.990093E+01  1.217797E-02 -1.321195E-02  1.217797E-02  6.993838E+01  1.064788E+00  1.447221E+00  3.172404E+00  3.688435E-01
  1.330000E+04  1.472645E+01  1.315277E+01  1.860172E-01  6.978887E+01  6.974546E+01  1.121211E-01  1.516293E-01  1.121211E-01  6.985752E+01  5.909857E-02  1.516293E-01  5.909857E-02  6.976364E+01  1.049117E+00  1.446429E+00  3.575157E+00  2.956411E-01
  1.335000E+04  1.475566E+01  1.316000E+01  1.857183E-01  6.994172E+01  7.002550E+01  4.768693E-03  3.118703E-02  4.768693E-03  6.995873E+01 -1.146312E-01  3.118703E-02 -1.146312E-01  6.984093E+01  1.063775E+00  1.458044E+00  3.568102E+00  3.843766E-01
  1.340000E+04  1.474421E+01  1.315493E+01  1.833711E-01  6.987917E+01  6.985011E+01 -1.790155E-02 -1.890342E-02 -1.790155E-02  6.988775E+01  9.772395E-02 -1.890342E-02  9.772395E-02  6.989965E+01  1.059517E+00  1.444881E+00  3.196896E+00  3.997821E-01
  1.345000E+04  1.474290E+01  1.314093E+01  1.872208E-01  6.994823E+01  6.986384E+01 -5.563829E-03  1.134710E-01 -5.563829E-03  6.993203E+01  9.342314E-02  1.134710E-01  9.342314E-02  7.004882E+01  1.067979E+00  1.453476E+00  3.589301E+00  4.023613E-01
  1.350000E+04  1.473513E+01  1.314568E+01  1.778297E-01  6.987846E+01  6.985600E+01 -7.456098E-03  3.791935E-02 -7.456098E-03  6.974432E+01 -5.539988E-02  3.791935E-02 -5.539988E-02  7.003508E+01  1.059633E+00  1.434379E+00  3.335566E+00  3.257329E-01
  1.355000E+04  1.474536E+01  1.315919E+01  1.814733E-01  6.995291E+01  6.996143E+01 -3.765709E-02  1.199520E-01 -3.765709E-02  6.997692E+01 -7.624322E-03  1.199520E-01 -7.624322E-03  6.992038E+01  1.057451E+00  1.443155E+00  3.400364E+00  3.479626E-01
  1.360000E+04  1.473028E+01  1.314562E+01  1.818379E-01  6.985513E+01  6.981449E+01  5.664173E-02 -7.674030E-02  5.664173E-02  7.003971E+01  6.885785E-02 -7.674030E-02  6.885785E-02  6.971121E+01  1.056439E+00  1.440553E+00  3.287168E+00  3.576289E-01
  1.365000E+04  1.473765E+01  1.315829E+01  1.824868E-01  6.988226E+01  6.984529E+01  7.129807E-03  2.357709E-02  7.129807E-03  6.982978E+01 -7.738641E-03  2.357709E-02 -7.738641E-03  6.997171E+01  1.052911E+00  1.448151E+00  3.106131E+00  4.419430E-01
  1.370000E+04  1.472356E+01  1.315140E+01  1.837902E-01  6.981154E+01  6.967963E+01  3.128860E-02  1.816369E-02  3.128860E-02  6.987420E+01  2.011743E-02  1.816369E-02  2.011743E-02  6.988078E+01  1.048106E+00  1.447668E+00  3.224206E+00  3.876891E-01
  1.375000E+04  1.473490E+01  1.314950E+01  1.871910E-01  6.988758E+01  6.975546E+01 -4.142314E-02  3.131438E-02 -4.142314E-02  6.985254E+01  2.169294E-02  3.131438E-02  2.169294E-02  7.005474E+01  1.056930E+00  1.456309E+00  3.420309E+00  4.244807E-01
  1.380000E+04  1.476244E+01  1.315737E+01  1.818167E-01  6.990224E+01  6.979997E+01  9.842042E-03  9.227088E-02  9.842042E-03  6.994160E+01  9.914739E-02  9.227088E-02  9.914739E-02  6.996515E+01  1.070045E+00  1.442215E+00  3.327022E+00  3.682982E-01
  1.385000E+04  1.474277E+01  1.316166E+01  1.845334E-01  6.986945E+01  6.984617E+01  4.462001E-02  2.472695E-02  4.462001E-02  6.995568E+01  2.557038E-03  2.472695E-02  2.557038E-03  6.980651E+01  1.054074E+00  1.451270E+00  3.206207E+00  3.562216E-01
  1.390000E+04  1.475129E+01  1.316645E+01  1.839789E-01  6.977973E+01  6.958121E+01 -4.400357E-02 -1.278033E-01 -4.400357E-02  6.976222E+01  3.929566E-03 -1.278033E-01  3.929566E-03  6.999576E+01  1.056566E+00  1.446871E+00  3.257600E+00  3.028163E-01
  1.395000E+04  1.476468E+01  1.316940E+01  1.891118E-01  6.985546E+01  6.983172E+01 -1.177776E-01 -6.512381E-02 -1.177776E-01  6.989893E+01  4.756432E-02 -6.512381E-02  4.756432E-02  6.983573E+01  1.063521E+00  1.453995E+00  3.140562E+00  4.047476E-01
  1.400000E+04  1.474687E+01  1.315601E+01  1.863868E-01  6.986303E+01  6.977442E+01  2.147868E-02  1.408713E-02  2.147868E-02  6.981791E+01 -6.990661E-02  1.408713E-02 -6.990661E-02  6.999676E+01  1.060570E+00  1.449526E+00  3.498544E+00  3.689877E-01
  1.405000E+04  1.473254E+01  1.314724E+01  1.807761E-01  6.989963E+01  6.990916E+01  2.207947E-02 -5.112934E-04  2.207947E-02  6.984844E+01 -1.461631E-02 -5.112934E-04 -1.461631E-02  6.994130E+01  1.056861E+00  1.445741E+00  3.283484E+00  4.059424E-01
  1.410000E+04  1.473571E+01  1.315099E+01  1.837029E-01  6.989023E+01  6.995448E+01  1.184349E-01 -1.581403E-02  1.184349E-01  6.981317E+01 -1.015893E-02 -1.581403E-02 -1.015893E-02  6.990304E+01  1.056483E+00  1.446276E+00  3.456778E+00  3.769588E-01
  1.415000E+04  1.473348E+01  1.315274E+01  1.813043E-01  6.973883E+01  6.976714E+01  1.439926E-02  8.155278E-03  1.439926E-02  6.971175E+01 -5.336584E-02  8.155278E-03 -5.336584E-02  6.973762E+01  1.053825E+00  1.437537E+00  3.241365E+00  3.558908E-01
  1.420000E+04  1.472423E+01  1.313692E+01  1.814751E-01  6.995463E+01  6.997215E+01 -8.773714E-02 -7.842787E-02 -8.773714E-02  6.987685E+01  3.114599E-03 -7.842787E-02  3.114599E-03  7.001488E+01  1.058207E+00  1.438389E+00  3.416262E+00  2.965817E-01
  1.425000E+04  1.474884E+01  1.317164E+01  1.833489E-01  6.988811E+01  6.971921E+01 -7.395330E-04  4.798963E-02 -7.395330E-04  7.003742E+01 -2.130857E-02  4.798963E-02 -2.130857E-02  6.990771E+01  1.051462E+00  1.449235E+00  3.113851E+00  3.121712E-01
  1.430000E+04  1.474624E+01  1.315729E+01  1.866964E-01  6.989876E+01  6.976332E+01  2.882997E-02 -4.245683E-02  2.882997E-02  6.995930E+01 -3.573684E-02 -4.245683E-02 -3.573684E-02  6.997366E+01  1.059301E+00  1.449889E+00  3.235259E+00  3.329002E-01
  1.435000E+04  1.472389E+01  1.314407E+01  1.808073E-01  6.986586E+01  6.987292E+01  3.734925E-02  5.916721E-02  3.734925E-02  6.990497E+01 -1.232876E-01  5.916721E-02 -1.232876E-01  6.981968E+01  1.053218E+00  1.442881E+00  2.986367E+00  3.302346E-01
  1.440000E+04  1.474353E+01  1.315541E+01  1.882418E-01  6.987280E+01  6.980115E+01  4.349861E-02 -1.010929E-01  4.349861E-02  6.994752E+01  5.773660E-02 -1.010929E-01  5.773660E-02  6.986974E+01  1.058745E+00  1.452695E+00  3.217729E+00  3.743008E-01
  1.445000E+04  1.473688E+01  1.315216E+01  1.886910E-01  6.974427E+01  6.961924E+01  3.406177E-02 -2.428071E-03  3.406177E-02  6.978843E+01 -2.691546E-02 -2.428071E-03 -2.691546E-02  6.982514E+01  1.056477E+00  1.451659E+00  3.143087E+00  3.838480E-01
  1.450000E+04  1.472916E+01  1.313727E+01  1.824123E-01  6.990017E+01  6.984832E+01  1.100289E-01  7.618369E-02  1.100289E-01  6.988662E+01 -3.701973E-02  7.618369E-02 -3.701973E-02  6.996558E+01  1.061260E+00  1.443782E+00  3.020484E+00  4.128112E-01
  1.455000E+04  1.475569E+01  1.315582E+01  1.814284E-01  6.989888E+01  6.988367E+01  3.190259E-02 -5.506978E-02  3.190259E-02  6.993104E+01  6.616257E-02 -5.506978E-02  6.616257E-02  6.988192E+01  1.066584E+00  1.443680E+00  3.067673E+00  3.816427E-01
  1.460000E+04  1.473587E+01  1.314396E+01  1.826903E-01  6.991695E+01  6.968247E+01 -6.721177E-02  9.630598E-02 -6.721177E-02  6.999602E+01 -6.654303E-02  9.630598E-02 -6.654303E-02  7.007236E+01  1.061275E+00  1.444340E+00  3.267570E+00  3.701123E-01
  1.465000E+04  1.472507E+01  1.314041E+01  1.891592E-01  6.987012E+01  6.972700E+01 -8.265901E-02 -1.009751E-02 -8.265901E-02  6.992194E+01 -2.277666E-04 -1.009751E-02 -2.277666E-04  6.996143E+01  1.056438E+00  1.455682E+00  3.101907E+00  3.834029E-01
  1.470000E+04  1.474321E+01  1.316624E+01  1.845914E-01  6.987822E+01  6.992038E+01  3.807479E-02  2.092485E-02  3.807479E-02  6.982222E+01 -3.611458E-02  2.092485E-02 -3.611458E-02  6.989205E+01  1.051310E+00  1.451898E+00  3.269252E+00  4.194060E-01
  1.475000E+04  1.474071E+01  1.314894E+01  1.813621E-01  6.991197E+01  6.986766E+01 -5.697136E-02  1.542038E-02 -5.697136E-02  7.005658E+01 -3.529606E-02  1.542038E-02 -3.529606E-02  6.981165E+01  1.061177E+00  1.440178E+00  3.328959E+00  4.196845E-01
  1.480000E+04  1.473168E+01  1.314538E+01  1.848726E-01  6.981632E+01  6.978352E+01 -1.423721E-02  6.311415E-02 -1.423721E-02  6.988299E+01 -1.176450E-02  6.311415E-02 -1.176450E-02  6.978245E+01  1.057537E+00  1.450807E+00  3.103180E+00  4.250711E-01
  1.485000E+04  1.471888E+01  1.314416E+01  1.878142E-01  6.980239E+01  6.962828E+01  5.265956E-02 -4.139959E-02  5.265956E-02  6.997046E+01  2.524469E-02 -4.139959E-02  2.524469E-02  6.980844E+01  1.049809E+00  1.450340E+00  3.140122E+00  3.675827E-01
  1.490000E+04  1.476754E+01  1.317107E+01  1.801877E-01  6.991318E+01  6.984673E+01 -8.799397E-02  1.775699E-02 -8.799397E-02  6.999671E+01  1.347577E-02  1.775699E-02  1.347577E-02  6.989608E+01  1.064311E+00  1.439116E+00  3.466622E+00  3.936972E-01
  1.495000E+04  1.471666E+01  1.313990E+01  1.833058E-01  6.981336E+01  6.986336E+01 -4.897861E-04  9.762731E-02 -4.897861E-04  6.982332E+01  5.422992E-02  9.762731E-02  5.422992E-02  6.975338E+01  1.051168E+00  1.447172E+00  3.126024E+00  4.065052E-01
  1.500000E+04  1.473910E+01  1.315764E+01  1.873485E-01  6.989467E+01  6.984565E+01 -6.360730E-02 -2.944226E-02 -6.360730E-02  7.002362E+01 -5.219960E-02 -2.944226E-02 -5.219960E-02  6.981475E+01  1.054303E+00  1.451365E+00  3.200806E+00  4.261849E-01
