#         time      en-total      pe-total      be-total      pressure          s_xx          s_xy          s_xz          s_yx          s_yy          s_yz          s_zx          s_zy          s_zz   temperature     bndlen-av    bndlen-max    bndlen-min
  0.000000E+00  1.433906E+01  1.275447E+01  6.350351E-03  6.943501E+01  6.957281E+01 -7.866032E-03  2.048974E-02 -7.866032E-03  6.945800E+01  4.958377E-02  2.048974E-02  4.958377E-02  6.927423E+01  1.056395E+00  1.408902E+00  2.524414E+00  4.797650E-01
  5.000000E+01  1.436863E+01  1.278251E+01  7.327013E-03  6.938522E+01  6.935239E+01 -3.510200E-02  9.835172E-02 -3.510200E-02  6.941441E+01 -6.427102E-02  9.835172E-02 -6.427102E-02  6.938887E+01  1.057409E+00  1.445806E+00  2.722022E+00  4.535615E-01
  1.000000E+02  1.435053E+01  1.275968E+01  5.597722E-03  6.952515E+01  6.955227E+01  1.035054E-01  1.279781E-02  1.035054E-01  6.952360E+01 -3.560873E-02  1.279781E-02 -3.560873E-02  6.949957E+01  1.060570E+00  1.365438E+00  2.655453E+00  4.968423E-01
  1.500000E+02  1.436064E+01  1.275961E+01  6.613589E-03  6.948894E+01  6.956529E+01  1.614550E-03  2.592125E-02  1.614550E-03  6.945122E+01 -3.065990E-02  2.592125E-02 -3.065990E-02  6.945031E+01  1.067351E+00  1.411018E+00  2.641566E+00  4.998829E-01
  2.000000E+02  1.435087E+01  1.278001E+01  6.161428E-03  6.935439E+01  6.939023E+01  3.151978E-02 -1.506051E-01  3.151978E-02  6.941388E+01 -9.257107E-02 -1.506051E-01 -9.257107E-02  6.925906E+01  1.047239E+00  1.381380E+00  2.905927E+00  5.173205E-01
  2.500000E+02  1.434958E+01  1.277089E+01  6.259674E-03  6.943076E+01  6.937795E+01 -4.862607E-02  6.541877E-02 -4.862607E-02  6.951297E+01 -8.364011E-02  6.541877E-02 -8.364011E-02  6.940135E+01  1.052460E+00  1.376277E+00  2.627658E+00  4.717645E-01
  3.000000E+02  1.434563E+01  1.276200E+01  5.257404E-03  6.931711E+01  6.937593E+01 -2.570592E-02  3.043715E-02 -2.570592E-02  6.930136E+01 -6.154583E-02  3.043715E-02 -6.154583E-02  6.927405E+01  1.055753E+00  1.336254E+00  2.593503E+00  5.379030E-01
  3.500000E+02  1.436573E+01  1.276870E+01  6.992876E-03  6.940612E+01  6.939780E+01 -5.530469E-02 -2.321397E-02 -5.530469E-02  6.938737E+01 -5.854528E-02 -2.321397E-02 -5.854528E-02  6.943319E+01  1.064682E+00  1.409089E+00  3.409708E+00  5.254509E-01
  4.000000E+02  1.435117E+01  1.277336E+01  6.451539E-03  6.939141E+01  6.947616E+01  5.814051E-02  8.881153E-02  5.814051E-02  6.930786E+01  4.076176E-02  8.881153E-02  4.076176E-02  6.939020E+01  1.051873E+00  1.396939E+00  2.626237E+00  4.340213E-01
  4.500000E+02  1.433599E+01  1.276063E+01  6.360042E-03  6.933749E+01  6.924176E+01  1.423831E-02  9.428219E-02  1.423831E-02  6.941622E+01 -9.839321E-02  9.428219E-02 -9.839321E-02  6.935450E+01  1.050237E+00  1.375141E+00  2.984933E+00  4.988994E-01
  5.000000E+02  1.434819E+01  1.276381E+01  5.712865E-03  6.947661E+01  6.942833E+01 -4.407681E-02  6.964844E-02 -4.407681E-02  6.951850E+01 -9.296407E-02  6.964844E-02 -9.296407E-02  6.948299E+01  1.056255E+00  1.343872E+00  3.006921E+00  4.702739E-01
  5.500000E+02  1.437055E+01  1.278467E+01  7.208131E-03  6.941808E+01  6.937863E+01 -2.611392E-02 -1.337884E-02 -2.611392E-02  6.937845E+01 -7.218628E-02 -1.337884E-02 -7.218628E-02  6.949715E+01  1.057255E+00  1.423997E+00  3.267075E+00  5.237632E-01
  6.000000E+02  1.434355E+01  1.276670E+01  6.010348E-03  6.930890E+01  6.922038E+01 -9.889853E-03  1.195434E-01 -9.889853E-03  6.940169E+01  4.980530E-02  1.195434E-01  4.980530E-02  6.930464E+01  1.051228E+00  1.411353E+00  2.581522E+00  4.922897E-01
  6.500000E+02  1.435194E+01  1.275753E+01  6.754393E-03  6.947290E+01  6.937199E+01  8.341913E-02 -8.852428E-03  8.341913E-02  6.945451E+01  3.154714E-02 -8.852428E-03  3.154714E-02  6.959220E+01  1.062939E+00  1.410900E+00  2.676369E+00  4.520066E-01
  7.000000E+02  1.437270E+01  1.277604E+01  6.414475E-03  6.940292E+01  6.939592E+01 -4.249394E-02  1.365581E-02 -4.249394E-02  6.940042E+01 -3.443923E-02  1.365581E-02 -3.443923E-02  6.941241E+01  1.064440E+00  1.419158E+00  2.700872E+00  3.715063E-01
  7.500000E+02  1.437207E+01  1.278810E+01  6.476011E-03  6.938385E+01  6.929835E+01  5.706558E-02 -9.999688E-03  5.706558E-02  6.936631E+01  6.750465E-03 -9.999688E-03  6.750465E-03  6.948688E+01  1.055982E+00  1.396015E+00  2.652782E+00  5.995925E-01
  8.000000E+02  1.435857E+01  1.276703E+01  6.537919E-03  6.950787E+01  6.957295E+01 -7.213627E-03  2.204322E-03 -7.213627E-03  6.951020E+01 -5.686947E-03  2.204322E-03 -5.686947E-03  6.944046E+01  1.061031E+00  1.383224E+00  2.650255E+00  4.876833E-01
  8.500000E+02  1.435705E+01  1.277084E+01  6.103992E-03  6.937528E+01  6.938187E+01 -2.838164E-02  7.564433E-02 -2.838164E-02  6.935328E+01  3.875241E-02  7.564433E-02  3.875241E-02  6.939068E+01  1.057471E+00  1.362245E+00  2.479576E+00  4.819530E-01
  9.000000E+02  1.436066E+01  1.276737E+01  6.718359E-03  6.943948E+01  6.951110E+01 -4.828397E-03  4.149607E-02 -4.828397E-03  6.937347E+01  1.163544E-01  4.149607E-02  1.163544E-01  6.943387E+01  1.062198E+00  1.404929E+00  3.099872E+00  5.918969E-01
  9.500000E+02  1.436008E+01  1.277792E+01  6.536317E-03  6.946024E+01  6.950851E+01 -5.310047E-02  2.772936E-02 -5.310047E-02  6.937524E+01 -6.768419E-02  2.772936E-02 -6.768419E-02  6.949697E+01  1.054771E+00  1.401339E+00  2.762540E+00  5.123121E-01
  1.000000E+03  1.435653E+01  1.277528E+01  6.080911E-03  6.934760E+01  6.940764E+01 -1.805553E-02 -7.587115E-03 -1.805553E-02  6.927774E+01 -1.913346E-03 -7.587115E-03 -1.913346E-03  6.935741E+01  1.054167E+00  1.380717E+00  2.588569E+00  5.089943E-01
  1.050000E+03  1.434853E+01  1.276975E+01  6.363527E-03  6.930844E+01  6.927824E+01  6.071696E-02 -9.705419E-02  6.071696E-02  6.922711E+01 -1.667268E-02 -9.705419E-02 -1.667268E-02  6.941997E+01  1.052517E+00  1.409620E+00  2.583116E+00  3.735098E-01
  1.100000E+03  1.434554E+01  1.277005E+01  5.901749E-03  6.924780E+01  6.926793E+01  1.726420E-02  8.819524E-03  1.726420E-02  6.921283E+01 -2.548766E-02  8.819524E-03 -2.548766E-02  6.926264E+01  1.050328E+00  1.369603E+00  2.652181E+00  5.366646E-01
  1.150000E+03  1.435300E+01  1.276835E+01  6.595207E-03  6.951072E+01  6.940494E+01  2.101200E-02 -6.790098E-02  2.101200E-02  6.954230E+01 -3.087967E-02 -6.790098E-02 -3.087967E-02  6.958493E+01  1.056430E+00  1.381504E+00  2.919310E+00  4.626663E-01
  1.200000E+03  1.435516E+01  1.277548E+01  5.982414E-03  6.934113E+01  6.934220E+01  6.465195E-03 -6.352680E-02  6.465195E-03  6.940111E+01  1.025338E-01 -6.352680E-02  1.025338E-01  6.928009E+01  1.053118E+00  1.393400E+00  2.725050E+00  5.242934E-01
  1.250000E+03  1.432635E+01  1.275908E+01  5.686417E-03  6.934594E+01  6.937113E+01 -2.162991E-02  1.047535E-02 -2.162991E-02  6.920904E+01 -1.045950E-01  1.047535E-02 -1.045950E-01  6.945764E+01  1.044852E+00  1.363233E+00  2.490316E+00  3.707688E-01
  1.300000E+03  1.435864E+01  1.276597E+01  5.374180E-03  6.932825E+01  6.932500E+01 -6.891538E-02  1.935782E-02 -6.891538E-02  6.926349E+01 -1.955583E-02  1.935782E-02 -1.955583E-02  6.939626E+01  1.061782E+00  1.356288E+00  2.537044E+00  4.318511E-01
  1.350000E+03  1.434658E+01  1.276899E+01  6.087455E-03  6.930481E+01  6.936057E+01  5.268061E-02 -4.572752E-02  5.268061E-02  6.931161E+01 -2.007991E-02 -4.572752E-02 -2.007991E-02  6.924226E+01  1.051729E+00  1.375556E+00  2.957128E+00  4.964805E-01
  1.400000E+03  1.433709E+01  1.276765E+01  6.212861E-03  6.924859E+01  6.930877E+01 -1.022873E-02 -7.135812E-02 -1.022873E-02  6.916549E+01 -1.296876E-01 -7.135812E-02 -1.296876E-01  6.927152E+01  1.046296E+00  1.386371E+00  2.757810E+00  3.919772E-01
  1.450000E+03  1.435413E+01  1.277549E+01  6.651572E-03  6.929095E+01  6.920094E+01  8.588969E-02 -4.324186E-03  8.588969E-02  6.940000E+01  5.261055E-02 -4.324186E-03  5.261055E-02  6.927191E+01  1.052427E+00  1.423845E+00  2.571415E+00  4.373733E-01
  1.500000E+03  1.434412E+01  1.275706E+01  6.367024E-03  6.935019E+01  6.931200E+01 -5.799083E-02 -6.905396E-02 -5.799083E-02  6.936953E+01 -1.565118E-01 -6.905396E-02 -1.565118E-01  6.936904E+01  1.058040E+00  1.418424E+00  2.780453E+00  5.052416E-01
  1.550000E+03  1.433098E+01  1.275934E+01  5.521807E-03  6.940639E+01  6.937145E+01 -1.050869E-01 -5.368771E-02 -1.050869E-01  6.943016E+01 -1.597894E-02 -5.368771E-02 -1.597894E-02  6.941755E+01  1.047760E+00  1.369131E+00  2.650250E+00  4.904112E-01
  1.600000E+03  1.436072E+01  1.277055E+01  6.466978E-03  6.935200E+01  6.934339E+01  1.305253E-01 -2.687550E-02  1.305253E-01  6.932582E+01  8.299252E-02 -2.687550E-02  8.299252E-02  6.938679E+01  1.060113E+00  1.406393E+00  2.490280E+00  4.823612E-01
  1.650000E+03  1.434594E+01  1.276861E+01  5.719615E-03  6.947148E+01  6.940126E+01  7.049954E-03  3.088324E-03  7.049954E-03  6.951084E+01 -1.018587E-03  3.088324E-03 -1.018587E-03  6.950234E+01  1.051558E+00  1.377273E+00  2.898513E+00  5.609681E-01
  1.700000E+03  1.434882E+01  1.275871E+01  5.457663E-03  6.936349E+01  6.942202E+01 -1.116063E-02  9.377384E-02 -1.116063E-02  6.933687E+01 -9.345987E-04  9.377384E-02 -9.345987E-04  6.933158E+01  1.060073E+00  1.350017E+00  3.115358E+00  4.805183E-01
  1.750000E+03  1.436229E+01  1.278201E+01  6.833107E-03  6.942108E+01  6.938430E+01  2.033454E-02  5.560287E-02  2.033454E-02  6.930212E+01  1.740196E-03  5.560287E-02  1.740196E-03  6.957681E+01  1.053517E+00  1.400722E+00  2.459937E+00  5.478612E-01
  1.800000E+03  1.435471E+01  1.277047E+01  5.890369E-03  6.938158E+01  6.937882E+01 -2.975498E-02  1.879774E-02 -2.975498E-02  6.930377E+01 -1.447619E-02  1.879774E-02 -1.447619E-02  6.946215E+01  1.056160E+00  1.369286E+00  2.868435E+00  5.490040E-01
  1.850000E+03  1.435666E+01  1.276539E+01  5.770490E-03  6.945059E+01  6.944702E+01 -7.429451E-02 -1.146250E-01 -7.429451E-02  6.949477E+01  5.032240E-03 -1.146250E-01  5.032240E-03  6.940998E+01  1.060850E+00  1.379322E+00  2.529908E+00  5.664996E-01
  1.900000E+03  1.436219E+01  1.277443E+01  7.197805E-03  6.934004E+01  6.945037E+01 -3.770447E-02 -4.893779E-02 -3.770447E-02  6.925614E+01 -8.605499E-02 -4.893779E-02 -8.605499E-02  6.931361E+01  1.058506E+00  1.407207E+00  2.987214E+00  4.801029E-01
  1.950000E+03  1.434805E+01  1.275839E+01  6.468442E-03  6.952499E+01  6.944541E+01  7.116789E-02 -1.125166E-01  7.116789E-02  6.956838E+01 -3.801044E-02 -1.125166E-01 -3.801044E-02  6.956119E+01  1.059772E+00  1.416654E+00  2.675853E+00  4.902518E-01
  2.000000E+03  1.436327E+01  1.276876E+01  5.890195E-03  6.936928E+01  6.931151E+01  4.954962E-02  1.292854E-01  4.954962E-02  6.932685E+01 -1.771301E-02  1.292854E-01 -1.771301E-02  6.946947E+01  1.063009E+00  1.380392E+00  2.562909E+00  5.481509E-01
  2.050000E+03  1.434954E+01  1.277197E+01  5.973781E-03  6.944940E+01  6.954229E+01 -1.843823E-02  4.246352E-03 -1.843823E-02  6.942183E+01 -8.004957E-02  4.246352E-03 -8.004957E-02  6.938407E+01  1.051713E+00  1.378896E+00  2.573153E+00  4.592087E-01
  2.100000E+03  1.434613E+01  1.277156E+01  6.324004E-03  6.946984E+01  6.938785E+01 -5.642705E-02  3.348948E-03 -5.642705E-02  6.947848E+01  2.443540E-02  3.348948E-03  2.443540E-02  6.954319E+01  1.049711E+00  1.404049E+00  2.621611E+00  4.464969E-01
  2.150000E+03  1.434479E+01  1.277341E+01  6.717918E-03  6.934969E+01  6.938837E+01  6.370415E-02  3.098313E-02  6.370415E-02  6.928043E+01  1.492694E-02  3.098313E-02  1.492694E-02  6.938027E+01  1.047588E+00  1.421278E+00  2.640086E+00  4.988385E-01
  2.200000E+03  1.435953E+01  1.277210E+01  5.736507E-03  6.949032E+01  6.955495E+01 -3.780657E-02  6.408907E-02 -3.780657E-02  6.942105E+01 -7.405459E-02  6.408907E-02 -7.405459E-02  6.949496E+01  1.058285E+00  1.364240E+00  2.567559E+00  5.393645E-01
  2.250000E+03  1.435149E+01  1.276118E+01  6.818835E-03  6.946300E+01  6.936960E+01 -5.341182E-02  9.106245E-02 -5.341182E-02  6.953466E+01  6.226734E-02  9.106245E-02  6.226734E-02  6.948474E+01  1.060209E+00  1.443920E+00  2.483686E+00  5.238661E-01
  2.300000E+03  1.437247E+01  1.277290E+01  6.759716E-03  6.943913E+01  6.947669E+01 -4.233802E-02 -3.591384E-02 -4.233802E-02  6.944212E+01 -1.155812E-02 -3.591384E-02 -1.155812E-02  6.939858E+01  1.066377E+00  1.437118E+00  2.633220E+00  6.367192E-01
  2.350000E+03  1.433702E+01  1.275769E+01  6.769964E-03  6.939308E+01  6.940974E+01  1.750064E-02 -9.373169E-02  1.750064E-02  6.939076E+01  1.235476E-02 -9.373169E-02  1.235476E-02  6.937874E+01  1.052884E+00  1.425763E+00  3.264417E+00  5.584399E-01
  2.400000E+03  1.435134E+01  1.276515E+01  4.736761E-03  6.950204E+01  6.952712E+01 -2.315548E-02 -4.963778E-02 -2.315548E-02  6.951557E+01 -4.151745E-02 -4.963778E-02 -4.151745E-02  6.946343E+01  1.057459E+00  1.308540E+00  2.481919E+00  4.186322E-01
  2.450000E+03  1.434596E+01  1.276470E+01  5.503147E-03  6.939934E+01  6.927998E+01 -1.478699E-02 -1.605603E-02 -1.478699E-02  6.948784E+01  3.913760E-02 -1.605603E-02  3.913760E-02  6.943019E+01  1.054173E+00  1.317970E+00  2.820478E+00  4.917435E-01
  2.500000E+03  1.436026E+01  1.277769E+01  6.210219E-03  6.946898E+01  6.949269E+01 -4.042192E-02 -1.094422E-01 -4.042192E-02  6.945239E+01 -5.498844E-02 -1.094422E-01 -5.498844E-02  6.946187E+01  1.055045E+00  1.354849E+00  2.937578E+00  4.498960E-01
  2.550000E+03  1.434367E+01  1.276360E+01  6.760089E-03  6.939558E+01  6.934498E+01 -9.578537E-03  2.413338E-02 -9.578537E-03  6.936432E+01  3.920080E-03  2.413338E-02  3.920080E-03  6.947743E+01  1.053380E+00  1.423419E+00  2.684776E+00  5.407492E-01
  2.600000E+03  1.434929E+01  1.276772E+01  5.985111E-03  6.933816E+01  6.935927E+01  6.852997E-02  7.381292E-02  6.852997E-02  6.930392E+01  8.302105E-02  7.381292E-02  8.302105E-02  6.935127E+01  1.054385E+00  1.383132E+00  2.501626E+00  4.841489E-01
  2.650000E+03  1.435264E+01  1.277899E+01  6.171499E-03  6.937286E+01  6.933318E+01  6.857287E-02 -1.129443E-01  6.857287E-02  6.934667E+01 -9.026920E-02 -1.129443E-01 -9.026920E-02  6.943873E+01  1.049096E+00  1.382399E+00  3.030645E+00  5.432980E-01
  2.700000E+03  1.434399E+01  1.276717E+01  5.467768E-03  6.943908E+01  6.940570E+01 -8.345977E-02  3.290416E-02 -8.345977E-02  6.948942E+01 -1.065075E-01  3.290416E-02 -1.065075E-01  6.942212E+01  1.051208E+00  1.362981E+00  2.366079E+00  5.810730E-01
  2.750000E+03  1.434974E+01  1.277274E+01  5.668805E-03  6.947375E+01  6.954057E+01  3.665246E-02  2.750233E-02  3.665246E-02  6.951627E+01  5.020081E-03  2.750233E-02  5.020081E-03  6.936442E+01  1.051336E+00  1.360926E+00  2.626597E+00  2.847807E-01
  2.800000E+03  1.435541E+01  1.277070E+01  4.679331E-03  6.943285E+01  6.945630E+01 -6.447835E-02  3.941193E-02 -6.447835E-02  6.938864E+01  4.398008E-02  3.941193E-02  4.398008E-02  6.945360E+01  1.056472E+00  1.327443E+00  2.481101E+00  5.216442E-01
  2.850000E+03  1.434392E+01  1.276037E+01  6.830789E-03  6.944809E+01  6.951352E+01 -6.226455E-02 -8.254921E-02 -6.226455E-02  6.939140E+01 -4.566707E-02 -8.254921E-02 -4.566707E-02  6.943936E+01  1.055700E+00  1.435238E+00  2.926637E+00  5.428574E-01
  2.900000E+03  1.436291E+01  1.276845E+01  6.406996E-03  6.940324E+01  6.939789E+01  1.154981E-01 -1.208009E-02  1.154981E-01  6.944729E+01 -4.660424E-02 -1.208009E-02 -4.660424E-02  6.936453E+01  1.062975E+00  1.405672E+00  2.903358E+00  3.909696E-01
  2.950000E+03  1.435890E+01  1.277326E+01  6.287308E-03  6.934600E+01  6.941955E+01  1.212862E-02 -2.559672E-03  1.212862E-02  6.934101E+01 -9.359308E-02 -2.559672E-03 -9.359308E-02  6.927745E+01  1.057094E+00  1.388938E+00  3.224689E+00  5.528800E-01
  3.000000E+03  1.436109E+01  1.276389E+01  5.575615E-03  6.947942E+01  6.940086E+01  4.100844E-02  4.728250E-02  4.100844E-02  6.950531E+01  2.629165E-03  4.728250E-02  2.629165E-03  6.953210E+01  1.064794E+00  1.396086E+00  2.308017E+00  4.890731E-01
  3.050000E+03  1.435746E+01  1.276411E+01  5.658633E-03  6.937121E+01  6.942103E+01 -1.005974E-01  1.066234E-01 -1.005974E-01  6.937164E+01  2.064405E-02  1.066234E-01  2.064405E-02  6.932096E+01  1.062234E+00  1.376255E+00  2.567922E+00  4.725289E-01
  3.100000E+03  1.437265E+01  1.278643E+01  7.139443E-03  6.942712E+01  6.943043E+01  1.871260E-02  3.342656E-02  1.871260E-02  6.942501E+01 -5.852287E-02  3.342656E-02 -5.852287E-02  6.942592E+01  1.057476E+00  1.436530E+00  2.629071E+00  4.672520E-01
  3.150000E+03  1.436625E+01  1.278056E+01  6.344528E-03  6.947112E+01  6.935401E+01  4.506548E-02 -1.142172E-02  4.506548E-02  6.947960E+01  5.244924E-02 -1.142172E-02  5.244924E-02  6.957974E+01  1.057123E+00  1.384966E+00  2.677279E+00  4.633182E-01
  3.200000E+03  1.435520E+01  1.276860E+01  6.227965E-03  6.941594E+01  6.948084E+01  8.473408E-02 -4.676305E-02  8.473408E-02  6.943967E+01  9.901251E-02 -4.676305E-02  9.901251E-02  6.932731E+01  1.057734E+00  1.375202E+00  2.951909E+00  5.605698E-01
  3.250000E+03  1.434945E+01  1.276086E+01  6.420829E-03  6.948983E+01  6.948069E+01 -1.557222E-02 -1.448349E-02 -1.557222E-02  6.957108E+01  4.130989E-02 -1.448349E-02  4.130989E-02  6.941773E+01  1.059062E+00  1.396785E+00  2.770195E+00  5.117134E-01
  3.300000E+03  1.437192E+01  1.276660E+01  5.608730E-03  6.946841E+01  6.940628E+01  1.166432E-01  7.541320E-02  1.166432E-01  6.957967E+01  7.310068E-03  7.541320E-02  7.310068E-03  6.941927E+01  1.070216E+00  1.343423E+00  2.338800E+00  4.868298E-01
  3.350000E+03  1.436390E+01  1.277773E+01  6.341500E-03  6.933086E+01  6.937665E+01 -1.091427E-02  4.832491E-02 -1.091427E-02  6.931592E+01  3.889288E-02  4.832491E-02  3.889288E-02  6.930000E+01  1.057450E+00  1.369080E+00  2.794474E+00  4.672907E-01
  3.400000E+03  1.436468E+01  1.276919E+01  5.542306E-03  6.952899E+01  6.950485E+01  8.505951E-02 -1.095516E-02  8.505951E-02  6.959488E+01 -4.156611E-02 -1.095516E-02 -4.156611E-02  6.948725E+01  1.063663E+00  1.337815E+00  2.489311E+00  3.906262E-01
  3.450000E+03  1.435802E+01  1.277711E+01  6.971131E-03  6.944240E+01  6.944573E+01 -2.693838E-02 -1.141777E-01 -2.693838E-02  6.933691E+01 -9.416600E-02 -1.141777E-01 -9.416600E-02  6.954457E+01  1.053942E+00  1.417147E+00  2.815951E+00  3.831435E-01
  3.500000E+03  1.435789E+01  1.276847E+01  7.106785E-03  6.943977E+01  6.947323E+01 -7.448628E-02 -4.676601E-02 -7.448628E-02  6.937958E+01  5.256437E-02 -4.676601E-02  5.256437E-02  6.946649E+01  1.059618E+00  1.417701E+00  3.073104E+00  5.343770E-01
  3.550000E+03  1.433716E+01  1.275960E+01  5.896553E-03  6.937432E+01  6.930664E+01  4.688469E-02  9.574405E-02  4.688469E-02  6.948497E+01  1.848318E-02  9.574405E-02  1.848318E-02  6.933135E+01  1.051708E+00  1.363604E+00  2.634940E+00  3.217440E-01
  3.600000E+03  1.433250E+01  1.276990E+01  6.173593E-03  6.938547E+01  6.940639E+01  9.241686E-02  6.867307E-02  9.241686E-02  6.936226E+01 -7.732012E-02  6.867307E-02 -7.732012E-02  6.938775E+01  1.041730E+00  1.388010E+00  2.644397E+00  5.209531E-01
  3.650000E+03  1.434122E+01  1.276826E+01  7.746741E-03  6.941512E+01  6.948066E+01  3.475338E-02 -1.105790E-01  3.475338E-02  6.936898E+01  1.515164E-02 -1.105790E-01  1.515164E-02  6.939572E+01  1.048637E+00  1.450805E+00  2.913863E+00  4.755970E-01
  3.700000E+03  1.435167E+01  1.276726E+01  5.506737E-03  6.943393E+01  6.949296E+01  7.551635E-02  7.623694E-02  7.551635E-02  6.940258E+01  4.248743E-02  7.623694E-02  4.248743E-02  6.940625E+01  1.056276E+00  1.376422E+00  2.530064E+00  5.295431E-01
  3.750000E+03  1.435408E+01  1.277280E+01  6.590637E-03  6.936617E+01  6.935516E+01 -5.127331E-02  2.380380E-02 -5.127331E-02  6.936644E+01 -2.883538E-04  2.380380E-02 -2.883538E-04  6.937693E+01  1.054187E+00  1.425967E+00  2.630156E+00  4.565840E-01
  3.800000E+03  1.433687E+01  1.276385E+01  5.970712E-03  6.938947E+01  6.933883E+01  5.211322E-03  7.690455E-02  5.211322E-03  6.948811E+01  3.795257E-02  7.690455E-02  3.795257E-02  6.934146E+01  1.048682E+00  1.389088E+00  2.628269E+00  5.617022E-01
  3.850000E+03  1.435314E+01  1.276631E+01  5.547257E-03  6.943649E+01  6.934240E+01 -1.119422E-02  7.063647E-02 -1.119422E-02  6.945846E+01 -7.547817E-03  7.063647E-02 -7.547817E-03  6.950861E+01  1.057888E+00  1.367649E+00  2.594110E+00  5.082727E-01
  3.900000E+03  1.433623E+01  1.276376E+01  5.147619E-03  6.945272E+01  6.938252E+01  7.564917E-02 -6.306387E-02  7.564917E-02  6.945811E+01 -2.548255E-03 -6.306387E-02 -2.548255E-03  6.951753E+01  1.048311E+00  1.368151E+00  2.616845E+00  5.679030E-01
  3.950000E+03  1.434319E+01  1.275925E+01  5.666675E-03  6.934809E+01  6.929077E+01  2.563841E-02  2.419731E-02  2.563841E-02  6.938074E+01  5.969753E-02  2.419731E-02  5.969753E-02  6.937277E+01  1.055962E+00  1.380326E+00  2.721797E+00  4.002467E-01
  4.000000E+03  1.434323E+01  1.276223E+01  6.164082E-03  6.938434E+01  6.947061E+01  4.733257E-02 -2.619680E-02  4.733257E-02  6.932432E+01 -5.591320E-02 -2.619680E-02 -5.591320E-02  6.935807E+01  1.053998E+00  1.392666E+00  2.323550E+00  4.207691E-01
  4.050000E+03  1.436760E+01  1.276850E+01  6.346741E-03  6.942825E+01  6.939180E+01  3.188004E-02  1.234152E-02  3.188004E-02  6.936756E+01  3.443157E-02  1.234152E-02  3.443157E-02  6.952540E+01  1.066069E+00  1.404143E+00  2.840790E+00  4.447636E-01
  4.100000E+03  1.437624E+01  1.278177E+01  6.958062E-03  6.944864E+01  6.957312E+01 -5.568075E-03 -2.781004E-02 -5.568075E-03  6.942515E+01  1.691207E-02 -2.781004E-02  1.691207E-02  6.934765E+01  1.062979E+00  1.433723E+00  2.613957E+00  4.219428E-01
  4.150000E+03  1.434477E+01  1.277160E+01  6.685479E-03  6.935974E+01  6.936994E+01  5.147149E-02 -1.724808E-01  5.147149E-02  6.926635E+01  6.100050E-03 -1.724808E-01  6.100050E-03  6.944293E+01  1.048783E+00  1.434743E+00  2.711582E+00  6.652651E-01
  4.200000E+03  1.434668E+01  1.276247E+01  6.917974E-03  6.945073E+01  6.944131E+01 -7.209038E-02  2.387661E-02 -7.209038E-02  6.944036E+01 -8.343825E-02  2.387661E-02 -8.343825E-02  6.947051E+01  1.056139E+00  1.404938E+00  2.805803E+00  5.170323E-01
  4.250000E+03  1.436668E+01  1.277450E+01  5.237357E-03  6.940914E+01  6.929854E+01 -8.467117E-02 -5.437516E-03 -8.467117E-02  6.939579E+01  3.265757E-02 -5.437516E-03  3.265757E-02  6.953310E+01  1.061456E+00  1.327014E+00  2.647905E+00  3.919069E-01
  4.300000E+03  1.434695E+01  1.276278E+01  6.889364E-03  6.941001E+01  6.958970E+01  5.306200E-02  1.123448E-01  5.306200E-02  6.937246E+01 -2.173851E-03  1.123448E-01 -2.173851E-03  6.926787E+01  1.056114E+00  1.443118E+00  2.852126E+00  4.457702E-01
  4.350000E+03  1.437548E+01  1.278080E+01  6.315018E-03  6.935041E+01  6.933478E+01 -4.733960E-02  7.042504E-02 -4.733960E-02  6.931236E+01 -1.334803E-01  7.042504E-02 -1.334803E-01  6.940408E+01  1.063121E+00  1.412936E+00  2.582558E+00  5.956580E-01
  4.400000E+03  1.432989E+01  1.275546E+01  6.133312E-03  6.940469E+01  6.939966E+01 -4.971755E-02 -1.154153E-01 -4.971755E-02  6.936480E+01  1.158470E-02 -1.154153E-01  1.158470E-02  6.944962E+01  1.049621E+00  1.379983E+00  2.473528E+00  4.775414E-01
  4.450000E+03  1.436176E+01  1.278102E+01  6.435609E-03  6.934867E+01  6.926812E+01  2.619731E-02 -6.829916E-03  2.619731E-02  6.939261E+01  7.162671E-02 -6.829916E-03  7.162671E-02  6.938529E+01  1.053826E+00  1.415039E+00  2.768481E+00  4.818581E-01
  4.500000E+03  1.433730E+01  1.276428E+01  7.025175E-03  6.941126E+01  6.942209E+01 -3.037812E-02  4.747954E-02 -3.037812E-02  6.942076E+01  3.004202E-02  4.747954E-02  3.004202E-02  6.939094E+01  1.048678E+00  1.433882E+00  2.734292E+00  4.799872E-01
  4.550000E+03  1.435410E+01  1.275820E+01  5.769668E-03  6.943010E+01  6.933860E+01  2.492247E-02 -5.500915E-02  2.492247E-02  6.943841E+01 -3.865133E-02 -5.500915E-02 -3.865133E-02  6.951327E+01  1.063935E+00  1.335482E+00  2.527504E+00  5.480082E-01
  4.600000E+03  1.434352E+01  1.276251E+01  4.851106E-03  6.942255E+01  6.946412E+01 -2.207023E-02  9.278643E-02 -2.207023E-02  6.941658E+01  4.431894E-02  9.278643E-02  4.431894E-02  6.938695E+01  1.054010E+00  1.328635E+00  2.437721E+00  3.530158E-01
  4.650000E+03  1.435464E+01  1.276811E+01  6.726416E-03  6.942165E+01  6.944582E+01  7.288587E-02 -7.551123E-02  7.288587E-02  6.941694E+01  3.851301E-02 -7.551123E-02  3.851301E-02  6.940221E+01  1.057689E+00  1.420547E+00  2.616938E+00  5.999874E-01
  4.700000E+03  1.434629E+01  1.276046E+01  5.885191E-03  6.944545E+01  6.945843E+01 -1.814713E-02 -5.747230E-02 -1.814713E-02  6.940868E+01 -1.785762E-02 -5.747230E-02 -1.785762E-02  6.946925E+01  1.057223E+00  1.398579E+00  2.860164E+00  6.840198E-01
  4.750000E+03  1.435182E+01  1.276439E+01  6.649083E-03  6.936229E+01  6.940503E+01  5.490369E-02  3.205710E-02  5.490369E-02  6.932336E+01  8.103932E-03  3.205710E-02  8.103932E-03  6.935848E+01  1.058282E+00  1.398496E+00  2.770024E+00  5.147935E-01
  4.800000E+03  1.433969E+01  1.275867E+01  6.332506E-03  6.939864E+01  6.945202E+01  2.618089E-03  3.598047E-02  2.618089E-03  6.936372E+01 -1.219866E-02  3.598047E-02 -1.219866E-02  6.938019E+01  1.054013E+00  1.404211E+00  2.569731E+00  5.016387E-01
  4.850000E+03  1.434156E+01  1.275739E+01  6.183970E-03  6.944611E+01  6.946579E+01 -2.506425E-02  9.737788E-02 -2.506425E-02  6.931480E+01 -1.734179E-03  9.737788E-02 -1.734179E-03  6.955772E+01  1.056112E+00  1.406972E+00  2.336123E+00  5.594555E-01
  4.900000E+03  1.434106E+01  1.276506E+01  5.958223E-03  6.942188E+01  6.949707E+01  5.335033E-02 -6.136547E-04  5.335033E-02  6.945851E+01  7.271505E-02 -6.136547E-04  7.271505E-02  6.931005E+01  1.050671E+00  1.392611E+00  2.445722E+00  4.117792E-01
  4.950000E+03  1.434510E+01  1.278353E+01  7.353038E-03  6.937474E+01  6.931979E+01 -1.897973E-02  2.421485E-02 -1.897973E-02  6.950089E+01 -8.942828E-02  2.421485E-02 -8.942828E-02  6.930353E+01  1.041053E+00  1.418039E+00  3.168417E+00  3.568093E-01
  5.000000E+03  1.434096E+01  1.277429E+01  6.154286E-03  6.928762E+01  6.923817E+01  1.940148E-02 -8.269408E-02  1.940148E-02  6.932211E+01  6.159069E-02 -8.269408E-02  6.159069E-02  6.930259E+01  1.044443E+00  1.403945E+00  2.944845E+00  4.403075E-01
  5.050000E+03  1.436933E+01  1.278448E+01  5.695274E-03  6.938553E+01  6.943743E+01 -1.370712E-02  5.750865E-03 -1.370712E-02  6.934403E+01  3.195861E-02  5.750865E-03  3.195861E-02  6.937513E+01  1.056565E+00  1.382824E+00  2.609289E+00  5.053677E-01
  5.100000E+03  1.435255E+01  1.277084E+01  6.058988E-03  6.937868E+01  6.949815E+01  1.054895E-01 -8.218066E-02  1.054895E-01  6.920535E+01  8.627746E-02 -8.218066E-02  8.627746E-02  6.943254E+01  1.054470E+00  1.382149E+00  2.652034E+00  5.816120E-01
  5.150000E+03  1.434815E+01  1.276763E+01  5.407168E-03  6.939133E+01  6.941286E+01 -2.964017E-02 -2.731228E-02 -2.964017E-02  6.940337E+01  5.486394E-02 -2.731228E-02  5.486394E-02  6.935776E+01  1.053681E+00  1.328125E+00  2.905968E+00  3.868057E-01
  5.200000E+03  1.433931E+01  1.275970E+01  5.408461E-03  6.941354E+01  6.940430E+01 -5.355833E-02 -5.385670E-03 -5.355833E-02  6.940778E+01 -2.053076E-02 -5.385670E-03 -2.053076E-02  6.942855E+01  1.053070E+00  1.350867E+00  2.650728E+00  3.590862E-01
  5.250000E+03  1.435613E+01  1.276722E+01  6.076572E-03  6.937650E+01  6.933389E+01 -2.043386E-02 -6.000119E-03 -2.043386E-02  6.936448E+01  7.512080E-03 -6.000119E-03  7.512080E-03  6.943112E+01  1.059276E+00  1.376858E+00  2.532559E+00  4.785296E-01
  5.300000E+03  1.436959E+01  1.277310E+01  6.506421E-03  6.937593E+01  6.932758E+01  9.233640E-03  1.285844E-02  9.233640E-03  6.933862E+01  1.042678E-01  1.285844E-02  1.042678E-01  6.946160E+01  1.064328E+00  1.409246E+00  2.850386E+00  5.317881E-01
  5.350000E+03  1.435317E+01  1.276948E+01  6.174036E-03  6.942431E+01  6.945511E+01 -4.770425E-02  1.892530E-02 -4.770425E-02  6.936358E+01  8.054057E-02  1.892530E-02  8.054057E-02  6.945425E+01  1.055793E+00  1.403469E+00  2.583776E+00  5.582064E-01
  5.400000E+03  1.433548E+01  1.275925E+01  5.553634E-03  6.940165E+01  6.937659E+01  8.213639E-02  8.998692E-03  8.213639E-02  6.944480E+01  4.912785E-02  8.998692E-03  4.912785E-02  6.938358E+01  1.050816E+00  1.381518E+00  2.377563E+00  4.520633E-01
  5.450000E+03  1.433663E+01  1.275795E+01  6.837128E-03  6.945421E+01  6.945234E+01 -2.158896E-02 -6.164270E-03 -2.158896E-02  6.949940E+01  7.910852E-02 -6.164270E-03  7.910852E-02  6.941089E+01  1.052455E+00  1.420076E+00  2.723043E+00  3.132916E-01
  5.500000E+03  1.435181E+01  1.277024E+01  5.925468E-03  6.945598E+01  6.949623E+01 -1.353259E-01 -1.065520E-01 -1.353259E-01  6.936866E+01  1.712811E-02 -1.065520E-01  1.712811E-02  6.950305E+01  1.054386E+00  1.389904E+00  2.452603E+00  4.757120E-01
  5.550000E+03  1.433168E+01  1.275546E+01  5.804161E-03  6.948700E+01  6.941288E+01  7.447748E-02 -4.124920E-03  7.447748E-02  6.951389E+01 -4.823083E-02 -4.124920E-03 -4.823083E-02  6.953423E+01  1.050812E+00  1.369214E+00  2.601300E+00  3.890639E-01
  5.600000E+03  1.435042E+01  1.276678E+01  6.576158E-03  6.940203E+01  6.941786E+01  7.094371E-02  1.694494E-01  7.094371E-02  6.938574E+01 -3.149432E-02  1.694494E-01 -3.149432E-02  6.940249E+01  1.055766E+00  1.420035E+00  3.030042E+00  5.066113E-01
  5.650000E+03  1.437554E+01  1.279284E+01  7.159679E-03  6.931498E+01  6.936986E+01 -4.633673E-02  1.519121E-02 -4.633673E-02  6.931862E+01 -2.771724E-03  1.519121E-02 -2.771724E-03  6.925645E+01  1.055129E+00  1.419705E+00  3.002238E+00  4.175466E-01
  5.700000E+03  1.434773E+01  1.277188E+01  6.365107E-03  6.937234E+01  6.929326E+01 -5.829772E-02  1.532757E-02 -5.829772E-02  6.952444E+01  2.622030E-02  1.532757E-02  2.622030E-02  6.929932E+01  1.050567E+00  1.393788E+00  2.512632E+00  4.774386E-01
  5.750000E+03  1.436450E+01  1.277615E+01  6.913081E-03  6.936900E+01  6.938046E+01 -3.389533E-02 -5.183957E-02 -3.389533E-02  6.938127E+01  9.781515E-03 -5.183957E-02  9.781515E-03  6.934528E+01  1.058900E+00  1.430492E+00  3.000656E+00  5.891641E-01
  5.800000E+03  1.435404E+01  1.277232E+01  5.561109E-03  6.929923E+01  6.933051E+01 -5.392570E-02  1.036272E-01 -5.392570E-02  6.923802E+01  3.403405E-02  1.036272E-01  3.403405E-02  6.932917E+01  1.054478E+00  1.361132E+00  2.592724E+00  3.106222E-01
  5.850000E+03  1.437281E+01  1.277759E+01  6.790857E-03  6.942334E+01  6.959136E+01 -3.785997E-02 -1.095565E-01 -3.785997E-02  6.925606E+01 -1.358431E-02 -1.095565E-01 -1.358431E-02  6.942260E+01  1.063477E+00  1.447383E+00  2.742406E+00  5.857473E-01
  5.900000E+03  1.434355E+01  1.275975E+01  6.275554E-03  6.939052E+01  6.939426E+01  7.039085E-02 -6.198018E-02  7.039085E-02  6.943564E+01  8.828686E-02 -6.198018E-02  8.828686E-02  6.934167E+01  1.055869E+00  1.393977E+00  2.581454E+00  4.908267E-01
  5.950000E+03  1.435571E+01  1.278083E+01  6.209787E-03  6.929565E+01  6.933382E+01  8.059269E-02  2.811562E-02  8.059269E-02  6.927099E+01 -7.303948E-02  2.811562E-02 -7.303948E-02  6.928215E+01  1.049918E+00  1.414531E+00  2.713201E+00  6.131616E-01
  6.000000E+03  1.435584E+01  1.277966E+01  5.098219E-03  6.943338E+01  6.937155E+01  6.572945E-02  9.413219E-03  6.572945E-02  6.956605E+01 -5.532565E-02  9.413219E-03 -5.532565E-02  6.936254E+01  1.050786E+00  1.338162E+00  2.376568E+00  5.237105E-01
  6.050000E+03  1.433195E+01  1.277134E+01  7.071227E-03  6.931152E+01  6.929101E+01  4.343544E-02  3.822426E-02  4.343544E-02  6.931605E+01  8.230610E-02  3.822426E-02  8.230610E-02  6.932752E+01  1.040404E+00  1.438112E+00  2.605972E+00  4.953827E-01
  6.100000E+03  1.437089E+01  1.278005E+01  6.061873E-03  6.939301E+01  6.937520E+01  4.367988E-02  5.384145E-02  4.367988E-02  6.936463E+01  1.145782E-02  5.384145E-02  1.145782E-02  6.943921E+01  1.060554E+00  1.385351E+00  2.513207E+00  5.732778E-01
  6.150000E+03  1.436884E+01  1.277645E+01  6.043861E-03  6.945309E+01  6.947602E+01  1.367602E-02 -2.625910E-02  1.367602E-02  6.941586E+01 -1.069860E-01 -2.625910E-02 -1.069860E-01  6.946739E+01  1.061598E+00  1.374108E+00  3.414406E+00  5.126185E-01
  6.200000E+03  1.434853E+01  1.276800E+01  5.754420E-03  6.938330E+01  6.932642E+01  5.358634E-02  4.067146E-02  5.358634E-02  6.930679E+01 -5.073721E-02  4.067146E-02 -5.073721E-02  6.951669E+01  1.053688E+00  1.363275E+00  2.776510E+00  3.966641E-01
  6.250000E+03  1.436882E+01  1.278105E+01  6.266256E-03  6.938503E+01  6.935749E+01 -4.545804E-02 -3.150626E-02 -4.545804E-02  6.942425E+01  8.425771E-03 -3.150626E-02  8.425771E-03  6.937335E+01  1.058511E+00  1.385276E+00  2.833239E+00  5.369637E-01
  6.300000E+03  1.437000E+01  1.276644E+01  6.353750E-03  6.934802E+01  6.946557E+01  5.093740E-02 -2.125220E-02  5.093740E-02  6.932097E+01 -4.971138E-02 -2.125220E-02 -4.971138E-02  6.925753E+01  1.069040E+00  1.401980E+00  2.938776E+00  4.615767E-01
  6.350000E+03  1.434639E+01  1.277118E+01  6.062607E-03  6.933197E+01  6.943684E+01  5.096036E-03  3.052251E-02  5.096036E-03  6.924507E+01  4.671641E-02  3.052251E-02  4.671641E-02  6.931400E+01  1.050136E+00  1.384296E+00  2.450750E+00  4.562807E-01
  6.400000E+03  1.437068E+01  1.278488E+01  6.298858E-03  6.936064E+01  6.927506E+01  5.238523E-02 -9.068910E-03  5.238523E-02  6.948203E+01  7.561254E-03 -9.068910E-03  7.561254E-03  6.932482E+01  1.057200E+00  1.386690E+00  2.609288E+00  4.239224E-01
  6.450000E+03  1.433719E+01  1.277183E+01  6.087249E-03  6.941013E+01  6.941128E+01 -6.982070E-02  3.768380E-02 -6.982070E-02  6.951193E+01  5.847785E-02  3.768380E-02  5.847785E-02  6.930719E+01  1.043573E+00  1.396603E+00  2.482162E+00  5.186903E-01
  6.500000E+03  1.435830E+01  1.277900E+01  6.246634E-03  6.931542E+01  6.928443E+01  4.678909E-02 -3.144815E-02  4.678909E-02  6.931982E+01 -4.599204E-04 -3.144815E-02 -4.599204E-04  6.934200E+01  1.052866E+00  1.393862E+00  2.563774E+00  5.391409E-01
  6.550000E+03  1.435463E+01  1.277464E+01  5.833149E-03  6.936950E+01  6.939331E+01  4.092965E-02 -2.302263E-02  4.092965E-02  6.932806E+01  4.685819E-02 -2.302263E-02  4.685819E-02  6.938712E+01  1.053327E+00  1.381523E+00  2.613833E+00  6.278969E-01
  6.600000E+03  1.434897E+01  1.276627E+01  6.333153E-03  6.936909E+01  6.944542E+01  3.136102E-03 -6.070820E-03  3.136102E-03  6.937985E+01  1.406655E-02 -6.070820E-03  1.406655E-02  6.928199E+01  1.055133E+00  1.397764E+00  2.461263E+00  5.098604E-01
  6.650000E+03  1.434995E+01  1.276205E+01  6.167997E-03  6.952914E+01  6.950861E+01 -1.692075E-02 -2.369550E-02 -1.692075E-02  6.944896E+01 -1.275818E-02 -2.369550E-02 -1.275818E-02  6.962984E+01  1.058600E+00  1.389846E+00  2.656306E+00  4.889898E-01
  6.700000E+03  1.436976E+01  1.277807E+01  7.559698E-03  6.928933E+01  6.935880E+01 -2.995127E-02 -8.293556E-02 -2.995127E-02  6.922534E+01 -5.950549E-02 -8.293556E-02 -5.950549E-02  6.928385E+01  1.061128E+00  1.469143E+00  2.713759E+00  6.010771E-01
  6.750000E+03  1.434952E+01  1.277052E+01  6.630006E-03  6.933646E+01  6.924521E+01 -1.050859E-01  3.376589E-02 -1.050859E-01  6.941375E+01  6.860255E-02  3.376589E-02  6.860255E-02  6.935043E+01  1.052663E+00  1.404695E+00  2.585719E+00  4.632722E-01
  6.800000E+03  1.435449E+01  1.277154E+01  6.927819E-03  6.941921E+01  6.926910E+01 -2.687032E-02  2.997635E-02 -2.687032E-02  6.952485E+01 -4.097471E-02  2.997635E-02 -4.097471E-02  6.946368E+01  1.055298E+00  1.422276E+00  2.568840E+00  4.428473E-01
  6.850000E+03  1.435620E+01  1.277178E+01  6.570172E-03  6.939579E+01  6.940117E+01  3.839761E-02  7.972419E-02  3.839761E-02  6.932422E+01  2.432528E-02  7.972419E-02  2.432528E-02  6.946197E+01  1.056281E+00  1.411924E+00  2.954658E+00  6.133124E-01
  6.900000E+03  1.434248E+01  1.276275E+01  7.457011E-03  6.928746E+01  6.921036E+01  6.380515E-02  1.677637E-01  6.380515E-02  6.935179E+01  9.059388E-02  1.677637E-01  9.059388E-02  6.930024E+01  1.053149E+00  1.443050E+00  2.709877E+00  5.819751E-01
  6.950000E+03  1.433666E+01  1.277367E+01  5.540826E-03  6.931932E+01  6.930663E+01 -6.643884E-02  1.378516E-01 -6.643884E-02  6.937135E+01  8.460447E-03  1.378516E-01  8.460447E-03  6.927997E+01  1.041998E+00  1.345038E+00  2.836915E+00  4.499966E-01
  7.000000E+03  1.434619E+01  1.277172E+01  6.190035E-03  6.940882E+01  6.936704E+01 -2.531089E-03 -2.920642E-02 -2.531089E-03  6.932485E+01  1.051340E-02 -2.920642E-02  1.051340E-02  6.953457E+01  1.049646E+00  1.371243E+00  3.079226E+00  3.832188E-01
  7.050000E+03  1.433312E+01  1.276858E+01  6.261654E-03  6.925967E+01  6.926646E+01  3.898111E-02 -4.956989E-02  3.898111E-02  6.923089E+01  9.105583E-02 -4.956989E-02  9.105583E-02  6.928167E+01  1.043023E+00  1.378319E+00  2.566232E+00  5.686558E-01
  7.100000E+03  1.434005E+01  1.277306E+01  5.786657E-03  6.931125E+01  6.926259E+01 -3.303125E-02 -7.891773E-03 -3.303125E-02  6.934219E+01  1.024548E-02 -7.891773E-03  1.024548E-02  6.932898E+01  1.044657E+00  1.385308E+00  2.425413E+00  5.062150E-01
  7.150000E+03  1.433651E+01  1.274920E+01  6.882466E-03  6.945047E+01  6.952768E+01 -1.199600E-01 -4.512153E-02 -1.199600E-01  6.946719E+01 -2.674955E-02 -4.512153E-02 -2.674955E-02  6.935654E+01  1.058206E+00  1.425270E+00  2.627501E+00  5.180945E-01
  7.200000E+03  1.434644E+01  1.275645E+01  7.119964E-03  6.943043E+01  6.947669E+01  1.812453E-02  1.430551E-02  1.812453E-02  6.930410E+01  6.126939E-02  1.430551E-02  6.126939E-02  6.951049E+01  1.059997E+00  1.432690E+00  2.942524E+00  5.290298E-01
  7.250000E+03  1.434280E+01  1.275337E+01  5.943879E-03  6.949135E+01  6.945636E+01  1.566501E-04  7.753782E-02  1.566501E-04  6.955759E+01 -1.214660E-02  7.753782E-02 -1.214660E-02  6.946009E+01  1.059619E+00  1.389018E+00  2.553762E+00  6.084200E-01
  7.300000E+03  1.433094E+01  1.275867E+01  5.303273E-03  6.943576E+01  6.948322E+01 -1.687516E-02  2.112549E-03 -1.687516E-02  6.944985E+01  6.981808E-02  2.112549E-03  6.981808E-02  6.937422E+01  1.048177E+00  1.371754E+00  2.462520E+00  6.011064E-01
  7.350000E+03  1.435928E+01  1.276622E+01  5.926064E-03  6.940433E+01  6.936067E+01 -7.993808E-03  5.014893E-02 -7.993808E-03  6.936536E+01  1.724644E-03  5.014893E-02  1.724644E-03  6.948696E+01  1.062043E+00  1.382387E+00  2.859543E+00  4.787657E-01
  7.400000E+03  1.436204E+01  1.277308E+01  5.871006E-03  6.939620E+01  6.950939E+01  1.867750E-02 -2.744743E-02  1.867750E-02  6.935437E+01 -2.822841E-02 -2.744743E-02 -2.822841E-02  6.932484E+01  1.059307E+00  1.366230E+00  2.759084E+00  4.844567E-01
  7.450000E+03  1.436396E+01  1.278849E+01  6.799108E-03  6.939875E+01  6.947636E+01 -2.459560E-02 -4.530596E-02 -2.459560E-02  6.943325E+01  7.541104E-03 -4.530596E-02  7.541104E-03  6.928664E+01  1.050312E+00  1.424950E+00  2.619994E+00  4.571094E-01
  7.500000E+03  1.435840E+01  1.276501E+01  7.240202E-03  6.941673E+01  6.931363E+01 -4.116668E-02 -8.446446E-02 -4.116668E-02  6.945979E+01 -4.009628E-02 -8.446446E-02 -4.009628E-02  6.947677E+01  1.062258E+00  1.441955E+00  2.656986E+00  4.973496E-01
  7.550000E+03  1.436516E+01  1.277284E+01  6.473878E-03  6.948259E+01  6.964147E+01  4.986213E-02 -4.162644E-02  4.986213E-02  6.938798E+01 -4.583863E-02 -4.162644E-02 -4.583863E-02  6.941833E+01  1.061546E+00  1.398368E+00  2.904447E+00  4.760288E-01
  7.600000E+03  1.433453E+01  1.276332E+01  6.549761E-03  6.937782E+01  6.952133E+01  2.801544E-03 -1.855257E-02  2.801544E-03  6.929228E+01  2.884616E-02 -1.855257E-02  2.884616E-02  6.931983E+01  1.047475E+00  1.380913E+00  2.645139E+00  5.265408E-01
  7.650000E+03  1.436192E+01  1.277924E+01  6.008640E-03  6.931818E+01  6.927492E+01  1.571935E-01 -7.598101E-02  1.571935E-01  6.931901E+01  3.433116E-02 -7.598101E-02  3.433116E-02  6.936061E+01  1.055119E+00  1.369970E+00  2.810011E+00  4.751958E-01
  7.700000E+03  1.435742E+01  1.277728E+01  5.687065E-03  6.934746E+01  6.931300E+01 -7.662112E-02  4.269076E-02 -7.662112E-02  6.940516E+01 -9.551955E-02  4.269076E-02 -9.551955E-02  6.932423E+01  1.053423E+00  1.365474E+00  2.732322E+00  5.461272E-01
  7.750000E+03  1.434466E+01  1.275252E+01  6.411055E-03  6.944189E+01  6.946294E+01 -7.345873E-02  4.643784E-02 -7.345873E-02  6.947910E+01 -4.967311E-02  4.643784E-02 -4.967311E-02  6.938362E+01  1.061426E+00  1.412036E+00  2.615082E+00  5.098541E-01
  7.800000E+03  1.436420E+01  1.277530E+01  7.684789E-03  6.944662E+01  6.943401E+01 -7.852334E-02  5.620827E-02 -7.852334E-02  6.936576E+01 -7.175796E-02  5.620827E-02 -7.175796E-02  6.954010E+01  1.059269E+00  1.468344E+00  2.923079E+00  4.112538E-01
  7.850000E+03  1.435643E+01  1.276831E+01  6.533002E-03  6.939236E+01  6.948765E+01 -3.805338E-02  8.158179E-02 -3.805338E-02  6.946244E+01 -1.104512E-02  8.158179E-02 -1.104512E-02  6.922700E+01  1.058742E+00  1.403266E+00  2.644707E+00  5.660318E-01
  7.900000E+03  1.435287E+01  1.277527E+01  6.242163E-03  6.935325E+01  6.933829E+01 -3.724918E-02 -4.505449E-02 -3.724918E-02  6.938325E+01 -3.897254E-02 -4.505449E-02 -3.897254E-02  6.933822E+01  1.051731E+00  1.381183E+00  2.561105E+00  5.503914E-01
  7.950000E+03  1.435945E+01  1.276638E+01  7.141033E-03  6.942411E+01  6.937266E+01  2.026937E-02  4.125194E-02  2.026937E-02  6.936518E+01  1.996294E-02  4.125194E-02  1.996294E-02  6.953449E+01  1.062045E+00  1.419799E+00  3.076333E+00  4.462825E-01
  8.000000E+03  1.435931E+01  1.277292E+01  6.922900E-03  6.941471E+01  6.949926E+01 -4.009886E-02 -2.000819E-03 -4.009886E-02  6.935751E+01  7.592433E-02 -2.000819E-03  7.592433E-02  6.938738E+01  1.057594E+00  1.405818E+00  2.801246E+00  4.238353E-01
  8.050000E+03  1.435720E+01  1.277659E+01  6.550395E-03  6.937393E+01  6.941459E+01 -1.620652E-02 -1.351539E-01 -1.620652E-02  6.937963E+01 -1.406395E-03 -1.351539E-01 -1.406395E-03  6.932756E+01  1.053741E+00  1.390727E+00  2.738839E+00  4.409064E-01
  8.100000E+03  1.437437E+01  1.278546E+01  6.618894E-03  6.924746E+01  6.936870E+01 -6.292924E-02  5.085961E-02 -6.292924E-02  6.925448E+01 -1.064373E-02  5.085961E-02 -1.064373E-02  6.911919E+01  1.059277E+00  1.397569E+00  2.949084E+00  4.990894E-01
  8.150000E+03  1.435004E+01  1.276970E+01  6.458999E-03  6.933052E+01  6.926655E+01 -7.885040E-02  5.029293E-02 -7.885040E-02  6.929212E+01 -2.545115E-02  5.029293E-02 -2.545115E-02  6.943290E+01  1.053561E+00  1.404870E+00  2.882297E+00  4.669305E-01
  8.200000E+03  1.434545E+01  1.275980E+01  6.060480E-03  6.949021E+01  6.945852E+01 -4.764343E-02 -1.218793E-02 -4.764343E-02  6.949796E+01 -1.045130E-01 -1.218793E-02 -1.045130E-01  6.951416E+01  1.057097E+00  1.388864E+00  2.612074E+00  4.977827E-01
  8.250000E+03  1.437850E+01  1.278036E+01  5.837502E-03  6.939490E+01  6.938056E+01 -7.131773E-02  1.422035E-02 -7.131773E-02  6.937167E+01 -7.774744E-02  1.422035E-02 -7.774744E-02  6.943249E+01  1.065426E+00  1.372785E+00  2.507040E+00  5.492853E-01
  8.300000E+03  1.435311E+01  1.276268E+01  6.578643E-03  6.932186E+01  6.932093E+01  5.037001E-03  1.762757E-02  5.037001E-03  6.925932E+01  1.005457E-01  1.762757E-02  1.005457E-01  6.938534E+01  1.060285E+00  1.392870E+00  3.107355E+00  5.179571E-01
  8.350000E+03  1.434577E+01  1.276439E+01  6.237509E-03  6.939934E+01  6.944332E+01 -1.207335E-02  2.256851E-02 -1.207335E-02  6.943795E+01 -2.750607E-02  2.256851E-02 -2.750607E-02  6.931676E+01  1.054252E+00  1.394809E+00  3.104907E+00  4.976504E-01
  8.400000E+03  1.434989E+01  1.276890E+01  6.268249E-03  6.940124E+01  6.934287E+01  7.414762E-03 -1.439393E-02  7.414762E-03  6.943460E+01  2.849127E-02 -1.439393E-02  2.849127E-02  6.942625E+01  1.053989E+00  1.384454E+00  2.848662E+00  4.564212E-01
  8.450000E+03  1.432830E+01  1.275656E+01  6.052663E-03  6.934996E+01  6.947700E+01  1.403639E-02  7.176023E-03  1.403639E-02  6.935063E+01 -4.456549E-02  7.176023E-03 -4.456549E-02  6.922226E+01  1.047831E+00  1.371510E+00  2.667973E+00  5.679769E-01
  8.500000E+03  1.436088E+01  1.277142E+01  7.972633E-03  6.938432E+01  6.930755E+01  4.652771E-02  6.968262E-02  4.652771E-02  6.950898E+01 -5.984488E-02  6.968262E-02 -5.984488E-02  6.933644E+01  1.059641E+00  1.480316E+00  2.889479E+00  6.222826E-01
  8.550000E+03  1.433567E+01  1.276057E+01  5.831666E-03  6.936167E+01  6.939153E+01 -1.770982E-02 -6.593567E-02 -1.770982E-02  6.924595E+01  1.011149E-03 -6.593567E-02  1.011149E-03  6.944753E+01  1.050070E+00  1.352489E+00  2.408516E+00  5.988454E-01
  8.600000E+03  1.435355E+01  1.276527E+01  5.696732E-03  6.940115E+01  6.933589E+01  2.266079E-02 -7.683374E-03  2.266079E-02  6.952602E+01 -7.293606E-02 -7.683374E-03 -7.293606E-02  6.934153E+01  1.058849E+00  1.376025E+00  2.533513E+00  4.954180E-01
  8.650000E+03  1.437907E+01  1.278832E+01  4.588309E-03  6.932245E+01  6.942563E+01 -5.656844E-02 -3.719252E-02 -5.656844E-02  6.920846E+01  1.090096E-02 -3.719252E-02  1.090096E-02  6.933327E+01  1.060499E+00  1.295541E+00  2.630068E+00  4.063316E-01
  8.700000E+03  1.433681E+01  1.276868E+01  6.671636E-03  6.940905E+01  6.917561E+01 -3.505598E-02  3.622084E-02 -3.505598E-02  6.951348E+01  5.950802E-03  3.622084E-02  5.950802E-03  6.953807E+01  1.045418E+00  1.408323E+00  2.611509E+00  3.826214E-01
  8.750000E+03  1.434491E+01  1.277029E+01  5.757017E-03  6.939359E+01  6.939701E+01  1.473810E-01 -3.955427E-02  1.473810E-01  6.943465E+01 -8.312151E-02 -3.955427E-02 -8.312151E-02  6.934912E+01  1.049749E+00  1.361326E+00  2.759902E+00  5.572092E-01
  8.800000E+03  1.436690E+01  1.278116E+01  5.681946E-03  6.947366E+01  6.949610E+01  6.146682E-02  5.578411E-02  6.146682E-02  6.939990E+01  5.496532E-02  5.578411E-02  5.496532E-02  6.952497E+01  1.057159E+00  1.354700E+00  3.051814E+00  5.561668E-01
  8.850000E+03  1.436036E+01  1.277105E+01  5.388381E-03  6.948734E+01  6.952383E+01  2.730786E-02  1.527098E-01  2.730786E-02  6.948290E+01 -1.507749E-03  1.527098E-01 -1.507749E-03  6.945530E+01  1.059543E+00  1.331671E+00  2.735426E+00  5.152083E-01
  8.900000E+03  1.435539E+01  1.277486E+01  7.298890E-03  6.934404E+01  6.923230E+01 -6.445229E-02  7.201109E-02 -6.445229E-02  6.938944E+01  3.335590E-02  7.201109E-02  3.335590E-02  6.941038E+01  1.053683E+00  1.436062E+00  2.947972E+00  5.127565E-01
  8.950000E+03  1.435850E+01  1.276957E+01  6.237365E-03  6.942882E+01  6.945021E+01 -4.058753E-02  2.541679E-02 -4.058753E-02  6.938287E+01  3.452238E-02  2.541679E-02  3.452238E-02  6.945338E+01  1.059289E+00  1.380147E+00  2.452204E+00  4.290407E-01
  9.000000E+03  1.436217E+01  1.277378E+01  7.415241E-03  6.937517E+01  6.951355E+01  1.961246E-02 -2.391392E-02  1.961246E-02  6.923647E+01  4.439927E-02 -2.391392E-02  4.439927E-02  6.937549E+01  1.058929E+00  1.445751E+00  2.888459E+00  5.347662E-01
  9.050000E+03  1.433389E+01  1.275936E+01  5.509723E-03  6.945199E+01  6.956826E+01 -2.880475E-02 -6.686952E-03 -2.880475E-02  6.937837E+01  1.860744E-02 -6.686952E-03  1.860744E-02  6.940934E+01  1.049689E+00  1.374156E+00  2.474384E+00  4.022467E-01
  9.100000E+03  1.436192E+01  1.276637E+01  6.092446E-03  6.937460E+01  6.946268E+01 -2.746678E-02 -5.005038E-02 -2.746678E-02  6.928065E+01  3.458889E-02 -5.005038E-02  3.458889E-02  6.938049E+01  1.063706E+00  1.384022E+00  2.353638E+00  5.959549E-01
  9.150000E+03  1.436535E+01  1.278111E+01  5.678868E-03  6.941574E+01  6.942747E+01  4.462799E-02 -3.787361E-02  4.462799E-02  6.933338E+01  1.071319E-01 -3.787361E-02  1.071319E-01  6.948637E+01  1.056157E+00  1.359162E+00  2.697051E+00  3.781775E-01
  9.200000E+03  1.432311E+01  1.275028E+01  6.330140E-03  6.927764E+01  6.930790E+01 -3.137819E-02 -4.105108E-02 -3.137819E-02  6.928644E+01 -6.692991E-02 -4.105108E-02 -6.692991E-02  6.923858E+01  1.048554E+00  1.365718E+00  3.141830E+00  4.498097E-01
  9.250000E+03  1.435392E+01  1.278251E+01  6.190955E-03  6.928820E+01  6.928307E+01 -1.857805E-02  2.656722E-02 -1.857805E-02  6.928044E+01 -1.063668E-01  2.656722E-02 -1.063668E-01  6.930108E+01  1.047609E+00  1.385576E+00  2.475101E+00  4.548332E-01
  9.300000E+03  1.435133E+01  1.276643E+01  5.909889E-03  6.936089E+01  6.931799E+01 -3.952860E-02 -7.285400E-02 -3.952860E-02  6.936225E+01 -8.927312E-02 -7.285400E-02 -8.927312E-02  6.940243E+01  1.056603E+00  1.405794E+00  2.554300E+00  5.887011E-01
  9.350000E+03  1.433377E+01  1.275288E+01  5.518080E-03  6.940355E+01  6.948532E+01 -1.993482E-01 -2.026868E-02 -1.993482E-01  6.926252E+01 -2.087495E-03 -2.026868E-02 -2.087495E-03  6.946280E+01  1.053931E+00  1.377864E+00  2.363805E+00  5.296630E-01
  9.400000E+03  1.433827E+01  1.275944E+01  6.419583E-03  6.943003E+01  6.941261E+01 -2.816516E-02 -3.525399E-02 -2.816516E-02  6.935048E+01 -4.656445E-03 -3.525399E-02 -4.656445E-03  6.952699E+01  1.052551E+00  1.417498E+00  2.762270E+00  3.731821E-01
  9.450000E+03  1.436558E+01  1.278633E+01  5.967237E-03  6.928401E+01  6.946005E+01  1.505108E-02 -2.548339E-02  1.505108E-02  6.918340E+01 -2.759552E-02 -2.548339E-02 -2.759552E-02  6.920859E+01  1.052834E+00  1.395823E+00  2.732626E+00  3.428123E-01
  9.500000E+03  1.434859E+01  1.277133E+01  6.340626E-03  6.936236E+01  6.936480E+01  8.879448E-02  2.729524E-02  8.879448E-02  6.938721E+01  4.001464E-02  2.729524E-02  4.001464E-02  6.933506E+01  1.051507E+00  1.396222E+00  3.054015E+00  5.310362E-01
  9.550000E+03  1.438257E+01  1.278070E+01  6.353640E-03  6.943727E+01  6.945122E+01 -7.207017E-02  1.823075E-02 -7.207017E-02  6.943934E+01 -5.623214E-02  1.823075E-02 -5.623214E-02  6.942127E+01  1.067913E+00  1.393560E+00  2.490849E+00  4.095659E-01
  9.600000E+03  1.436196E+01  1.277854E+01  6.125820E-03  6.936756E+01  6.923992E+01 -1.211045E-01  2.469812E-02 -1.211045E-01  6.937035E+01 -7.985911E-02  2.469812E-02 -7.985911E-02  6.949239E+01  1.055619E+00  1.409090E+00  2.723522E+00  5.304461E-01
  9.650000E+03  1.434794E+01  1.276106E+01  6.239492E-03  6.946302E+01  6.940781E+01  5.922646E-02  3.874400E-02  5.922646E-02  6.950249E+01  3.412304E-02  3.874400E-02  3.412304E-02  6.947874E+01  1.057921E+00  1.393941E+00  2.941176E+00  5.936524E-01
  9.700000E+03  1.435044E+01  1.276159E+01  6.897684E-03  6.936564E+01  6.938291E+01 -1.839944E-01  3.430643E-02 -1.839944E-01  6.938114E+01 -5.438943E-02  3.430643E-02 -5.438943E-02  6.933287E+01  1.059234E+00  1.436084E+00  2.617476E+00  6.111091E-01
  9.750000E+03  1.434829E+01  1.276809E+01  5.957490E-03  6.948470E+01  6.957882E+01  8.109661E-02 -4.886227E-03  8.109661E-02  6.936484E+01  6.646495E-02 -4.886227E-03  6.646495E-02  6.951045E+01  1.053470E+00  1.402641E+00  2.565472E+00  3.745130E-01
  9.800000E+03  1.434231E+01  1.276655E+01  5.495076E-03  6.941011E+01  6.937430E+01 -4.771383E-02 -1.233972E-02 -4.771383E-02  6.943891E+01 -4.335072E-02 -1.233972E-02 -4.335072E-02  6.941710E+01  1.050508E+00  1.366125E+00  2.907233E+00  5.255846E-01
  9.850000E+03  1.437366E+01  1.277818E+01  6.904060E-03  6.939458E+01  6.943805E+01  1.597828E-02  5.618488E-02  1.597828E-02  6.942162E+01  3.692743E-02  5.618488E-02  3.692743E-02  6.932406E+01  1.063653E+00  1.436138E+00  3.010100E+00  4.624877E-01
  9.900000E+03  1.433650E+01  1.277116E+01  6.438024E-03  6.947807E+01  6.946295E+01 -9.438124E-03  8.778303E-02 -9.438124E-03  6.960066E+01 -8.116512E-02  8.778303E-02 -8.116512E-02  6.937061E+01  1.043560E+00  1.382882E+00  2.688128E+00  5.417677E-01
  9.950000E+03  1.438451E+01  1.278887E+01  6.447634E-03  6.932994E+01  6.928232E+01 -1.066336E-01 -4.047093E-02 -1.066336E-01  6.938036E+01 -3.301605E-02 -4.047093E-02 -3.301605E-02  6.932715E+01  1.063756E+00  1.397591E+00  2.518428E+00  5.549205E-01
  1.000000E+04  1.437607E+01  1.277083E+01  6.632214E-03  6.937475E+01  6.935175E+01  8.167769E-02  5.555832E-02  8.167769E-02  6.932093E+01  2.149913E-02  5.555832E-02  2.149913E-02  6.945157E+01  1.070165E+00  1.392163E+00  2.788555E+00  3.961281E-01
  1.005000E+04  1.436359E+01  1.278070E+01  5.993583E-03  6.936350E+01  6.934740E+01  9.283621E-02  3.129933E-02  9.283621E-02  6.936752E+01  2.575418E-02  3.129933E-02  2.575418E-02  6.937556E+01  1.055261E+00  1.379931E+00  2.549290E+00  5.284172E-01
  1.010000E+04  1.435334E+01  1.278476E+01  6.383150E-03  6.934938E+01  6.941306E+01  6.161753E-02  4.800855E-02  6.161753E-02  6.943563E+01  3.306191E-02  4.800855E-02  3.306191E-02  6.919946E+01  1.045717E+00  1.396175E+00  2.555475E+00  4.878853E-01
  1.015000E+04  1.433249E+01  1.276126E+01  5.436529E-03  6.944658E+01  6.936207E+01 -1.722684E-02 -4.672069E-02 -1.722684E-02  6.945512E+01 -1.048764E-01 -4.672069E-02 -1.048764E-01  6.952254E+01  1.047489E+00  1.359259E+00  2.718507E+00  4.727182E-01
  1.020000E+04  1.435152E+01  1.277793E+01  6.145884E-03  6.930595E+01  6.932293E+01  7.890236E-03  9.373229E-02  7.890236E-03  6.934950E+01 -1.191605E-02  9.373229E-02 -1.191605E-02  6.924542E+01  1.049061E+00  1.398250E+00  2.430788E+00  5.046054E-01
  1.025000E+04  1.435288E+01  1.275421E+01  6.346259E-03  6.951258E+01  6.951082E+01 -7.493545E-02  5.011941E-02 -7.493545E-02  6.950845E+01  6.683342E-02  5.011941E-02  6.683342E-02  6.951847E+01  1.065783E+00  1.412938E+00  2.963224E+00  4.650343E-01
  1.030000E+04  1.435779E+01  1.278668E+01  6.767213E-03  6.927427E+01  6.930172E+01  1.188316E-01 -1.514793E-02  1.188316E-01  6.920391E+01 -5.414117E-02 -1.514793E-02 -5.414117E-02  6.931718E+01  1.047408E+00  1.403814E+00  2.615328E+00  4.768915E-01
  1.035000E+04  1.433079E+01  1.275740E+01  5.860876E-03  6.938539E+01  6.929732E+01  6.070327E-02  8.005674E-02  6.070327E-02  6.932499E+01  4.537975E-02  8.005674E-02  4.537975E-02  6.953387E+01  1.048927E+00  1.390787E+00  2.565342E+00  6.144109E-01
  1.040000E+04  1.436087E+01  1.277266E+01  6.697237E-03  6.943307E+01  6.946518E+01  2.987470E-02  2.568122E-02  2.987470E-02  6.953928E+01  1.327215E-03  2.568122E-02  1.327215E-03  6.929476E+01  1.058808E+00  1.398068E+00  2.998136E+00  4.809309E-01
  1.045000E+04  1.434422E+01  1.276133E+01  5.730870E-03  6.937427E+01  6.941732E+01  1.109425E-02 -1.464635E-02  1.109425E-02  6.927363E+01  2.917969E-02 -1.464635E-02  2.917969E-02  6.943185E+01  1.055256E+00  1.361562E+00  2.807182E+00  5.228406E-01
  1.050000E+04  1.436166E+01  1.277839E+01  6.786418E-03  6.933283E+01  6.932014E+01 -2.959114E-02 -3.027678E-02 -2.959114E-02  6.928211E+01 -4.548226E-02 -3.027678E-02 -4.548226E-02  6.939624E+01  1.055512E+00  1.418305E+00  2.902596E+00  4.829294E-01
  1.055000E+04  1.434424E+01  1.276362E+01  5.865160E-03  6.937606E+01  6.941413E+01 -1.106660E-01 -3.684163E-02 -1.106660E-01  6.948296E+01 -8.027466E-02 -3.684163E-02 -8.027466E-02  6.923110E+01  1.053750E+00  1.368704E+00  2.637180E+00  4.309029E-01
  1.060000E+04  1.432828E+01  1.275221E+01  6.844140E-03  6.935241E+01  6.920857E+01  5.019975E-02  2.647976E-02  5.019975E-02  6.940308E+01 -6.770283E-02  2.647976E-02 -6.770283E-02  6.944557E+01  1.050713E+00  1.440135E+00  2.795304E+00  5.866430E-01
  1.065000E+04  1.435526E+01  1.276924E+01  6.445481E-03  6.938022E+01  6.936003E+01 -5.980040E-02  2.126649E-02 -5.980040E-02  6.945133E+01  1.304316E-02  2.126649E-02  1.304316E-02  6.932929E+01  1.057346E+00  1.409054E+00  2.842205E+00  5.307567E-01
  1.070000E+04  1.435849E+01  1.277168E+01  7.028242E-03  6.940114E+01  6.949867E+01 -1.203787E-01 -5.375769E-02 -1.203787E-01  6.943649E+01 -1.730983E-03 -5.375769E-02 -1.730983E-03  6.926826E+01  1.057875E+00  1.417930E+00  3.099423E+00  4.456640E-01
  1.075000E+04  1.434031E+01  1.276464E+01  5.805711E-03  6.935453E+01  6.942313E+01 -9.995589E-02  3.787100E-02 -9.995589E-02  6.932019E+01  8.530101E-02  3.787100E-02  8.530101E-02  6.932025E+01  1.050448E+00  1.381840E+00  2.517863E+00  4.180563E-01
  1.080000E+04  1.434942E+01  1.276425E+01  6.540015E-03  6.943008E+01  6.947065E+01  6.839686E-03 -1.798187E-02  6.839686E-03  6.933604E+01 -2.779706E-02 -1.798187E-02 -2.779706E-02  6.948355E+01  1.056779E+00  1.397621E+00  2.843966E+00  5.915719E-01
  1.085000E+04  1.434861E+01  1.276133E+01  5.346574E-03  6.946119E+01  6.946215E+01 -9.857020E-03 -6.113994E-02 -9.857020E-03  6.946232E+01 -6.094440E-02 -6.113994E-02 -6.094440E-02  6.945911E+01  1.058184E+00  1.360496E+00  2.396402E+00  6.028592E-01
  1.090000E+04  1.434732E+01  1.277408E+01  6.232237E-03  6.938230E+01  6.933643E+01 -1.925972E-02  7.473917E-02 -1.925972E-02  6.933051E+01 -7.654077E-03  7.473917E-02 -7.654077E-03  6.947995E+01  1.048828E+00  1.387044E+00  3.072485E+00  4.052162E-01
  1.095000E+04  1.436564E+01  1.277622E+01  7.107124E-03  6.933720E+01  6.927152E+01  2.731671E-02 -1.598622E-02  2.731671E-02  6.936391E+01  8.863724E-02 -1.598622E-02  8.863724E-02  6.937618E+01  1.059613E+00  1.453876E+00  2.755238E+00  6.185402E-01
  1.100000E+04  1.435742E+01  1.277315E+01  5.588477E-03  6.948393E+01  6.952087E+01 -2.369318E-02  3.015636E-02 -2.369318E-02  6.944876E+01 -3.635549E-02  3.015636E-02 -3.635549E-02  6.948216E+01  1.056177E+00  1.411723E+00  2.696651E+00  5.261624E-01
  1.105000E+04  1.434157E+01  1.275523E+01  6.390776E-03  6.946693E+01  6.937495E+01 -3.165327E-02 -2.868629E-02 -3.165327E-02  6.958164E+01 -4.102724E-03 -2.868629E-02 -4.102724E-03  6.944420E+01  1.057562E+00  1.395521E+00  2.610585E+00  4.671563E-01
  1.110000E+04  1.436230E+01  1.276954E+01  6.709988E-03  6.946151E+01  6.949144E+01 -1.223472E-01  1.020634E-01 -1.223472E-01  6.949069E+01 -1.016407E-01  1.020634E-01 -1.016407E-01  6.940240E+01  1.061837E+00  1.433709E+00  2.586746E+00  5.361721E-01
  1.115000E+04  1.434792E+01  1.276082E+01  5.738201E-03  6.939196E+01  6.941540E+01  4.674104E-03  2.940722E-02  4.674104E-03  6.934193E+01  2.490698E-02  2.940722E-02  2.490698E-02  6.941856E+01  1.058066E+00  1.351933E+00  2.750108E+00  5.262243E-01
  1.120000E+04  1.436686E+01  1.278029E+01  5.276616E-03  6.939566E+01  6.946807E+01  5.979984E-02  3.023506E-02  5.979984E-02  6.939273E+01 -6.664079E-02  3.023506E-02 -6.664079E-02  6.932619E+01  1.057717E+00  1.371915E+00  2.439120E+00  6.302504E-01
  1.125000E+04  1.435789E+01  1.277522E+01  6.473445E-03  6.939658E+01  6.937684E+01  8.724700E-03  1.705907E-01  8.724700E-03  6.934903E+01 -1.125365E-02  1.705907E-01 -1.125365E-02  6.946387E+01  1.055115E+00  1.394215E+00  2.644687E+00  5.171743E-01
  1.130000E+04  1.434833E+01  1.275978E+01  6.647707E-03  6.948750E+01  6.936026E+01  2.598069E-02  2.245150E-02  2.598069E-02  6.945202E+01 -4.293234E-02  2.245150E-02 -4.293234E-02  6.965021E+01  1.059037E+00  1.395414E+00  2.558145E+00  5.319256E-01
  1.135000E+04  1.435672E+01  1.276363E+01  5.511909E-03  6.941497E+01  6.947870E+01  2.678400E-02 -7.577793E-02  2.678400E-02  6.938621E+01 -2.531628E-02 -7.577793E-02 -2.531628E-02  6.938000E+01  1.062066E+00  1.362266E+00  2.549284E+00  5.017138E-01
  1.140000E+04  1.434583E+01  1.277027E+01  5.809655E-03  6.931606E+01  6.920733E+01 -7.712054E-02 -7.938187E-02 -7.712054E-02  6.937422E+01  2.074090E-02 -7.938187E-02  2.074090E-02  6.936661E+01  1.050368E+00  1.381489E+00  2.411042E+00  4.685567E-01
  1.145000E+04  1.433033E+01  1.276097E+01  5.945601E-03  6.941028E+01  6.933536E+01 -4.506365E-02  7.167483E-02 -4.506365E-02  6.948071E+01  9.116726E-03  7.167483E-02  9.116726E-03  6.941476E+01  1.046243E+00  1.361957E+00  2.890817E+00  5.311469E-01
  1.150000E+04  1.435234E+01  1.276606E+01  6.619005E-03  6.937223E+01  6.940129E+01  7.083725E-02  2.968156E-02  7.083725E-02  6.941801E+01  4.225038E-02  2.968156E-02  4.225038E-02  6.929739E+01  1.057522E+00  1.418567E+00  2.639824E+00  4.937956E-01
  1.155000E+04  1.436463E+01  1.277903E+01  6.468136E-03  6.949798E+01  6.955365E+01  5.829577E-02  3.337563E-03  5.829577E-02  6.952084E+01  4.084052E-02  3.337563E-03  4.084052E-02  6.941944E+01  1.057069E+00  1.392251E+00  2.483525E+00  5.193785E-01
  1.160000E+04  1.435012E+01  1.277304E+01  6.744024E-03  6.939480E+01  6.934481E+01  8.261739E-02 -6.720751E-02  8.261739E-02  6.943712E+01  8.929193E-02 -6.720751E-02  8.929193E-02  6.940248E+01  1.051387E+00  1.401596E+00  2.603004E+00  4.519993E-01
  1.165000E+04  1.435316E+01  1.277451E+01  5.904414E-03  6.935818E+01  6.933330E+01 -5.736429E-03  7.651840E-02 -5.736429E-03  6.942791E+01 -7.857606E-02  7.651840E-02 -7.857606E-02  6.931334E+01  1.052435E+00  1.368208E+00  2.691310E+00  4.265995E-01
  1.170000E+04  1.435508E+01  1.277570E+01  5.734687E-03  6.936014E+01  6.935253E+01 -5.265576E-02  1.277892E-02 -5.265576E-02  6.924088E+01  5.047302E-02  1.277892E-02  5.047302E-02  6.948701E+01  1.052920E+00  1.361267E+00  2.473666E+00  5.342293E-01
  1.175000E+04  1.436302E+01  1.277363E+01  6.408111E-03  6.927920E+01  6.930067E+01  1.301875E-02  4.127932E-02  1.301875E-02  6.932883E+01  8.533476E-02  4.127932E-02  8.533476E-02  6.920810E+01  1.059593E+00  1.419533E+00  2.717112E+00  5.587105E-01
  1.180000E+04  1.433376E+01  1.275895E+01  6.108425E-03  6.944629E+01  6.948831E+01  2.724797E-03 -1.108907E-01  2.724797E-03  6.960852E+01  7.926624E-03 -1.108907E-01  7.926624E-03  6.924203E+01  1.049876E+00  1.410213E+00  2.499556E+00  5.834135E-01
  1.185000E+04  1.434381E+01  1.277080E+01  5.690139E-03  6.939260E+01  6.932404E+01  5.269504E-02  7.980425E-04  5.269504E-02  6.949762E+01  1.403008E-01  7.980425E-04  1.403008E-01  6.935614E+01  1.048675E+00  1.386142E+00  2.410608E+00  5.448252E-01
  1.190000E+04  1.435162E+01  1.276472E+01  6.499715E-03  6.946187E+01  6.949840E+01 -6.104316E-02  2.879176E-02 -6.104316E-02  6.943932E+01  8.884411E-02  2.879176E-02  8.884411E-02  6.944789E+01  1.057934E+00  1.385195E+00  3.131448E+00  6.034404E-01
  1.195000E+04  1.434782E+01  1.276270E+01  6.704220E-03  6.949988E+01  6.944254E+01 -3.712243E-02 -6.519263E-02 -3.712243E-02  6.953936E+01  9.588633E-02 -6.519263E-02  9.588633E-02  6.951775E+01  1.056743E+00  1.439161E+00  2.635325E+00  5.564387E-01
  1.200000E+04  1.435847E+01  1.277176E+01  5.689689E-03  6.936274E+01  6.931503E+01  3.905286E-02 -4.515132E-02  3.905286E-02  6.947985E+01  8.127964E-03 -4.515132E-02  8.127964E-03  6.929336E+01  1.057806E+00  1.367024E+00  2.536127E+00  4.021839E-01
  1.205000E+04  1.435377E+01  1.275856E+01  5.666236E-03  6.934293E+01  6.926432E+01 -7.470575E-02 -1.091900E-01 -7.470575E-02  6.935448E+01  1.443495E-01 -1.091900E-01  1.443495E-01  6.940999E+01  1.063479E+00  1.341934E+00  2.577562E+00  5.005840E-01
  1.210000E+04  1.434673E+01  1.276110E+01  6.418324E-03  6.943169E+01  6.940628E+01  5.574911E-02  3.437448E-02  5.574911E-02  6.948290E+01 -3.766318E-02  3.437448E-02 -3.766318E-02  6.940589E+01  1.057082E+00  1.405870E+00  2.897238E+00  3.983788E-01
  1.215000E+04  1.435576E+01  1.278030E+01  6.510436E-03  6.932752E+01  6.934698E+01  1.461062E-03 -1.538431E-02  1.461062E-03  6.932726E+01  1.297991E-04 -1.538431E-02  1.297991E-04  6.930832E+01  1.050311E+00  1.424819E+00  2.703049E+00  6.179668E-01
  1.220000E+04  1.435199E+01  1.277591E+01  6.290675E-03  6.941833E+01  6.942622E+01  8.335319E-02  1.383690E-01  8.335319E-02  6.941979E+01  1.852931E-02  1.383690E-01  1.852931E-02  6.940899E+01  1.050722E+00  1.412212E+00  2.517150E+00  5.033140E-01
  1.225000E+04  1.436455E+01  1.276911E+01  6.152808E-03  6.944006E+01  6.958658E+01  4.755799E-02 -2.257364E-02  4.755799E-02  6.929142E+01  2.274434E-02 -2.257364E-02  2.274434E-02  6.944218E+01  1.063623E+00  1.398754E+00  2.732204E+00  4.766238E-01
  1.230000E+04  1.437193E+01  1.275942E+01  7.229502E-03  6.946385E+01  6.936222E+01  3.575480E-02 -4.065414E-02  3.575480E-02  6.949510E+01  4.043365E-03 -4.065414E-02  4.043365E-03  6.953422E+01  1.075007E+00  1.442710E+00  3.458850E+00  5.592847E-01
  1.235000E+04  1.435813E+01  1.278164E+01  7.053324E-03  6.936507E+01  6.942984E+01  3.914257E-02  4.925671E-02  3.914257E-02  6.934613E+01  2.950047E-02  4.925671E-02  2.950047E-02  6.931926E+01  1.050996E+00  1.427742E+00  2.888793E+00  5.873120E-01
  1.240000E+04  1.435048E+01  1.275747E+01  6.337568E-03  6.948969E+01  6.944368E+01 -1.503686E-03 -3.631810E-02 -1.503686E-03  6.946315E+01  1.133537E-01 -3.631810E-02  1.133537E-01  6.956223E+01  1.062010E+00  1.399396E+00  2.532584E+00  4.040715E-01
  1.245000E+04  1.436332E+01  1.277647E+01  5.819093E-03  6.943066E+01  6.932213E+01  1.240580E-02  6.316710E-02  1.240580E-02  6.955543E+01 -9.089822E-02  6.316710E-02 -9.089822E-02  6.941441E+01  1.057899E+00  1.400357E+00  2.386729E+00  5.248260E-01
  1.250000E+04  1.433824E+01  1.277225E+01  7.156460E-03  6.941929E+01  6.935502E+01  4.590007E-02  9.483606E-02  4.590007E-02  6.944512E+01 -6.178827E-02  9.483606E-02 -6.178827E-02  6.945773E+01  1.043994E+00  1.424594E+00  3.023727E+00  4.920815E-01
  1.255000E+04  1.436055E+01  1.277659E+01  7.000881E-03  6.934406E+01  6.932213E+01  7.094065E-02 -5.767528E-02  7.094065E-02  6.928134E+01  7.107566E-02 -5.767528E-02  7.107566E-02  6.942872E+01  1.055972E+00  1.416705E+00  3.072221E+00  4.021153E-01
  1.260000E+04  1.434880E+01  1.276450E+01  6.516327E-03  6.935627E+01  6.941897E+01  4.542122E-02  3.572394E-03  4.542122E-02  6.927645E+01  2.004963E-02  3.572394E-03  2.004963E-02  6.937339E+01  1.056199E+00  1.387886E+00  2.741823E+00  4.851870E-01
  1.265000E+04  1.433925E+01  1.275593E+01  5.336983E-03  6.944877E+01  6.945409E+01 -5.695415E-03 -4.290165E-02 -5.695415E-03  6.953283E+01  3.032559E-02 -4.290165E-02  3.032559E-02  6.935940E+01  1.055548E+00  1.355847E+00  2.824736E+00  5.437714E-01
  1.270000E+04  1.435343E+01  1.276813E+01  6.351041E-03  6.937545E+01  6.938888E+01 -7.167524E-02 -6.015007E-02 -7.167524E-02  6.937248E+01 -8.739246E-03 -6.015007E-02 -8.739246E-03  6.936500E+01  1.056870E+00  1.419473E+00  2.570846E+00  4.481301E-01
  1.275000E+04  1.436411E+01  1.277058E+01  6.556062E-03  6.939397E+01  6.939632E+01 -1.934471E-02 -1.326856E-02 -1.934471E-02  6.944022E+01  5.628331E-02 -1.326856E-02  5.628331E-02  6.934537E+01  1.062357E+00  1.400181E+00  2.953672E+00  5.584079E-01
  1.280000E+04  1.435968E+01  1.277166E+01  5.817528E-03  6.934769E+01  6.931176E+01 -4.342653E-02  5.834909E-03 -4.342653E-02  6.929948E+01 -4.531892E-02  5.834909E-03 -4.531892E-02  6.943183E+01  1.058684E+00  1.369136E+00  2.618890E+00  4.295376E-01
  1.285000E+04  1.435291E+01  1.276796E+01  6.586375E-03  6.933365E+01  6.928448E+01  4.226923E-02 -5.625173E-02  4.226923E-02  6.923737E+01 -7.196424E-02 -5.625173E-02 -7.196424E-02  6.947911E+01  1.056632E+00  1.385681E+00  2.738080E+00  5.478480E-01
  1.290000E+04  1.435249E+01  1.276623E+01  6.169491E-03  6.935856E+01  6.954770E+01  3.818856E-02  5.029727E-02  3.818856E-02  6.927143E+01 -1.417678E-02  5.029727E-02 -1.417678E-02  6.925657E+01  1.057502E+00  1.382222E+00  2.873103E+00  5.130183E-01
  1.295000E+04  1.435481E+01  1.277141E+01  6.989471E-03  6.943296E+01  6.946569E+01 -1.485251E-02 -1.260224E-01 -1.485251E-02  6.939302E+01 -4.217638E-02 -1.260224E-01 -4.217638E-02  6.944015E+01  1.055601E+00  1.412343E+00  2.959153E+00  5.028485E-01
  1.300000E+04  1.437797E+01  1.278273E+01  6.216380E-03  6.944874E+01  6.948901E+01  1.929616E-02 -3.137538E-02  1.929616E-02  6.942782E+01  6.574597E-02 -3.137538E-02  6.574597E-02  6.942938E+01  1.063496E+00  1.361524E+00  2.833895E+00  5.161944E-01
  1.305000E+04  1.436128E+01  1.277646E+01  5.195535E-03  6.929366E+01  6.934328E+01  2.219721E-02  1.051259E-01  2.219721E-02  6.921202E+01 -9.399598E-02  1.051259E-01 -9.399598E-02  6.932567E+01  1.056547E+00  1.328834E+00  2.744061E+00  4.611507E-01
  1.310000E+04  1.435286E+01  1.276473E+01  7.163347E-03  6.944103E+01  6.938577E+01 -2.430999E-02 -1.977581E-02 -2.430999E-02  6.954635E+01 -8.011026E-02 -1.977581E-02 -8.011026E-02  6.939099E+01  1.058750E+00  1.440490E+00  2.952482E+00  5.593106E-01
  1.315000E+04  1.435474E+01  1.276670E+01  5.808543E-03  6.947714E+01  6.948835E+01  1.577136E-02  6.401688E-02  1.577136E-02  6.955640E+01 -4.176674E-02  6.401688E-02 -4.176674E-02  6.938669E+01  1.058694E+00  1.360720E+00  2.673735E+00  4.065111E-01
  1.320000E+04  1.433377E+01  1.275613E+01  6.114264E-03  6.941267E+01  6.945830E+01  4.714489E-02  2.321074E-02  4.714489E-02  6.936020E+01  1.588574E-02  2.321074E-02  1.588574E-02  6.941951E+01  1.051761E+00  1.396647E+00  2.499899E+00  5.266021E-01
  1.325000E+04  1.435817E+01  1.276973E+01  5.982675E-03  6.951278E+01  6.953061E+01  2.106800E-02 -2.563013E-02  2.106800E-02  6.946584E+01  4.108869E-02 -2.563013E-02  4.108869E-02  6.954189E+01  1.058955E+00  1.375273E+00  2.675326E+00  4.916387E-01
  1.330000E+04  1.435239E+01  1.276845E+01  5.250523E-03  6.934782E+01  6.937467E+01  2.966157E-02 -2.870433E-02  2.966157E-02  6.935283E+01 -2.281925E-02 -2.870433E-02 -2.281925E-02  6.931597E+01  1.055964E+00  1.346474E+00  2.430338E+00  4.755717E-01
  1.335000E+04  1.435609E+01  1.277571E+01  5.082266E-03  6.940191E+01  6.936498E+01 -9.683507E-02 -2.719632E-02 -9.683507E-02  6.934986E+01  7.464916E-02 -2.719632E-02  7.464916E-02  6.949090E+01  1.053584E+00  1.337246E+00  2.418262E+00  5.279861E-01
  1.340000E+04  1.434927E+01  1.275646E+01  5.106577E-03  6.944672E+01  6.945963E+01  9.562842E-02 -4.175300E-02  9.562842E-02  6.958903E+01 -7.743915E-03 -4.175300E-02 -7.743915E-03  6.929150E+01  1.061873E+00  1.359017E+00  2.672144E+00  5.221475E-01
  1.345000E+04  1.435975E+01  1.277025E+01  5.184877E-03  6.934952E+01  6.947735E+01  9.702344E-05  6.608553E-02  9.702344E-05  6.927755E+01 -8.024057E-04  6.608553E-02 -8.024057E-04  6.929366E+01  1.059668E+00  1.323449E+00  2.533977E+00  5.102512E-01
  1.350000E+04  1.436726E+01  1.276471E+01  6.223491E-03  6.946446E+01  6.940536E+01  2.757995E-02  2.474754E-02  2.757995E-02  6.953627E+01 -3.770655E-03  2.474754E-02 -3.770655E-03  6.945175E+01  1.068366E+00  1.414409E+00  2.585906E+00  5.649488E-01
  1.355000E+04  1.435960E+01  1.277795E+01  5.873665E-03  6.940137E+01  6.944059E+01  4.540883E-02 -2.409678E-02  4.540883E-02  6.946820E+01  3.999831E-02 -2.409678E-02  3.999831E-02  6.929531E+01  1.054428E+00  1.366613E+00  2.789106E+00  5.553765E-01
  1.360000E+04  1.436429E+01  1.276558E+01  5.711414E-03  6.940691E+01  6.938230E+01  4.861827E-03 -3.220303E-02  4.861827E-03  6.947594E+01 -1.061246E-02 -3.220303E-02 -1.061246E-02  6.936248E+01  1.065809E+00  1.355767E+00  2.623290E+00  5.167883E-01
  1.365000E+04  1.435309E+01  1.276743E+01  6.498761E-03  6.943578E+01  6.940660E+01  1.877445E-02 -7.127994E-02  1.877445E-02  6.940924E+01  8.342353E-02 -7.127994E-02  8.342353E-02  6.949151E+01  1.057109E+00  1.422610E+00  2.682690E+00  5.285701E-01
  1.370000E+04  1.437800E+01  1.278161E+01  6.565074E-03  6.940455E+01  6.952295E+01  1.443463E-02 -5.334100E-02  1.443463E-02  6.935059E+01 -1.497799E-02 -5.334100E-02 -1.497799E-02  6.934010E+01  1.064264E+00  1.398829E+00  2.543437E+00  5.520026E-01
  1.375000E+04  1.436355E+01  1.276984E+01  5.441076E-03  6.943783E+01  6.928666E+01  8.011334E-02  5.532783E-04  8.011334E-02  6.958549E+01  4.010648E-02  5.532783E-04  4.010648E-02  6.944134E+01  1.062471E+00  1.359087E+00  2.330608E+00  5.224848E-01
  1.380000E+04  1.434787E+01  1.276147E+01  6.835080E-03  6.940191E+01  6.947984E+01 -5.947881E-02  6.558597E-03 -5.947881E-02  6.933022E+01 -5.746518E-02  6.558597E-03 -5.746518E-02  6.939567E+01  1.057595E+00  1.418631E+00  3.140519E+00  6.145512E-01
  1.385000E+04  1.434197E+01  1.277311E+01  5.846994E-03  6.946152E+01  6.947066E+01  6.135742E-02  5.763532E-02  6.135742E-02  6.945824E+01  6.623536E-03  5.763532E-02  6.623536E-03  6.945565E+01  1.045903E+00  1.359089E+00  2.620633E+00  4.446586E-01
  1.390000E+04  1.436367E+01  1.277842E+01  5.880393E-03  6.931655E+01  6.912470E+01 -4.763089E-02  1.066395E-01 -4.763089E-02  6.927725E+01 -7.379433E-02  1.066395E-01 -7.379433E-02  6.954770E+01  1.056834E+00  1.381073E+00  2.946424E+00  5.440146E-01
  1.395000E+04  1.434738E+01  1.276560E+01  6.447723E-03  6.934110E+01  6.939887E+01  5.403034E-02  2.506753E-02  5.403034E-02  6.924346E+01  1.147945E-01  2.506753E-02  1.147945E-01  6.938096E+01  1.054523E+00  1.391094E+00  2.772781E+00  4.619044E-01
  1.400000E+04  1.433088E+01  1.276162E+01  6.619289E-03  6.934292E+01  6.936383E+01 -9.534573E-02 -8.604476E-03 -9.534573E-02  6.929639E+01  4.064286E-02 -8.604476E-03  4.064286E-02  6.936854E+01  1.046173E+00  1.376693E+00  2.720364E+00  5.779836E-01
  1.405000E+04  1.434720E+01  1.277576E+01  5.590483E-03  6.923871E+01  6.917370E+01  8.387410E-02 -8.386281E-02  8.387410E-02  6.918517E+01  5.689057E-03 -8.386281E-02  5.689057E-03  6.935725E+01  1.047627E+00  1.366223E+00  2.855870E+00  5.620005E-01
  1.410000E+04  1.436659E+01  1.278288E+01  5.417304E-03  6.936860E+01  6.939483E+01 -4.993388E-02 -7.843260E-03 -4.993388E-02  6.931187E+01  3.266742E-02 -7.843260E-03  3.266742E-02  6.939910E+01  1.055802E+00  1.356113E+00  2.381618E+00  5.034013E-01
  1.415000E+04  1.434108E+01  1.276106E+01  5.630560E-03  6.935006E+01  6.949576E+01 -1.242644E-01  6.170246E-02 -1.242644E-01  6.922082E+01 -4.587636E-02  6.170246E-02 -4.587636E-02  6.933359E+01  1.053343E+00  1.367518E+00  2.590999E+00  5.239455E-01
  1.420000E+04  1.434611E+01  1.276241E+01  5.907669E-03  6.940580E+01  6.931761E+01 -3.357134E-02  5.756811E-02 -3.357134E-02  6.946840E+01 -6.083382E-02  5.756811E-02 -6.083382E-02  6.943140E+01  1.055803E+00  1.405291E+00  2.555294E+00  5.463983E-01
  1.425000E+04  1.436468E+01  1.278129E+01  7.009991E-03  6.926716E+01  6.932930E+01  4.848520E-02 -9.841056E-02  4.848520E-02  6.928965E+01  2.937743E-02 -9.841056E-02  2.937743E-02  6.918252E+01  1.055594E+00  1.426289E+00  2.674544E+00  4.573589E-01
  1.430000E+04  1.435640E+01  1.277513E+01  5.436969E-03  6.941359E+01  6.942407E+01 -2.273245E-02  4.995921E-02 -2.273245E-02  6.944516E+01 -7.020062E-02  4.995921E-02 -7.020062E-02  6.937153E+01  1.054183E+00  1.363020E+00  2.331136E+00  2.806645E-01
  1.435000E+04  1.434472E+01  1.276498E+01  6.297067E-03  6.948101E+01  6.949707E+01  1.137984E-01  3.033180E-02  1.137984E-01  6.937934E+01  6.404222E-02  3.033180E-02  6.404222E-02  6.956661E+01  1.053156E+00  1.411650E+00  3.047788E+00  4.584789E-01
  1.440000E+04  1.434471E+01  1.275795E+01  6.401412E-03  6.948851E+01  6.955157E+01 -3.197138E-02 -3.326043E-02 -3.197138E-02  6.943349E+01  4.291659E-02 -3.326043E-02  4.291659E-02  6.948046E+01  1.057841E+00  1.411368E+00  2.572983E+00  4.214188E-01
  1.445000E+04  1.435674E+01  1.277180E+01  7.170657E-03  6.948124E+01  6.945111E+01 -1.359227E-01  4.428673E-02 -1.359227E-01  6.942890E+01 -2.663298E-02  4.428673E-02 -2.663298E-02  6.956373E+01  1.056625E+00  1.437516E+00  2.842840E+00  4.057574E-01
  1.450000E+04  1.436718E+01  1.277577E+01  5.453227E-03  6.949051E+01  6.949615E+01  7.730700E-02 -2.642390E-02  7.730700E-02  6.947200E+01 -9.472813E-02 -2.642390E-02 -9.472813E-02  6.950338E+01  1.060939E+00  1.365914E+00  2.519950E+00  5.420278E-01
  1.455000E+04  1.435461E+01  1.276611E+01  5.955656E-03  6.937147E+01  6.939960E+01  1.344182E-01 -1.879375E-02  1.344182E-01  6.934626E+01 -2.924617E-03 -1.879375E-02 -2.924617E-03  6.936856E+01  1.059001E+00  1.386470E+00  2.548168E+00  5.996557E-01
  1.460000E+04  1.435767E+01  1.278576E+01  6.646594E-03  6.936759E+01  6.951774E+01  3.645237E-02  5.333346E-02  3.645237E-02  6.927289E+01 -2.878737E-02  5.333346E-02 -2.878737E-02  6.931213E+01  1.047940E+00  1.414498E+00  2.686380E+00  3.995349E-01
  1.465000E+04  1.435152E+01  1.276217E+01  6.194003E-03  6.945113E+01  6.938764E+01  4.424836E-02  1.153001E-02  4.424836E-02  6.941205E+01  1.320539E-02  1.153001E-02  1.320539E-02  6.955368E+01  1.059562E+00  1.399668E+00  2.508338E+00  6.166239E-01
  1.470000E+04  1.436279E+01  1.277728E+01  5.630207E-03  6.937069E+01  6.946307E+01  4.210037E-02  3.726442E-02  4.210037E-02  6.930558E+01  8.996428E-04  3.726442E-02  8.996428E-04  6.934341E+01  1.057004E+00  1.385255E+00  2.767131E+00  5.712948E-01
  1.475000E+04  1.436760E+01  1.276878E+01  5.738005E-03  6.936347E+01  6.937907E+01  5.551401E-03  7.720202E-02  5.551401E-03  6.942942E+01  6.141706E-02  7.720202E-02  6.141706E-02  6.928192E+01  1.065882E+00  1.360269E+00  2.731713E+00  5.111193E-01
  1.480000E+04  1.436971E+01  1.277364E+01  5.571552E-03  6.943740E+01  6.950769E+01  4.784785E-04  5.846574E-02  4.784785E-04  6.929617E+01  1.034494E-01  5.846574E-02  1.034494E-01  6.950834E+01  1.064042E+00  1.366047E+00  2.773794E+00  5.086856E-01
  1.485000E+04  1.436267E+01  1.277335E+01  5.856577E-03  6.939766E+01  6.944343E+01 -4.630437E-03 -8.038608E-02 -4.630437E-03  6.932914E+01 -2.684100E-02 -8.038608E-02 -2.684100E-02  6.942041E+01  1.059546E+00  1.402300E+00  2.387028E+00  5.662384E-01
  1.490000E+04  1.436450E+01  1.278726E+01  6.205912E-03  6.929443E+01  6.933422E+01  4.463422E-02 -1.943286E-02  4.463422E-02  6.932218E+01 -6.513807E-02 -1.943286E-02 -6.513807E-02  6.922689E+01  1.051495E+00  1.370406E+00  2.521017E+00  4.473894E-01
  1.495000E+04  1.435503E+01  1.277699E+01  5.978691E-03  6.932320E+01  6.929894E+01  4.028176E-03  2.481206E-02  4.028176E-03  6.938368E+01  4.962973E-02  2.481206E-02  4.962973E-02  6.928698E+01  1.052025E+00  1.404688E+00  2.363364E+00  3.589834E-01
  1.500000E+04  1.435850E+01  1.277122E+01  6.904159E-03  6.927351E+01  6.931359E+01 -1.428716E-02  5.430540E-02 -1.428716E-02  6.924054E+01 -4.128207E-02  5.430540E-02 -4.128207E-02  6.926641E+01  1.058187E+00  1.414917E+00  2.749047E+00  5.111963E-01
