$coord
   -8.28689846645054     -0.25095136491462     -0.92815590913984  h
   -7.97779915953943     -1.32624354181143      0.85906494511795  c
   -5.28138357930208     -2.09236266359460      1.26146821442226  c
   -4.96687808009391     -3.45053173977251      3.55182823180903  o
   -9.72644541850284     -1.79159790011266      2.29439693247834  o
   -4.71991287934169     -3.20131376995424     -0.42739839122848  h
   -4.14602310575441     -0.33106220106769      1.19603329633980  h
   -3.18411884658449     -3.88694028105200      3.68776297256562  h
$user-defined bonds
$redundant
     number_of_atoms             8
     degrees_of_freedom         18
     internal_coordinates       18
     frozen_coordinates          0
# definitions of redundant internals
   1 k  0.7071067811865 tors   5    2    3    4 val=  89.92818
        0.7071067811865 tors   1    2    3    4
   2 k  1.0000000000000 stre   2    5           val=   2.30965
   3 k  1.0000000000000 stre   2    1           val=   2.10854
   4 k  0.8157782200009 bend   1    5    2      val=   1.14033
       -0.3782057177028 bend   3    5    2
       -0.4375686584630 bend   3    1    2
   5 k  0.0342827740889 bend   1    5    2      val=  -5.74466
       -0.7236105932619 bend   3    5    2
        0.6893565120603 bend   3    1    2
   6 k  1.0000000000000 outp   5    3    1    2 val=  -0.00270
   7 k  1.0000000000000 stre   3    7           val=   2.09655
   8 k  1.0000000000000 stre   3    6           val=   2.09697
   9 k  0.1046412575451 bend   6    7    3      val=  -0.15198
       -0.5089602851046 bend   4    7    3
       -0.5083008458725 bend   4    6    3
        0.4861997595871 bend   2    7    3
        0.4850254418775 bend   2    6    3
  10 k  0.0015460218140 bend   6    7    3      val=   0.06394
       -0.5515980782775 bend   4    7    3
        0.5514827432990 bend   4    6    3
       -0.4425615961025 bend   2    7    3
        0.4424287370366 bend   2    6    3
  11 k -0.8890266843211 bend   6    7    3      val=   1.68024
        0.1702811225080 bend   4    7    3
        0.1717380326832 bend   4    6    3
        0.2741921756128 bend   2    7    3
        0.2756094933874 bend   2    6    3
  12 k -0.0002054266302 bend   6    7    3      val=   0.01029
       -0.4419791988478 bend   4    7    3
        0.4430121562359 bend   4    6    3
        0.5511364575055 bend   2    7    3
       -0.5519449068714 bend   2    6    3
  13 k  1.0000000000000 tors   8    4    3    2 val= 179.90292
  14 k  1.0000000000000 stre   4    8           val=   1.84042
  15 k  1.0000000000000 bend   3    8    4      val= 107.26702
  16 k  1.0000000000000 stre   3    4           val=   2.68128
  17 k  1.0000000000000 stre   3    2           val=   2.83188
  18 k  1.0000000000000 bend   2    4    3      val= 111.72188
        18 non zero eigenvalues  of BmBt
           1           4.106350260    1    0
         1
           2           3.855356818    2    0
         2
           3           3.744262448    3    0
         3
           4           2.840249914    4    0
         4
           5           2.392205293    5    0
         5
           6           1.824807534    6    0
         6
           7           1.822329506    7    0
         7
           8           1.247924132    8    0
         8
           9           1.141131598    9    0
         9
          10           0.887032608   10    0
        10
          11           0.746124712   11    0
        11
          12           0.480140815   12    0
        12
          13           0.453798993   13    0
        13
          14           0.340142304   14    0
        14
          15           0.298756340   15    0
        15
          16           0.288535033   16    0
        16
          17           0.187191212   17    0
        17
          18           0.097080341   18    0
        18
$end
