$energy      SCF               SCFKIN            SCFPOT
     1 -229.1562714968      228.2556679204     -457.4119394173
     2 -229.1579198417      228.2059099595     -457.3638298012
     3 -229.1583824936      228.1925910432     -457.3509735368
     4 -229.1584417490      228.1945774204     -457.3530191694
     5 -229.1584617629      228.1989160952     -457.3573778581
     6 -229.1584640210      228.1996995543     -457.3581635753
     7 -229.1584644321      228.1994548537     -457.3579192858
     8 -229.1584644316      228.1993792279     -457.3578436595
     9 -229.1584644108      228.1993866162     -457.3578510270
$end
