$grad          cartesian gradients
  cycle =      1    SCF energy =     -229.1562714968   |dE/dxyz| =  0.038194
   -8.24478298385661     -0.25558291557474     -0.86488809913485      h
   -8.01735813150630     -1.32468568886290      0.88098713754378      c
   -5.26574002595698     -2.06258424163719      1.19587919757962      c
   -4.97242151524310     -3.40619099710908      3.49507022399069      o
   -9.73534968899256     -1.84050415426710      2.31974108257456      o
   -4.70141116515968     -3.21938886749863     -0.45213352755090      h
   -4.10618719456679     -0.32329184107096      1.16327323801043      h
   -3.24620883028737     -3.89877475625916      3.75707103935134      h
  0.10400085398514D-01  -.92821002609141D-02  0.12140453355212D-01
  -.20587004811918D-01  0.61806938927191D-02  -.14788631663144D-02
  0.34348973681642D-02  0.56744224342590D-02  -.12583911893503D-01
  0.13859715217017D-01  0.53809756272899D-03  -.56607766151757D-02
  0.26761454060403D-02  -.26716568851676D-03  -.12709483192989D-02
  0.18120104909226D-02  -.18033309325556D-02  0.31593546238661D-02
  0.16942281472291D-02  -.21012602164213D-02  0.27431099722013D-02
  -.13269731735470D-01  0.10602765267922D-02  0.29445392664290D-02
  cycle =      2    SCF energy =     -229.1579198417   |dE/dxyz| =  0.018787
   -8.26693975048487     -0.28171836788259     -0.93456211062994      h
   -8.00731468812226     -1.32418214516192      0.86677888128245      c
   -5.27943398158090     -2.07316710037395      1.23447361245678      c
   -4.95802952362629     -3.44459555186693      3.52052436685182      o
   -9.73026898319310     -1.78483673846281      2.32235258052762      o
   -4.71153097729057     -3.19204047449460     -0.44140419255157      h
   -4.13976426078507     -0.31826886195895      1.20318108716345      h
   -3.19617737048632     -3.91219422207802      3.72365606726406      h
  0.53582379781087D-02  -.25653288765667D-02  0.22202334754405D-02
  -.13046222336895D-01  0.20910484339111D-02  0.11223316656411D-02
  0.61921125241299D-03  0.38979679842728D-02  -.63159349633339D-02
  0.57984913969782D-02  0.39746398008347D-03  -.29310898223956D-02
  0.29783479249962D-02  -.32001059827015D-03  -.45785648913887D-03
  0.71043582863656D-03  -.10633838198650D-02  0.15559602526682D-02
  0.74411842542185D-03  -.12713125374858D-02  0.16980403597074D-02
  -.31593907502666D-02  -.11732185088537D-02  0.30659319204242D-02
  cycle =      3    SCF energy =     -229.1583824936   |dE/dxyz| =  0.006214
   -8.26441084057403     -0.21339866264355     -0.91851496559266      h
   -7.98626827770555     -1.32561392447667      0.86143925019032      c
   -5.28674942985521     -2.09482305177967      1.25671639914735      c
   -4.95668869166784     -3.44193747596450      3.55395826051313      o
   -9.73380162213781     -1.81949675859540      2.28287454402747      o
   -4.73928438009026     -3.22020385428458     -0.42445650835449      h
   -4.14996467148585     -0.33584361265276      1.18095326516532      h
   -3.17229162205283     -3.87968612188264      3.70203004726824      h
  0.14388224003175D-02  0.13427439142255D-02  -.20641858646929D-02
  -.36466335641742D-02  -.77534952889941D-03  0.22117414175327D-02
  -.76022814079525D-03  0.46462693813419D-03  -.15591380353661D-02
  0.32039378206727D-04  0.39861662466530D-03  -.47570639203917D-03
  0.19089885455098D-02  -.34340205380015D-03  -.17434581752401D-03
  -.20331395405712D-03  -.30387361688677D-03  0.56915213720435D-03
  -.10920884884250D-03  0.36261677110461D-04  0.39248153871390D-03
  0.13424563970876D-02  -.81752717966603D-03  0.10903978431582D-02
  cycle =      4    SCF energy =     -229.1584417490   |dE/dxyz| =  0.004017
   -8.27524288250346     -0.25146880226280     -0.93826168621292      h
   -7.98163482433450     -1.32697436102183      0.86067139753342      c
   -5.28486021979717     -2.09225014510111      1.26302569591637      c
   -4.96161303537070     -3.45379838843282      3.55119797849187      o
   -9.72770596723914     -1.78909729850067      2.29678705697210      o
   -4.72848091457095     -3.20070326834983     -0.42750377372676      h
   -4.15394997437384     -0.32846377861923      1.20090282845285      h
   -3.17597171737962     -3.88824741999148      3.68818079493775      h
  0.65501043659865D-03  0.99620947538182D-03  -.19648996730772D-02
  -.16561941337109D-02  -.85400491996790D-03  0.18077636850250D-02
  -.36174830854348D-03  0.41494196688660D-03  -.34489782346131D-03
  -.51195187386477D-03  0.17004576896268D-03  -.17231728977696D-03
  0.12119039047008D-02  -.11702972217525D-03  -.94702993291951D-04
  -.28892520556267D-03  -.16158662866229D-03  0.89618667836161D-04
  -.18246587750656D-03  0.14419042198455D-04  0.25282265232726D-03
  0.11391371128990D-02  -.46127907495215D-03  0.39600529002150D-03
  cycle =      5    SCF energy =     -229.1584617629   |dE/dxyz| =  0.001040
   -8.28023202956872     -0.25163104131676     -0.93029684711325      h
   -7.97838134760140     -1.32691209514092      0.86055314236990      c
   -5.28230797219334     -2.09320195346141      1.26348556519616      c
   -4.96490087444911     -3.45180730408122      3.55285867652453      o
   -9.72901535747270     -1.79021680354744      2.29340917680631      o
   -4.72402794112665     -3.20147870875879     -0.42711809388719      h
   -4.14960103130081     -0.33011997216922      1.19755799982186      h
   -3.18099298185664     -3.88563558380400      3.68455067264636      h
  0.22831673755271D-03  0.23542792510287D-03  -.49995644270179D-03
  -.29126574765415D-03  -.27777449470864D-03  0.60174273127009D-03
  0.24282581718142D-03  -.55077264369457D-04  0.65793866516756D-04
  -.17822860745775D-03  -.27933989703854D-05  0.59595971222848D-04
  0.14763737628293D-03  0.10042522950296D-04  -.47144605097083D-04
  -.13699100572721D-03  -.40224495037849D-04  -.81410199456650D-04
  -.99485726488796D-04  0.83278528542924D-04  0.14772978684239D-04
  0.93873508722808D-04  0.50369474140513D-04  -.14075848835364D-03
  cycle =      6    SCF energy =     -229.1584640210   |dE/dxyz| =  0.000364
   -8.28369366803859     -0.25186174582605     -0.92817406639200      h
   -7.97811285232259     -1.32652485668419      0.85981101272828      c
   -5.28159046106930     -2.09272976161041      1.26241755047446      c
   -4.96586924826881     -3.45102661098764      3.55242252153528      o
   -9.72834646203550     -1.79064143930458      2.29343223764572      o
   -4.72154951968665     -3.20118470785821     -0.42734647919507      h
   -4.14744535392631     -0.33060986710454      1.19635467080524      h
   -3.18285197022161     -3.88642447290414      3.68608284476278      h
  0.13104411386116D-03  -.54141353532294D-04  0.44906131210193D-04
  -.15770725747921D-03  0.91629236113611D-05  0.71076609931747D-04
  0.21184498760868D-03  -.39343890782334D-04  0.28704401994623D-05
  0.53409127287463D-05  -.40536421926418D-04  0.60793345811272D-04
  -.20536115319270D-04  0.36313158816387D-04  -.42628733667560D-04
  -.52969556174884D-04  0.84048991663699D-06  -.47379764535227D-04
  -.34970868982770D-04  0.34466696927471D-04  -.24618754512561D-04
  -.74410912188405D-04  0.56332298047010D-04  -.92536316175423D-04
  cycle =      7    SCF energy =     -229.1584644321   |dE/dxyz| =  0.000104
   -8.28613789431290     -0.25115449272487     -0.92800497927031      h
   -7.97785739494603     -1.32630501099843      0.85919070641997      c
   -5.28145329253935     -2.09244424557910      1.26171385215367      c
   -4.96656386505940     -3.45062361884429      3.55204626289875      o
   -9.72697775224047     -1.79136925696077      2.29402479628837      o
   -4.72035249488106     -3.20119494070626     -0.42739883119070      h
   -4.14639469595486     -0.33096075412748      1.19593059221292      h
   -3.18372214563530     -3.88695114233856      3.68749789285201      h
  0.30429914761911D-04  -.30568819934781D-04  0.52542106338038D-04
  -.21798802786632D-04  0.24838054943882D-04  -.31947266518950D-04
  0.36945227217366D-04  -.95386467290626D-05  -.18521181672781D-05
  -.11681409014419D-04  -.10337733948540D-04  0.15565350147462D-04
  -.97179866146990D-05  0.20371832761296D-04  -.10836260301905D-04
  -.19153702065941D-04  0.11354493773666D-04  -.14668489795339D-04
  -.69928585681722D-05  0.14931149563691D-05  -.23066985360996D-04
  0.10356006591272D-04  -.49503476479973D-05  -.13624647873751D-04
  cycle =      8    SCF energy =     -229.1584644316   |dE/dxyz| =  0.000037
   -8.28682915095904     -0.25096697609726     -0.92812885735567      h
   -7.97779391049092     -1.32625364904358      0.85906656624581      c
   -5.28139902230337     -2.09235945564097      1.26149657423457      c
   -4.96683178106962     -3.45051749211022      3.55185883642849      o
   -9.72649401778856     -1.79158807379333      2.29434861177240      o
   -4.71997217791076     -3.20126496660506     -0.42740720692581      h
   -4.14607259565069     -0.33104426794366      1.19596924795316      h
   -3.18406687939642     -3.88700858104568      3.68779652001173      h
  0.32056709186393D-05  0.10943777612321D-05  0.67760625648561D-05
  0.11349472053612D-04  0.64247574186327D-05  -.11347515568833D-04
  -.66459866443214D-05  -.44843188074031D-05  0.58716794880849D-05
  -.44480715517548D-05  0.38756476596485D-05  -.11726504251020D-04
  -.18651423875360D-05  0.10718003958479D-04  0.39179487725249D-05
  -.71347686140533D-05  0.26716485293787D-05  -.78105016072527D-05
  0.34918918484506D-05  -.51215922187708D-05  -.13800198689797D-04
  0.10670849316052D-04  -.12667143658135D-04  0.10358751170031D-06
$end
