$hessapprox internal
  0.142044214824D-01  0.189361415709D-03  0.103071986247D+01  0.158506848511D-02
  0.238800222384D-01  0.342403565497D+00 -0.136002633249D-02  0.569860672427D-01
 -0.314726146453D-01  0.273427113798D+00  0.345441374668D-03 -0.344281245872D-01
 -0.197910821948D-01  0.914473633737D-01  0.243297504869D+00 -0.213303142202D-02
 -0.217406902610D-04 -0.175288437485D-02  0.940887002918D-03 -0.200273105267D-02
  0.142773619867D+00 -0.142546609081D-02 -0.262729168531D-02 -0.162688736848D-02
  0.575070921446D-02 -0.131229712638D-02  0.523157597582D-03  0.407216747369D+00
  0.178503689585D-02 -0.159121280081D-02 -0.281054587776D-02  0.345952042973D-02
 -0.256096656947D-03 -0.570796426142D-03 -0.111549436402D-02  0.406865395246D+00
 -0.114010043792D-02  0.104141229258D-01 -0.108472020939D-01 -0.146992900243D-01
 -0.578034962646D-01 -0.214699613274D-03  0.513208814296D-02  0.443262645576D-02
  0.264980209772D+00  0.131665784848D-02 -0.996913874073D-03 -0.161750435542D-02
  0.229749490214D-02 -0.547928297810D-02 -0.497674500225D-03 -0.367204277963D-03
  0.267252473157D-03 -0.310155238740D-02  0.345986813745D+00 -0.205528554842D-03
 -0.178560107677D-01  0.245541494586D-01  0.388518367210D-01 -0.324072453666D-01
  0.157503465032D-05 -0.444343001200D-03  0.440923083377D-03 -0.652543430413D-02
 -0.974759121354D-03  0.301290987478D+00  0.326797445245D-02  0.166020037316D-02
  0.194109191723D-02 -0.420854677007D-02  0.633172571366D-02 -0.110903875186D-02
 -0.693761151479D-03  0.105337347330D-02  0.239516172985D-02  0.959080628086D-03
  0.126319715250D-02  0.344700519598D+00 -0.102363289421D-02  0.190539497171D-03
 -0.132554750408D-02 -0.170904879868D-03 -0.700322155321D-03  0.337885266211D-03
  0.257654700100D-03 -0.307212010637D-03 -0.462270495253D-03 -0.250444299235D-03
  0.164301643831D-03 -0.521688974389D-03  0.151357145117D-01  0.603330565759D-03
  0.240586469615D-02 -0.148186285474D-01  0.145711314875D-03 -0.109864920227D-02
 -0.650455776891D-03 -0.825404683364D-03 -0.501906321935D-03  0.111662503770D-01
  0.372685540078D-03  0.460998506017D-02 -0.279231703407D-03 -0.226000054348D-03
  0.619367435112D+00 -0.225978726420D-02  0.251398290897D-01  0.205848963168D-01
 -0.478156152554D-01 -0.449553314193D-02  0.662080800567D-03  0.778722834961D-02
  0.746839533418D-02 -0.670015610879D-01 -0.999461438104D-03  0.153833635150D-02
 -0.590304721470D-03 -0.536195609136D-04  0.149645172596D-01  0.294474821429D+00
 -0.601512745087D-03  0.131498545262D-02  0.489194812681D-02 -0.491769885345D-02
  0.161483742759D-02  0.341845774540D-03  0.103756413732D-02  0.734356831625D-03
 -0.446484670713D-02  0.188157544293D-03 -0.535762717642D-03 -0.873586555484D-03
  0.147130835445D-03  0.441664177230D-02 -0.872480619612D-02  0.509898532916D+00
 -0.502980059611D-03  0.873366459507D-02  0.147602785292D-01 -0.238409686430D-01
  0.177078122389D-01  0.947521500741D-03  0.235529258919D-02  0.186319631613D-02
 -0.160079331253D-01  0.277817471109D-03  0.263030497704D-02 -0.840471024134D-03
  0.104765835476D-03  0.128582004585D-01 -0.247173697096D-01  0.289107430587D-02
  0.383574783848D+00  0.112286880525D-02  0.113292336314D-02 -0.623839073191D-02
 -0.519609312166D-02  0.381135711638D-01  0.581823195227D-04 -0.271951422994D-02
 -0.257089122409D-02  0.436059897339D-01  0.192309287269D-02  0.101846410559D-01
 -0.163299397875D-02  0.187640505444D-04 -0.361885050010D-02  0.391376148473D-01
  0.904001518665D-02  0.155377324719D-01  0.364703954472D+00
$end
