#         time      en-total      pe-total      be-total      pressure          s_xx          s_xy          s_xz          s_yx          s_yy          s_yz          s_zx          s_zy          s_zz   temperature     bndlen-av    bndlen-max    bndlen-min
  0.000000E+00  1.469731E+01  1.309158E+01  1.526804E-01  6.979713E+01  6.966174E+01 -4.925344E-02 -5.534056E-03 -4.925344E-02  6.982895E+01  4.854251E-02 -5.534056E-03  4.854251E-02  6.990070E+01  1.070490E+00  1.459909E+00  3.183241E+00  4.267486E-01
  5.000000E+01  1.468129E+01  1.308781E+01  1.446475E-01  6.989499E+01  6.985734E+01  1.194932E-02  6.704669E-02  1.194932E-02  6.994228E+01  3.257085E-02  6.704669E-02  3.257085E-02  6.988536E+01  1.062320E+00  1.437963E+00  3.005597E+00  2.991654E-01
  1.000000E+02  1.466618E+01  1.308225E+01  1.444580E-01  6.970636E+01  6.969633E+01 -8.436878E-02  6.186751E-02 -8.436878E-02  6.972849E+01  3.424387E-02  6.186751E-02  3.424387E-02  6.969426E+01  1.055956E+00  1.440231E+00  3.259224E+00  3.737538E-01
  1.500000E+02  1.465210E+01  1.307290E+01  1.478548E-01  6.986019E+01  6.982085E+01 -3.649997E-02 -7.274631E-03 -3.649997E-02  6.991534E+01 -1.606748E-02 -7.274631E-03 -1.606748E-02  6.984436E+01  1.052798E+00  1.455604E+00  3.176992E+00  4.646861E-01
  2.000000E+02  1.466537E+01  1.308912E+01  1.469056E-01  6.975608E+01  6.977135E+01 -3.415617E-02 -1.738608E-02 -3.415617E-02  6.988495E+01  1.154046E-01 -1.738608E-02  1.154046E-01  6.961196E+01  1.050834E+00  1.440100E+00  3.388644E+00  3.350752E-01
  2.500000E+02  1.468528E+01  1.310014E+01  1.502185E-01  6.971856E+01  6.972762E+01  1.484786E-02  5.661656E-02  1.484786E-02  6.978277E+01  1.094257E-02  5.661656E-02  1.094257E-02  6.964531E+01  1.056760E+00  1.450230E+00  3.318134E+00  4.350974E-01
  3.000000E+02  1.463961E+01  1.306901E+01  1.465673E-01  6.968923E+01  6.982032E+01  7.905328E-02 -2.990510E-02  7.905328E-02  6.972786E+01 -5.555090E-02 -2.990510E-02 -5.555090E-02  6.951952E+01  1.047071E+00  1.444636E+00  3.204903E+00  4.064809E-01
  3.500000E+02  1.466371E+01  1.308346E+01  1.500901E-01  6.974988E+01  6.972042E+01 -2.294472E-02  6.251353E-03 -2.294472E-02  6.977915E+01  7.346482E-02  6.251353E-03  7.346482E-02  6.975007E+01  1.053499E+00  1.453074E+00  3.174596E+00  4.802460E-01
  4.000000E+02  1.468971E+01  1.307762E+01  1.509800E-01  6.989647E+01  6.981902E+01 -1.103004E-02 -6.262080E-02 -1.103004E-02  7.002401E+01  2.008111E-02 -6.262080E-02  2.008111E-02  6.984638E+01  1.074729E+00  1.462777E+00  3.517560E+00  4.248411E-01
  4.500000E+02  1.466803E+01  1.306785E+01  1.467877E-01  6.978207E+01  6.968937E+01  2.557618E-02  5.401448E-02  2.557618E-02  6.982648E+01 -6.199718E-02  5.401448E-02 -6.199718E-02  6.983036E+01  1.066788E+00  1.452287E+00  3.460848E+00  4.234822E-01
  5.000000E+02  1.463419E+01  1.307226E+01  1.436880E-01  6.974477E+01  6.975234E+01  2.627688E-03 -2.681028E-02  2.627688E-03  6.976772E+01 -4.894327E-02 -2.681028E-02 -4.894327E-02  6.971427E+01  1.041286E+00  1.435959E+00  3.361796E+00  3.552449E-01
  5.500000E+02  1.465430E+01  1.307220E+01  1.464560E-01  6.976041E+01  6.975354E+01 -7.508139E-02 -4.364281E-02 -7.508139E-02  6.994156E+01  5.057822E-02 -4.364281E-02  5.057822E-02  6.958613E+01  1.054732E+00  1.444557E+00  3.213693E+00  3.837120E-01
  6.000000E+02  1.465320E+01  1.307883E+01  1.428146E-01  6.977754E+01  6.976562E+01  4.374735E-02 -2.705169E-02  4.374735E-02  6.970967E+01  3.962170E-03 -2.705169E-02  3.962170E-03  6.985734E+01  1.049576E+00  1.432983E+00  3.221644E+00  2.884245E-01
  6.500000E+02  1.467496E+01  1.308654E+01  1.484614E-01  6.980475E+01  6.974503E+01  1.303425E-01  2.400790E-02  1.303425E-01  6.986930E+01  8.271286E-02  2.400790E-02  8.271286E-02  6.979993E+01  1.058950E+00  1.444421E+00  3.302470E+00  3.675585E-01
  7.000000E+02  1.466947E+01  1.307971E+01  1.500369E-01  6.972587E+01  6.985064E+01  2.228927E-02  5.274872E-02  2.228927E-02  6.972710E+01  2.214142E-03  5.274872E-02  2.214142E-03  6.959986E+01  1.059842E+00  1.450590E+00  3.315774E+00  3.884492E-01
  7.500000E+02  1.466181E+01  1.308003E+01  1.473734E-01  6.975440E+01  6.976043E+01 -6.872483E-02  2.995458E-03 -6.872483E-02  6.971520E+01  9.995837E-02  2.995458E-03  9.995837E-02  6.978758E+01  1.054522E+00  1.446326E+00  3.193385E+00  4.140451E-01
  8.000000E+02  1.464475E+01  1.306085E+01  1.425801E-01  6.989883E+01  6.994154E+01  5.108280E-02  6.020950E-02  5.108280E-02  6.976001E+01 -2.064423E-02  6.020950E-02 -2.064423E-02  6.999494E+01  1.055934E+00  1.441207E+00  3.037380E+00  3.649589E-01
  8.500000E+02  1.469518E+01  1.309919E+01  1.508774E-01  6.968106E+01  6.970042E+01  7.878218E-02 -1.200205E-01  7.878218E-02  6.978513E+01 -9.947409E-02 -1.200205E-01 -9.947409E-02  6.955764E+01  1.063990E+00  1.459305E+00  3.154378E+00  4.255026E-01
  9.000000E+02  1.468097E+01  1.309820E+01  1.496624E-01  6.966356E+01  6.962270E+01  1.108159E-02  3.453915E-02  1.108159E-02  6.970363E+01  1.108612E-01  3.453915E-02  1.108612E-01  6.966435E+01  1.055184E+00  1.452912E+00  2.996788E+00  3.440236E-01
  9.500000E+02  1.466285E+01  1.307050E+01  1.538691E-01  6.979993E+01  6.972897E+01 -5.017027E-02 -1.106806E-01 -5.017027E-02  6.982990E+01 -1.966011E-02 -1.106806E-01 -1.966011E-02  6.984093E+01  1.061567E+00  1.451294E+00  3.400577E+00  2.922763E-01
  1.000000E+03  1.465370E+01  1.306901E+01  1.432819E-01  6.978555E+01  6.982514E+01  1.086239E-02 -1.610308E-01  1.086239E-02  6.985923E+01  5.068410E-02 -1.610308E-01  5.068410E-02  6.967227E+01  1.056458E+00  1.443878E+00  3.295291E+00  4.485814E-01
  1.050000E+03  1.467210E+01  1.308971E+01  1.435980E-01  6.983838E+01  6.986703E+01  2.069792E-02  1.331306E-02  2.069792E-02  6.983263E+01  1.402846E-01  1.331306E-02  1.402846E-01  6.981549E+01  1.054927E+00  1.441017E+00  3.290541E+00  3.766455E-01
  1.100000E+03  1.466309E+01  1.307213E+01  1.464387E-01  6.972239E+01  6.979577E+01  1.157467E-01  1.942455E-02  1.157467E-01  6.971180E+01  2.961206E-03  1.942455E-02  2.961206E-03  6.965961E+01  1.060637E+00  1.445623E+00  3.166092E+00  3.392703E-01
  1.150000E+03  1.465436E+01  1.307079E+01  1.432631E-01  6.974201E+01  6.961891E+01  6.522395E-02 -6.419385E-02  6.522395E-02  6.990279E+01  2.427388E-02 -6.419385E-02  2.427388E-02  6.970431E+01  1.055716E+00  1.444059E+00  2.979785E+00  3.589656E-01
  1.200000E+03  1.468554E+01  1.308156E+01  1.492497E-01  6.979419E+01  6.983771E+01 -9.406432E-02  4.333672E-03 -9.406432E-02  6.983103E+01  2.993774E-02  4.333672E-03  2.993774E-02  6.971383E+01  1.069320E+00  1.455667E+00  3.114308E+00  3.847910E-01
  1.250000E+03  1.464890E+01  1.307433E+01  1.497694E-01  6.973782E+01  6.961905E+01 -2.475686E-02  1.367147E-01 -2.475686E-02  6.977662E+01 -2.247745E-02  1.367147E-01 -2.247745E-02  6.981779E+01  1.049714E+00  1.451827E+00  3.255766E+00  4.173896E-01
  1.300000E+03  1.464617E+01  1.306552E+01  1.376658E-01  6.995369E+01  7.001020E+01  7.479017E-02 -7.455845E-03  7.479017E-02  6.985650E+01  2.083654E-02 -7.455845E-03  2.083654E-02  6.999439E+01  1.053770E+00  1.431436E+00  3.139703E+00  4.118878E-01
  1.350000E+03  1.465182E+01  1.307806E+01  1.516442E-01  6.974948E+01  6.977788E+01 -2.174741E-02 -8.235880E-03 -2.174741E-02  6.983381E+01  1.318814E-02 -8.235880E-03  1.318814E-02  6.963676E+01  1.049170E+00  1.456581E+00  3.373649E+00  3.618549E-01
  1.400000E+03  1.466137E+01  1.307250E+01  1.496910E-01  6.985181E+01  6.977035E+01 -1.720469E-02  7.435906E-03 -1.720469E-02  6.991623E+01 -3.985804E-03  7.435906E-03 -3.985804E-03  6.986885E+01  1.059245E+00  1.455435E+00  3.138763E+00  3.817701E-01
  1.450000E+03  1.467283E+01  1.307147E+01  1.471884E-01  6.981481E+01  6.987025E+01 -5.449287E-02 -4.710500E-02 -5.449287E-02  6.982478E+01 -3.762253E-02 -4.710500E-02 -3.762253E-02  6.974938E+01  1.067575E+00  1.444194E+00  3.159797E+00  2.553309E-01
  1.500000E+03  1.465324E+01  1.307701E+01  1.523122E-01  6.968369E+01  6.963128E+01 -5.624090E-02  1.476801E-02 -5.624090E-02  6.979167E+01 -1.837151E-02  1.476801E-02 -1.837151E-02  6.962814E+01  1.050815E+00  1.459056E+00  3.340028E+00  2.579359E-01
  1.550000E+03  1.463346E+01  1.305719E+01  1.460995E-01  6.981540E+01  6.983274E+01  7.917040E-02  6.226853E-02  7.917040E-02  6.982744E+01 -3.932606E-04  6.226853E-02 -3.932606E-04  6.978604E+01  1.050851E+00  1.450460E+00  3.531176E+00  2.586875E-01
  1.600000E+03  1.465566E+01  1.306369E+01  1.496787E-01  6.987887E+01  6.985762E+01  6.359381E-04 -9.165013E-02  6.359381E-04  6.987296E+01 -2.520822E-02 -9.165013E-02 -2.520822E-02  6.990603E+01  1.061313E+00  1.453515E+00  3.392518E+00  4.033147E-01
  1.650000E+03  1.466646E+01  1.308442E+01  1.501508E-01  6.979600E+01  6.979325E+01 -3.946785E-02 -3.185869E-03 -3.946785E-02  6.974406E+01  5.903895E-02 -3.185869E-03  5.903895E-02  6.985069E+01  1.054691E+00  1.454454E+00  3.457453E+00  3.374317E-01
  1.700000E+03  1.466529E+01  1.306965E+01  1.462206E-01  6.990703E+01  6.996413E+01  6.028397E-02  4.473598E-03  6.028397E-02  6.983655E+01 -2.223506E-02  4.473598E-03 -2.223506E-02  6.992043E+01  1.063761E+00  1.450670E+00  3.364184E+00  3.793862E-01
  1.750000E+03  1.464817E+01  1.307073E+01  1.486779E-01  6.975814E+01  6.972792E+01  5.474465E-02  1.225615E-03  5.474465E-02  6.981150E+01  3.297740E-02  1.225615E-03  3.297740E-02  6.973500E+01  1.051624E+00  1.451136E+00  3.431521E+00  4.161377E-01
  1.800000E+03  1.466270E+01  1.307656E+01  1.480512E-01  6.976714E+01  6.978171E+01 -3.873794E-02 -4.021994E-02 -3.873794E-02  6.964375E+01 -3.024941E-02 -4.021994E-02 -3.024941E-02  6.987597E+01  1.057429E+00  1.449379E+00  3.311476E+00  3.969835E-01
  1.850000E+03  1.465290E+01  1.307043E+01  1.470344E-01  6.988644E+01  6.981325E+01 -2.360305E-02  3.529813E-03 -2.360305E-02  6.995915E+01 -4.165836E-04  3.529813E-03 -4.165836E-04  6.988693E+01  1.054980E+00  1.453462E+00  3.258067E+00  3.297082E-01
  1.900000E+03  1.465019E+01  1.307138E+01  1.443775E-01  6.970448E+01  6.971590E+01  1.836133E-03  5.825042E-02  1.836133E-03  6.981298E+01  5.416102E-02  5.825042E-02  5.416102E-02  6.958456E+01  1.052539E+00  1.445559E+00  3.069338E+00  3.898912E-01
  1.950000E+03  1.467921E+01  1.308467E+01  1.471558E-01  6.982250E+01  6.978067E+01  1.700390E-02  3.929240E-02  1.700390E-02  6.986423E+01 -4.411962E-04  3.929240E-02 -4.411962E-04  6.982262E+01  1.063028E+00  1.449452E+00  3.308461E+00  4.178719E-01
  2.000000E+03  1.467406E+01  1.309015E+01  1.482722E-01  6.985614E+01  6.989309E+01 -7.286182E-02  7.046615E-02 -7.286182E-02  7.000686E+01 -1.872416E-02  7.046615E-02 -1.872416E-02  6.966847E+01  1.055941E+00  1.448445E+00  3.221534E+00  3.778436E-01
  2.050000E+03  1.467281E+01  1.307830E+01  1.492375E-01  6.976225E+01  6.955630E+01 -8.080296E-03  5.306802E-02 -8.080296E-03  6.986093E+01  1.023513E-01  5.306802E-02  1.023513E-01  6.986951E+01  1.063004E+00  1.453936E+00  3.329694E+00  3.772923E-01
  2.100000E+03  1.465595E+01  1.308224E+01  1.534155E-01  6.974696E+01  6.965901E+01 -9.290157E-02 -6.163330E-02 -9.290157E-02  6.990832E+01  7.778002E-02 -6.163330E-02  7.778002E-02  6.967355E+01  1.049140E+00  1.461681E+00  3.071706E+00  3.824078E-01
  2.150000E+03  1.467097E+01  1.308616E+01  1.482225E-01  6.981269E+01  6.974823E+01  2.808001E-02 -3.535869E-02  2.808001E-02  6.990157E+01  1.108711E-02 -3.535869E-02  1.108711E-02  6.978826E+01  1.056541E+00  1.443276E+00  3.491613E+00  3.908912E-01
  2.200000E+03  1.467716E+01  1.307601E+01  1.471389E-01  6.984840E+01  6.965958E+01 -6.281994E-02  2.966904E-02 -6.281994E-02  6.992413E+01  5.108706E-02  2.966904E-02  5.108706E-02  6.996149E+01  1.067428E+00  1.449604E+00  3.549997E+00  3.561697E-01
  2.250000E+03  1.467075E+01  1.307208E+01  1.461407E-01  6.972729E+01  6.967560E+01  1.550132E-02 -2.206005E-02  1.550132E-02  6.972948E+01 -1.406340E-04 -2.206005E-02 -1.406340E-04  6.977679E+01  1.065784E+00  1.445073E+00  3.039260E+00  4.587834E-01
  2.300000E+03  1.465910E+01  1.307052E+01  1.476773E-01  6.974869E+01  6.977658E+01 -4.499326E-02 -2.363514E-02 -4.499326E-02  6.982200E+01 -3.147865E-02 -2.363514E-02 -3.147865E-02  6.964749E+01  1.059050E+00  1.453964E+00  3.129075E+00  3.426725E-01
  2.350000E+03  1.465331E+01  1.306753E+01  1.507314E-01  6.983918E+01  6.986457E+01  1.638745E-02  7.614825E-02  1.638745E-02  6.977034E+01  1.256038E-02  7.614825E-02  1.256038E-02  6.988264E+01  1.057189E+00  1.454094E+00  3.140695E+00  4.242042E-01
  2.400000E+03  1.465434E+01  1.306783E+01  1.470376E-01  6.970863E+01  6.963978E+01 -3.832952E-02  2.119342E-02 -3.832952E-02  6.976407E+01  3.375714E-02  2.119342E-02  3.375714E-02  6.972204E+01  1.057667E+00  1.448937E+00  3.150088E+00  3.555889E-01
  2.450000E+03  1.467005E+01  1.307801E+01  1.520556E-01  6.969781E+01  6.966822E+01 -3.047575E-02 -3.202704E-02 -3.047575E-02  6.980313E+01  1.941491E-02 -3.202704E-02  1.941491E-02  6.962209E+01  1.061364E+00  1.458099E+00  3.275484E+00  3.408485E-01
  2.500000E+03  1.465426E+01  1.306919E+01  1.494375E-01  6.981064E+01  6.989852E+01  4.228933E-02 -1.109646E-01  4.228933E-02  6.983393E+01  4.653246E-02 -1.109646E-01  4.653246E-02  6.969948E+01  1.056710E+00  1.447809E+00  3.393937E+00  3.693216E-01
  2.550000E+03  1.463938E+01  1.306189E+01  1.410326E-01  6.982122E+01  6.992428E+01 -6.211263E-03 -4.845899E-02 -6.211263E-03  6.973314E+01 -4.969714E-02 -4.845899E-02 -4.969714E-02  6.980624E+01  1.051654E+00  1.434576E+00  3.355629E+00  3.503780E-01
  2.600000E+03  1.466618E+01  1.308143E+01  1.494628E-01  6.982114E+01  6.984902E+01 -3.473469E-02 -5.579591E-02 -3.473469E-02  6.973662E+01  2.917101E-02 -5.579591E-02  2.917101E-02  6.987777E+01  1.056497E+00  1.453900E+00  3.018098E+00  3.723034E-01
  2.650000E+03  1.467103E+01  1.308289E+01  1.467893E-01  6.982428E+01  6.973479E+01  6.809532E-02 -4.034343E-02  6.809532E-02  6.986404E+01  4.532622E-02 -4.034343E-02  4.532622E-02  6.987402E+01  1.058761E+00  1.443589E+00  3.346250E+00  3.269360E-01
  2.700000E+03  1.466072E+01  1.306822E+01  1.465025E-01  6.976477E+01  6.968275E+01  1.052925E-02  1.655314E-02  1.052925E-02  6.988218E+01 -1.115129E-02  1.655314E-02 -1.115129E-02  6.972937E+01  1.061666E+00  1.441564E+00  3.414226E+00  3.712316E-01
  2.750000E+03  1.469657E+01  1.310586E+01  1.531789E-01  6.970975E+01  6.973988E+01 -2.830665E-04 -6.448740E-02 -2.830665E-04  6.965472E+01  6.770167E-02 -6.448740E-02  6.770167E-02  6.973466E+01  1.060468E+00  1.463289E+00  3.156874E+00  4.090464E-01
  2.800000E+03  1.465488E+01  1.307711E+01  1.505260E-01  6.971407E+01  6.956662E+01  8.965015E-02  2.453933E-02  8.965015E-02  6.994588E+01  3.416413E-03  2.453933E-02  3.416413E-03  6.962973E+01  1.051846E+00  1.453072E+00  3.190016E+00  3.821490E-01
  2.850000E+03  1.465383E+01  1.308407E+01  1.487809E-01  6.974055E+01  6.973287E+01 -5.846074E-02  4.880122E-02 -5.846074E-02  6.974879E+01 -4.785827E-02  4.880122E-02 -4.785827E-02  6.974001E+01  1.046509E+00  1.445077E+00  3.381340E+00  3.514074E-01
  2.900000E+03  1.467711E+01  1.308767E+01  1.490667E-01  6.981969E+01  6.972362E+01  1.643142E-02  5.419025E-02  1.643142E-02  6.995001E+01 -7.163267E-02  5.419025E-02 -7.163267E-02  6.978544E+01  1.059628E+00  1.456019E+00  3.170495E+00  4.524396E-01
  2.950000E+03  1.465812E+01  1.307537E+01  1.473231E-01  6.978044E+01  6.976254E+01  1.444263E-02 -7.140059E-02  1.444263E-02  6.986499E+01  2.319354E-02 -7.140059E-02  2.319354E-02  6.971379E+01  1.055170E+00  1.445497E+00  3.252358E+00  4.201625E-01
  3.000000E+03  1.464050E+01  1.306771E+01  1.433778E-01  6.973306E+01  6.983894E+01 -1.554699E-02  1.138462E-02 -1.554699E-02  6.971463E+01  1.607445E-01  1.138462E-02  1.607445E-01  6.964561E+01  1.048527E+00  1.436033E+00  3.014919E+00  3.500963E-01
  3.050000E+03  1.465588E+01  1.308014E+01  1.447740E-01  6.972863E+01  6.962901E+01 -2.000286E-02  8.293922E-02 -2.000286E-02  6.972922E+01 -9.743832E-03  8.293922E-02 -9.743832E-03  6.982767E+01  1.050492E+00  1.448725E+00  3.189205E+00  4.650052E-01
  3.100000E+03  1.466580E+01  1.308505E+01  1.453620E-01  6.982344E+01  6.981380E+01  1.915157E-02 -7.624239E-02  1.915157E-02  6.979444E+01 -5.947399E-02 -7.624239E-02 -5.947399E-02  6.986207E+01  1.053839E+00  1.442183E+00  3.165928E+00  3.739591E-01
  3.150000E+03  1.467032E+01  1.308161E+01  1.475240E-01  6.976355E+01  6.986867E+01  8.490531E-03  1.318873E-01  8.490531E-03  6.967014E+01  8.169687E-03  1.318873E-01  8.169687E-03  6.975185E+01  1.059142E+00  1.448787E+00  3.198709E+00  3.918320E-01
  3.200000E+03  1.468009E+01  1.308572E+01  1.424370E-01  6.980832E+01  6.989107E+01 -3.347957E-02 -2.637023E-02 -3.347957E-02  6.980951E+01 -1.970974E-02 -2.637023E-02 -1.970974E-02  6.972438E+01  1.062911E+00  1.440719E+00  3.146717E+00  3.844892E-01
  3.250000E+03  1.465955E+01  1.307993E+01  1.479170E-01  6.981671E+01  6.989269E+01 -5.005592E-03  3.043453E-02 -5.005592E-03  6.983559E+01  4.582759E-02  3.043453E-02  4.582759E-02  6.972183E+01  1.053077E+00  1.443573E+00  3.291511E+00  4.176233E-01
  3.300000E+03  1.466596E+01  1.308039E+01  1.514964E-01  6.980931E+01  6.976413E+01  7.114000E-02  3.061887E-02  7.114000E-02  6.985563E+01 -6.130854E-02  3.061887E-02 -6.130854E-02  6.980818E+01  1.057046E+00  1.454072E+00  3.128467E+00  3.902916E-01
  3.350000E+03  1.465562E+01  1.307543E+01  1.453421E-01  6.975594E+01  6.984440E+01  4.871785E-02  2.215947E-04  4.871785E-02  6.965570E+01  1.395457E-02  2.215947E-04  1.395457E-02  6.976771E+01  1.053460E+00  1.446877E+00  3.180490E+00  3.941502E-01
  3.400000E+03  1.466164E+01  1.306752E+01  1.511428E-01  6.979466E+01  6.978624E+01  5.950240E-05 -2.146811E-02  5.950240E-05  6.978234E+01  4.789163E-02 -2.146811E-02  4.789163E-02  6.981541E+01  1.062744E+00  1.453210E+00  3.251281E+00  3.673711E-01
  3.450000E+03  1.465751E+01  1.307302E+01  1.469493E-01  6.981364E+01  6.965276E+01 -4.425701E-02 -6.939967E-02 -4.425701E-02  6.988299E+01 -9.701080E-02 -6.939967E-02 -9.701080E-02  6.990518E+01  1.056325E+00  1.450003E+00  3.132538E+00  3.347602E-01
  3.500000E+03  1.465921E+01  1.307572E+01  1.460483E-01  6.979626E+01  6.973833E+01  5.342750E-02 -4.625458E-02  5.342750E-02  6.985479E+01  2.791531E-02 -4.625458E-02  2.791531E-02  6.979567E+01  1.055661E+00  1.446522E+00  3.062271E+00  3.336616E-01
  3.550000E+03  1.467252E+01  1.309190E+01  1.500846E-01  6.964934E+01  6.963218E+01 -1.235369E-01  2.717528E-02 -1.235369E-01  6.967839E+01 -7.500364E-02  2.717528E-02 -7.500364E-02  6.963744E+01  1.053748E+00  1.455203E+00  3.263262E+00  3.504621E-01
  3.600000E+03  1.467426E+01  1.308203E+01  1.443393E-01  6.982245E+01  6.976683E+01 -3.914035E-02 -1.131055E-01 -3.914035E-02  6.987864E+01 -6.505787E-03 -1.131055E-01 -6.505787E-03  6.982187E+01  1.061484E+00  1.441882E+00  3.241527E+00  3.649510E-01
  3.650000E+03  1.464813E+01  1.307296E+01  1.465854E-01  6.982499E+01  6.983210E+01  2.141217E-02  3.520876E-02  2.141217E-02  6.986736E+01 -1.730228E-01  3.520876E-02 -1.730228E-01  6.977550E+01  1.050112E+00  1.451147E+00  3.099135E+00  3.961368E-01
  3.700000E+03  1.466241E+01  1.308729E+01  1.469381E-01  6.981167E+01  6.967643E+01  2.735641E-02  3.609087E-02  2.735641E-02  6.987841E+01 -4.612302E-02  3.609087E-02 -4.612302E-02  6.988016E+01  1.050080E+00  1.447518E+00  2.972950E+00  3.885277E-01
  3.750000E+03  1.466290E+01  1.307234E+01  1.480845E-01  6.984048E+01  6.990722E+01 -8.890083E-02  5.354991E-02 -8.890083E-02  6.972717E+01  5.078328E-03  5.354991E-02  5.078328E-03  6.988705E+01  1.060377E+00  1.452322E+00  3.566125E+00  4.202137E-01
  3.800000E+03  1.467462E+01  1.309209E+01  1.492535E-01  6.976005E+01  6.974381E+01 -3.065988E-02 -2.027055E-02 -3.065988E-02  6.988005E+01  3.804513E-02 -2.027055E-02  3.804513E-02  6.965629E+01  1.055019E+00  1.450644E+00  3.633751E+00  3.674982E-01
  3.850000E+03  1.465042E+01  1.307047E+01  1.478408E-01  6.983398E+01  6.976424E+01 -6.537472E-02 -5.481229E-02 -6.537472E-02  6.990923E+01  9.770562E-02 -5.481229E-02  9.770562E-02  6.982847E+01  1.053300E+00  1.449127E+00  3.104732E+00  4.053316E-01
  3.900000E+03  1.465772E+01  1.307407E+01  1.506343E-01  6.985276E+01  6.977924E+01 -1.514532E-02  5.555848E-03 -1.514532E-02  6.996127E+01  2.254793E-02  5.555848E-03  2.254793E-02  6.981777E+01  1.055765E+00  1.457364E+00  3.467385E+00  3.914551E-01
  3.950000E+03  1.467188E+01  1.308355E+01  1.546130E-01  6.977882E+01  6.981869E+01 -4.094048E-02  7.382955E-02 -4.094048E-02  6.971978E+01 -7.157236E-02  7.382955E-02 -7.157236E-02  6.979797E+01  1.058891E+00  1.460480E+00  3.438194E+00  3.542525E-01
  4.000000E+03  1.466042E+01  1.307201E+01  1.471211E-01  6.988923E+01  6.989306E+01  3.304038E-03  8.110606E-04  3.304038E-03  6.990438E+01  4.794027E-02  8.110606E-04  4.794027E-02  6.987026E+01  1.058938E+00  1.447738E+00  3.387899E+00  3.738983E-01
  4.050000E+03  1.464543E+01  1.306571E+01  1.444293E-01  6.986039E+01  6.982738E+01 -3.892343E-02  4.732353E-02 -3.892343E-02  6.990806E+01 -8.779839E-02  4.732353E-02 -8.779839E-02  6.984575E+01  1.053148E+00  1.441909E+00  3.400301E+00  3.929063E-01
  4.100000E+03  1.465116E+01  1.306878E+01  1.475162E-01  6.979061E+01  6.982631E+01 -4.066022E-02  3.753500E-02 -4.066022E-02  6.976511E+01 -5.215186E-02  3.753500E-02 -5.215186E-02  6.978041E+01  1.054917E+00  1.455267E+00  3.005983E+00  3.435701E-01
  4.150000E+03  1.465548E+01  1.307401E+01  1.431302E-01  6.980958E+01  6.966781E+01  8.624295E-02  1.121580E-01  8.624295E-02  6.999776E+01  4.780825E-02  1.121580E-01  4.780825E-02  6.976316E+01  1.054311E+00  1.440002E+00  3.044029E+00  3.300669E-01
  4.200000E+03  1.465537E+01  1.308129E+01  1.470101E-01  6.973012E+01  6.971301E+01 -5.708349E-02  5.445532E-02 -5.708349E-02  6.987001E+01  6.061071E-02  5.445532E-02  6.061071E-02  6.960736E+01  1.049386E+00  1.448226E+00  3.131579E+00  4.283766E-01
  4.250000E+03  1.464092E+01  1.307149E+01  1.504531E-01  6.972965E+01  6.964597E+01 -8.426988E-02 -1.719343E-02 -8.426988E-02  6.975035E+01  6.400265E-02 -1.719343E-02  6.400265E-02  6.979263E+01  1.046285E+00  1.452927E+00  3.185631E+00  4.644902E-01
  4.300000E+03  1.466149E+01  1.307763E+01  1.510651E-01  6.985898E+01  6.990393E+01 -2.494403E-02 -2.373240E-02 -2.494403E-02  6.983533E+01  9.995254E-03 -2.373240E-02  9.995254E-03  6.983767E+01  1.055905E+00  1.455370E+00  3.349651E+00  3.779849E-01
  4.350000E+03  1.465776E+01  1.307808E+01  1.454672E-01  6.972648E+01  6.968469E+01  2.941959E-02 -3.051689E-02  2.941959E-02  6.980878E+01 -3.044688E-02 -3.051689E-02 -3.044688E-02  6.968596E+01  1.053117E+00  1.445280E+00  3.141756E+00  3.695890E-01
  4.400000E+03  1.467018E+01  1.307746E+01  1.467253E-01  6.975539E+01  6.975514E+01 -6.111291E-02 -9.962499E-03 -6.111291E-02  6.984666E+01 -3.798085E-02 -9.962499E-03 -3.798085E-02  6.966437E+01  1.061816E+00  1.443558E+00  3.224969E+00  3.931496E-01
  4.450000E+03  1.468721E+01  1.309748E+01  1.513301E-01  6.983170E+01  6.969469E+01  6.802221E-02  6.053076E-02  6.802221E-02  6.994629E+01 -5.804970E-02  6.053076E-02 -5.804970E-02  6.985412E+01  1.059820E+00  1.453185E+00  3.228225E+00  3.772436E-01
  4.500000E+03  1.467693E+01  1.309029E+01  1.469912E-01  6.978226E+01  6.974074E+01 -1.533841E-02 -7.278760E-02 -1.533841E-02  6.982423E+01 -7.671616E-02 -7.278760E-02 -7.671616E-02  6.978183E+01  1.057756E+00  1.448870E+00  3.103412E+00  3.831781E-01
  4.550000E+03  1.465768E+01  1.307838E+01  1.449330E-01  6.979888E+01  6.966067E+01 -1.937296E-02 -1.295884E-02 -1.937296E-02  6.991015E+01  1.050462E-02 -1.295884E-02  1.050462E-02  6.982583E+01  1.052862E+00  1.444874E+00  3.308673E+00  4.217798E-01
  4.600000E+03  1.464707E+01  1.308054E+01  1.490226E-01  6.974145E+01  6.964907E+01  9.531017E-03  1.327802E-01  9.531017E-03  6.970520E+01  4.991130E-02  1.327802E-01  4.991130E-02  6.987007E+01  1.044354E+00  1.448489E+00  3.166820E+00  3.663881E-01
  4.650000E+03  1.468598E+01  1.308674E+01  1.508940E-01  6.977440E+01  6.968604E+01 -1.572421E-02  7.912499E-02 -1.572421E-02  6.981146E+01 -5.411712E-02  7.912499E-02 -5.411712E-02  6.982569E+01  1.066159E+00  1.453620E+00  3.216766E+00  3.786014E-01
  4.700000E+03  1.464743E+01  1.306050E+01  1.461303E-01  6.974705E+01  6.962909E+01  9.044129E-03 -2.986963E-02  9.044129E-03  6.988207E+01  1.253634E-02 -2.986963E-02  1.253634E-02  6.973000E+01  1.057952E+00  1.455344E+00  2.995832E+00  4.168233E-01
  4.750000E+03  1.467127E+01  1.308577E+01  1.482461E-01  6.987980E+01  6.989843E+01 -1.170775E-01 -1.596727E-02 -1.170775E-01  6.983483E+01 -1.241725E-01 -1.596727E-02 -1.241725E-01  6.990614E+01  1.057000E+00  1.445609E+00  3.529457E+00  3.525606E-01
  4.800000E+03  1.466436E+01  1.308507E+01  1.458769E-01  6.979336E+01  6.983311E+01 -1.434665E-01 -7.927585E-02 -1.434665E-01  6.989174E+01 -1.445069E-01 -7.927585E-02 -1.445069E-01  6.965522E+01  1.052857E+00  1.444940E+00  3.122859E+00  3.585856E-01
  4.850000E+03  1.465811E+01  1.307544E+01  1.478003E-01  6.980311E+01  6.973218E+01 -2.633434E-02 -4.345523E-02 -2.633434E-02  6.992842E+01 -8.613897E-02 -4.345523E-02 -8.613897E-02  6.974873E+01  1.055112E+00  1.451594E+00  3.262936E+00  4.000313E-01
  4.900000E+03  1.467866E+01  1.308110E+01  1.422398E-01  6.981404E+01  6.984025E+01 -6.332641E-02  5.727102E-04 -6.332641E-02  6.987721E+01  7.448860E-02  5.727102E-04  7.448860E-02  6.972466E+01  1.065035E+00  1.441135E+00  3.001839E+00  3.424363E-01
  4.950000E+03  1.466276E+01  1.307145E+01  1.512493E-01  6.972252E+01  6.974563E+01 -8.112275E-02  3.132912E-02 -8.112275E-02  6.975004E+01  3.223124E-02  3.132912E-02  3.223124E-02  6.967191E+01  1.060875E+00  1.459934E+00  3.062232E+00  3.768688E-01
  5.000000E+03  1.466015E+01  1.307574E+01  1.466352E-01  6.980579E+01  6.982850E+01 -5.336104E-02 -5.167597E-02 -5.336104E-02  6.971683E+01  2.087005E-02 -5.167597E-02  2.087005E-02  6.987205E+01  1.056269E+00  1.448486E+00  3.521691E+00  2.813247E-01
  5.050000E+03  1.468141E+01  1.309219E+01  1.469832E-01  6.976218E+01  6.970522E+01 -6.667565E-02  3.170747E-02 -6.667565E-02  6.982527E+01  6.221628E-02  3.170747E-02  6.221628E-02  6.975606E+01  1.059477E+00  1.448620E+00  3.267345E+00  2.976303E-01
  5.100000E+03  1.465319E+01  1.307235E+01  1.482870E-01  6.967961E+01  6.969528E+01 -6.700226E-02  2.157982E-03 -6.700226E-02  6.971092E+01 -4.522757E-02  2.157982E-03 -4.522757E-02  6.963264E+01  1.053894E+00  1.447396E+00  3.342292E+00  4.067163E-01
  5.150000E+03  1.467595E+01  1.308278E+01  1.475771E-01  6.982123E+01  6.986709E+01 -6.854519E-02 -4.065349E-02 -6.854519E-02  6.978541E+01 -5.295515E-02 -4.065349E-02 -5.295515E-02  6.981118E+01  1.062115E+00  1.441526E+00  3.379800E+00  3.798239E-01
  5.200000E+03  1.465703E+01  1.306951E+01  1.457963E-01  6.982529E+01  6.974982E+01 -3.254953E-03  3.081369E-02 -3.254953E-03  6.997060E+01 -3.711609E-02  3.081369E-02 -3.711609E-02  6.975545E+01  1.058343E+00  1.443546E+00  3.057769E+00  4.165194E-01
  5.250000E+03  1.467758E+01  1.307633E+01  1.469407E-01  6.977899E+01  6.976743E+01  6.000311E-02 -8.858181E-02  6.000311E-02  6.976831E+01 -2.274790E-03 -8.858181E-02 -2.274790E-03  6.980124E+01  1.067501E+00  1.448229E+00  3.225018E+00  3.104573E-01
  5.300000E+03  1.464215E+01  1.305724E+01  1.467235E-01  6.981532E+01  6.987120E+01 -1.521978E-02 -1.106037E-03 -1.521978E-02  6.976558E+01  6.391409E-02 -1.106037E-03  6.391409E-02  6.980917E+01  1.056606E+00  1.447185E+00  3.364123E+00  4.137014E-01
  5.350000E+03  1.467610E+01  1.307832E+01  1.451394E-01  6.981822E+01  6.973283E+01 -1.263326E-01  8.668082E-02 -1.263326E-01  6.992184E+01  3.273044E-02  8.668082E-02  3.273044E-02  6.979999E+01  1.065190E+00  1.440661E+00  3.107388E+00  3.882634E-01
  5.400000E+03  1.467419E+01  1.307764E+01  1.475335E-01  6.987679E+01  6.979048E+01 -1.008263E-02  1.213182E-03 -1.008263E-02  6.991364E+01 -1.476951E-02  1.213182E-03 -1.476951E-02  6.992623E+01  1.064367E+00  1.450306E+00  3.342952E+00  4.467990E-01
  5.450000E+03  1.464587E+01  1.307340E+01  1.481628E-01  6.977499E+01  6.966914E+01 -9.648226E-02 -7.471407E-02 -9.648226E-02  6.978962E+01  3.312458E-02 -7.471407E-02  3.312458E-02  6.986622E+01  1.048315E+00  1.455135E+00  3.504103E+00  3.960699E-01
  5.500000E+03  1.466019E+01  1.307091E+01  1.475693E-01  6.979737E+01  6.974573E+01 -4.036035E-02 -4.511674E-02 -4.036035E-02  6.984880E+01  3.546255E-02 -4.511674E-02  3.546255E-02  6.979757E+01  1.059519E+00  1.445533E+00  2.994901E+00  3.911013E-01
  5.550000E+03  1.465665E+01  1.306828E+01  1.505560E-01  6.982796E+01  6.981951E+01 -5.440997E-02  2.188659E-02 -5.440997E-02  6.988422E+01  5.368021E-02  2.188659E-02  5.368021E-02  6.978013E+01  1.058914E+00  1.460563E+00  2.987911E+00  3.805553E-01
  5.600000E+03  1.464150E+01  1.306996E+01  1.479757E-01  6.975049E+01  6.977021E+01  5.122144E-02 -6.145831E-02  5.122144E-02  6.974498E+01  3.367826E-03 -6.145831E-02  3.367826E-03  6.973628E+01  1.047697E+00  1.446320E+00  3.018620E+00  3.451173E-01
  5.650000E+03  1.464613E+01  1.306779E+01  1.458281E-01  6.985681E+01  6.991949E+01  1.044250E-01 -5.360131E-02  1.044250E-01  6.995607E+01 -5.338018E-02 -5.360131E-02 -5.338018E-02  6.969488E+01  1.052228E+00  1.446298E+00  3.670724E+00  4.039728E-01
  5.700000E+03  1.464694E+01  1.306714E+01  1.478081E-01  6.976655E+01  6.980843E+01  1.681460E-02 -4.173822E-02  1.681460E-02  6.967734E+01 -1.047183E-01 -4.173822E-02 -1.047183E-01  6.981388E+01  1.053204E+00  1.450019E+00  3.278198E+00  3.273316E-01
  5.750000E+03  1.466871E+01  1.307960E+01  1.468391E-01  6.973699E+01  6.975456E+01 -2.985930E-03  2.710470E-02 -2.985930E-03  6.981260E+01  1.420751E-01  2.710470E-02  1.420751E-01  6.964382E+01  1.059406E+00  1.443012E+00  3.368169E+00  3.449587E-01
  5.800000E+03  1.466071E+01  1.307632E+01  1.458931E-01  6.980480E+01  6.975955E+01  8.254041E-02  1.342343E-02  8.254041E-02  6.971922E+01  2.590593E-02  1.342343E-02  2.590593E-02  6.993564E+01  1.056260E+00  1.444211E+00  3.236267E+00  3.589386E-01
  5.850000E+03  1.465880E+01  1.308428E+01  1.439953E-01  6.982861E+01  6.988763E+01 -6.969548E-02 -5.328640E-02 -6.969548E-02  6.979343E+01  6.133897E-02 -5.328640E-02  6.133897E-02  6.980478E+01  1.049679E+00  1.441266E+00  3.305110E+00  4.019708E-01
  5.900000E+03  1.465518E+01  1.307611E+01  1.469492E-01  6.969841E+01  6.973442E+01 -1.751471E-02  4.875323E-02 -1.751471E-02  6.969485E+01  3.670262E-03  4.875323E-02  3.670262E-03  6.966595E+01  1.052715E+00  1.446551E+00  3.181067E+00  3.219239E-01
  5.950000E+03  1.467014E+01  1.308590E+01  1.405693E-01  6.986617E+01  6.992598E+01  8.740606E-02  7.419748E-02  8.740606E-02  6.986635E+01  1.193019E-01  7.419748E-02  1.193019E-01  6.980617E+01  1.056154E+00  1.430957E+00  2.930069E+00  3.443129E-01
  6.000000E+03  1.466314E+01  1.307193E+01  1.499595E-01  6.988269E+01  6.976832E+01 -1.252828E-01  5.283837E-02 -1.252828E-01  6.996715E+01 -6.677370E-02  5.283837E-02 -6.677370E-02  6.991260E+01  1.060808E+00  1.453418E+00  3.384989E+00  3.856876E-01
  6.050000E+03  1.467975E+01  1.309528E+01  1.496600E-01  6.983523E+01  6.983292E+01 -1.153363E-02 -4.877928E-02 -1.153363E-02  6.992568E+01  5.749313E-03 -4.877928E-02  5.749313E-03  6.974708E+01  1.056309E+00  1.457755E+00  3.423129E+00  3.905167E-01
  6.100000E+03  1.467769E+01  1.308165E+01  1.480461E-01  6.975941E+01  6.965968E+01  1.092811E-02  9.456985E-02  1.092811E-02  6.973795E+01  3.544781E-02  9.456985E-02  3.544781E-02  6.988058E+01  1.064028E+00  1.445017E+00  3.190432E+00  4.153868E-01
  6.150000E+03  1.466889E+01  1.308069E+01  1.476355E-01  6.986192E+01  6.971444E+01  8.156489E-03  6.263424E-02  8.156489E-03  7.006070E+01  7.298743E-02  6.263424E-02  7.298743E-02  6.981061E+01  1.058806E+00  1.449299E+00  3.336437E+00  3.155992E-01
  6.200000E+03  1.466993E+01  1.307627E+01  1.470168E-01  6.972864E+01  6.971893E+01  6.690117E-02 -1.017108E-01  6.690117E-02  6.975394E+01 -1.175817E-01 -1.017108E-01 -1.175817E-01  6.971305E+01  1.062438E+00  1.443510E+00  3.175890E+00  4.201087E-01
  6.250000E+03  1.465961E+01  1.308745E+01  1.493922E-01  6.969296E+01  6.972090E+01 -5.251393E-03  1.289716E-01 -5.251393E-03  6.972311E+01 -2.701738E-02  1.289716E-01 -2.701738E-02  6.963487E+01  1.048106E+00  1.448370E+00  3.060973E+00  3.701757E-01
  6.300000E+03  1.466729E+01  1.308194E+01  1.467161E-01  6.984281E+01  6.987183E+01  1.180522E-01  4.337146E-02  1.180522E-01  6.990421E+01  1.418032E-02  4.337146E-02  1.418032E-02  6.975238E+01  1.056899E+00  1.445030E+00  3.197768E+00  3.776091E-01
  6.350000E+03  1.467622E+01  1.309160E+01  1.524967E-01  6.974593E+01  6.976863E+01  2.618216E-02 -3.536488E-02  2.618216E-02  6.969209E+01  3.382831E-02 -3.536488E-02  3.382831E-02  6.977709E+01  1.056416E+00  1.451851E+00  3.386555E+00  3.183436E-01
  6.400000E+03  1.464554E+01  1.306442E+01  1.479725E-01  6.972684E+01  6.968172E+01  5.738289E-03 -4.747601E-02  5.738289E-03  6.986751E+01 -3.846672E-02 -4.747601E-02 -3.846672E-02  6.963128E+01  1.054081E+00  1.450981E+00  3.320275E+00  4.202639E-01
  6.450000E+03  1.464990E+01  1.306653E+01  1.489488E-01  6.988814E+01  6.984648E+01 -7.326430E-02 -5.953059E-02 -7.326430E-02  7.008048E+01  1.425355E-02 -5.953059E-02  1.425355E-02  6.973747E+01  1.055581E+00  1.445763E+00  3.190051E+00  2.982822E-01
  6.500000E+03  1.466215E+01  1.307415E+01  1.446165E-01  6.973768E+01  6.972931E+01 -4.120391E-02  1.288884E-03 -4.120391E-02  6.981273E+01  5.712626E-02  1.288884E-03  5.712626E-02  6.967100E+01  1.058665E+00  1.438888E+00  3.191428E+00  3.923151E-01
  6.550000E+03  1.466257E+01  1.307878E+01  1.506589E-01  6.975323E+01  6.993443E+01 -7.666194E-02 -2.996612E-03 -7.666194E-02  6.985790E+01 -6.771580E-02 -2.996612E-03 -6.771580E-02  6.946736E+01  1.055863E+00  1.455072E+00  3.260735E+00  3.776226E-01
  6.600000E+03  1.466093E+01  1.308096E+01  1.446082E-01  6.978019E+01  6.980030E+01  7.173841E-02 -3.661690E-02  7.173841E-02  6.972560E+01  1.682554E-02 -3.661690E-02  1.682554E-02  6.981467E+01  1.053313E+00  1.432548E+00  3.522043E+00  3.952275E-01
  6.650000E+03  1.468505E+01  1.307832E+01  1.493440E-01  6.978155E+01  6.974395E+01 -4.878804E-02  4.208603E-03 -4.878804E-02  6.984086E+01 -2.445474E-03  4.208603E-03 -2.445474E-03  6.975985E+01  1.071154E+00  1.451237E+00  3.300296E+00  3.720045E-01
  6.700000E+03  1.467786E+01  1.308541E+01  1.457147E-01  6.970515E+01  6.964961E+01  1.254886E-01  2.026474E-02  1.254886E-01  6.978578E+01  1.316721E-01  2.026474E-02  1.316721E-01  6.968006E+01  1.061635E+00  1.446391E+00  3.490337E+00  3.904344E-01
  6.750000E+03  1.468279E+01  1.309057E+01  1.532269E-01  6.979734E+01  6.972990E+01 -4.790683E-02 -2.432285E-02 -4.790683E-02  6.973202E+01 -7.452319E-02 -2.432285E-02 -7.452319E-02  6.993009E+01  1.061481E+00  1.462476E+00  3.061600E+00  3.104748E-01
  6.800000E+03  1.466860E+01  1.307540E+01  1.449956E-01  6.974859E+01  6.965904E+01 -1.402553E-02  1.322443E-02 -1.402553E-02  6.987145E+01 -9.972161E-02  1.322443E-02 -9.972161E-02  6.971529E+01  1.062135E+00  1.443900E+00  3.048514E+00  4.237261E-01
  6.850000E+03  1.466958E+01  1.308246E+01  1.532589E-01  6.978901E+01  6.970281E+01  2.750753E-02 -1.233524E-02  2.750753E-02  6.981752E+01 -3.064524E-02 -1.233524E-02 -3.064524E-02  6.984670E+01  1.058078E+00  1.452612E+00  3.724006E+00  3.568810E-01
  6.900000E+03  1.466149E+01  1.307883E+01  1.467140E-01  6.974149E+01  6.969672E+01  9.210294E-02  8.992505E-02  9.210294E-02  6.973764E+01 -5.540323E-02  8.992505E-02 -5.540323E-02  6.979009E+01  1.055107E+00  1.453897E+00  3.372686E+00  3.550449E-01
  6.950000E+03  1.467163E+01  1.307768E+01  1.495320E-01  6.978111E+01  6.979004E+01 -2.972013E-02  2.616734E-02 -2.972013E-02  6.975950E+01  2.090220E-02  2.616734E-02  2.090220E-02  6.979379E+01  1.062637E+00  1.451929E+00  3.380833E+00  4.287964E-01
  7.000000E+03  1.463938E+01  1.307006E+01  1.409771E-01  6.979705E+01  6.971597E+01  1.121671E-02  1.775132E-02  1.121671E-02  6.984061E+01  5.338554E-02  1.775132E-02  5.338554E-02  6.983456E+01  1.046218E+00  1.438405E+00  3.376240E+00  4.495831E-01
  7.050000E+03  1.466978E+01  1.307718E+01  1.443264E-01  6.967892E+01  6.959873E+01 -6.543179E-02 -6.757532E-02 -6.543179E-02  6.977902E+01  3.951515E-02 -6.757532E-02  3.951515E-02  6.965899E+01  1.061733E+00  1.443340E+00  3.028370E+00  4.395205E-01
  7.100000E+03  1.466624E+01  1.306401E+01  1.443636E-01  6.991053E+01  6.974640E+01  5.343877E-02  9.333475E-04  5.343877E-02  6.994025E+01 -1.208771E-02  9.333475E-04 -1.208771E-02  7.004495E+01  1.068150E+00  1.436263E+00  3.516411E+00  4.075284E-01
  7.150000E+03  1.466511E+01  1.308222E+01  1.462286E-01  6.975046E+01  6.973043E+01 -1.161749E-01  1.023084E-01 -1.161749E-01  6.981395E+01 -1.964421E-02  1.023084E-01 -1.964421E-02  6.970700E+01  1.055255E+00  1.448866E+00  3.264383E+00  4.587182E-01
  7.200000E+03  1.464982E+01  1.306381E+01  1.453884E-01  6.982076E+01  6.984640E+01  9.379352E-02 -4.432030E-02  9.379352E-02  6.984759E+01  3.709607E-02 -4.432030E-02  3.709607E-02  6.976828E+01  1.057339E+00  1.439717E+00  3.185353E+00  4.059714E-01
  7.250000E+03  1.466376E+01  1.307430E+01  1.492527E-01  6.972209E+01  6.973521E+01 -1.917263E-02  6.511310E-03 -1.917263E-02  6.976009E+01 -8.493041E-02  6.511310E-03 -8.493041E-02  6.967098E+01  1.059642E+00  1.450928E+00  3.722481E+00  3.773261E-01
  7.300000E+03  1.466958E+01  1.308340E+01  1.440464E-01  6.988427E+01  6.980836E+01 -2.587632E-02  5.446967E-02 -2.587632E-02  6.992750E+01  7.664622E-02  5.446967E-02  7.664622E-02  6.991695E+01  1.057450E+00  1.447372E+00  3.111353E+00  4.059822E-01
  7.350000E+03  1.466004E+01  1.307552E+01  1.511746E-01  6.972525E+01  6.979897E+01  1.145526E-01  2.299768E-03  1.145526E-01  6.970992E+01  9.850027E-02  2.299768E-03  9.850027E-02  6.966687E+01  1.056343E+00  1.456889E+00  3.273924E+00  4.032000E-01
  7.400000E+03  1.467049E+01  1.308945E+01  1.492564E-01  6.966443E+01  6.950980E+01  9.239107E-02 -6.258771E-02  9.239107E-02  6.976156E+01 -1.563991E-02 -6.258771E-02 -1.563991E-02  6.972193E+01  1.054022E+00  1.456226E+00  3.081276E+00  4.001030E-01
  7.450000E+03  1.463187E+01  1.306396E+01  1.447441E-01  6.975920E+01  6.980286E+01  4.625318E-03 -4.718902E-02  4.625318E-03  6.973620E+01 -9.949262E-02 -4.718902E-02 -9.949262E-02  6.973854E+01  1.045275E+00  1.441770E+00  3.429715E+00  3.619560E-01
  7.500000E+03  1.465967E+01  1.306885E+01  1.488018E-01  6.984528E+01  6.983970E+01 -1.865984E-01  1.249918E-01 -1.865984E-01  6.993067E+01  8.703674E-02  1.249918E-01  8.703674E-02  6.976548E+01  1.060545E+00  1.456724E+00  3.279001E+00  4.391071E-01
  7.550000E+03  1.467163E+01  1.308838E+01  1.476573E-01  6.971959E+01  6.966482E+01 -5.009596E-02 -4.063323E-02 -5.009596E-02  6.973665E+01 -4.702402E-02 -4.063323E-02 -4.702402E-02  6.975730E+01  1.055498E+00  1.442434E+00  3.443327E+00  4.171550E-01
  7.600000E+03  1.466862E+01  1.307332E+01  1.537834E-01  6.979417E+01  6.977580E+01  9.421640E-02 -9.163410E-02  9.421640E-02  6.972486E+01 -1.320061E-02 -9.163410E-02 -1.320061E-02  6.988186E+01  1.063533E+00  1.459528E+00  3.596756E+00  4.025689E-01
  7.650000E+03  1.465330E+01  1.307321E+01  1.493813E-01  6.972090E+01  6.979281E+01  7.952579E-02  1.795942E-03  7.952579E-02  6.975241E+01 -4.278176E-02  1.795942E-03 -4.278176E-02  6.961746E+01  1.053398E+00  1.453852E+00  3.211712E+00  3.585769E-01
  7.700000E+03  1.465802E+01  1.307458E+01  1.505000E-01  6.979688E+01  6.988604E+01  6.285999E-02 -2.909527E-02  6.285999E-02  6.976218E+01  4.312653E-02 -2.909527E-02  4.312653E-02  6.974242E+01  1.055626E+00  1.455503E+00  3.234669E+00  3.773222E-01
  7.750000E+03  1.470027E+01  1.308634E+01  1.469970E-01  6.977581E+01  6.977551E+01  5.376897E-02  1.122307E-01  5.376897E-02  6.974223E+01 -2.521634E-02  1.122307E-01 -2.521634E-02  6.980969E+01  1.075953E+00  1.445766E+00  3.132749E+00  3.878129E-01
  7.800000E+03  1.467121E+01  1.308727E+01  1.535379E-01  6.963582E+01  6.943968E+01 -5.165340E-02 -2.159778E-02 -5.165340E-02  6.980080E+01 -3.761777E-02 -2.159778E-02 -3.761777E-02  6.966699E+01  1.055955E+00  1.461401E+00  3.247595E+00  4.098927E-01
  7.850000E+03  1.466912E+01  1.309267E+01  1.501782E-01  6.974728E+01  6.968205E+01 -9.039218E-03 -9.265640E-02 -9.039218E-03  6.987913E+01  5.162242E-02 -9.265640E-02  5.162242E-02  6.968066E+01  1.050966E+00  1.451210E+00  3.094912E+00  4.072232E-01
  7.900000E+03  1.467450E+01  1.307543E+01  1.547236E-01  6.981691E+01  6.969430E+01 -1.272809E-01  2.249086E-02 -1.272809E-01  6.987047E+01 -7.665862E-02  2.249086E-02 -7.665862E-02  6.988595E+01  1.066047E+00  1.467039E+00  2.970367E+00  3.987200E-01
  7.950000E+03  1.464632E+01  1.307221E+01  1.470428E-01  6.974338E+01  6.970822E+01 -1.356692E-01 -1.755249E-02 -1.356692E-01  6.981195E+01  5.793174E-02 -1.755249E-02  5.793174E-02  6.970998E+01  1.049407E+00  1.447943E+00  3.244380E+00  3.613981E-01
  8.000000E+03  1.468230E+01  1.309403E+01  1.498456E-01  6.977950E+01  6.964068E+01 -8.167143E-02 -3.858132E-03 -8.167143E-02  6.986928E+01 -7.670676E-02 -3.858132E-03 -7.670676E-02  6.982855E+01  1.058845E+00  1.452473E+00  3.431724E+00  3.574398E-01
  8.050000E+03  1.465874E+01  1.307613E+01  1.419549E-01  6.979611E+01  6.969906E+01 -4.321386E-03  8.818199E-02 -4.321386E-03  6.987025E+01 -1.892716E-03  8.818199E-02 -1.892716E-03  6.981902E+01  1.055071E+00  1.439407E+00  3.315679E+00  3.383393E-01
  8.100000E+03  1.467897E+01  1.308218E+01  1.460276E-01  6.975291E+01  6.972349E+01 -1.473180E-02  4.642760E-02 -1.473180E-02  6.981105E+01 -1.518000E-02  4.642760E-02 -1.518000E-02  6.972420E+01  1.064528E+00  1.450170E+00  2.915063E+00  4.461562E-01
  8.150000E+03  1.465070E+01  1.306317E+01  1.487795E-01  6.985089E+01  6.987939E+01 -5.295411E-02 -1.184075E-01 -5.295411E-02  6.993736E+01  5.982775E-02 -1.184075E-01  5.982775E-02  6.973592E+01  1.058354E+00  1.454111E+00  3.090483E+00  3.741972E-01
  8.200000E+03  1.469146E+01  1.309960E+01  1.492026E-01  6.971277E+01  6.972489E+01  4.407998E-02 -1.892880E-03  4.407998E-02  6.978906E+01 -2.862860E-02 -1.892880E-03 -2.862860E-02  6.962436E+01  1.061236E+00  1.451458E+00  3.190313E+00  3.667026E-01
  8.250000E+03  1.465689E+01  1.306728E+01  1.467290E-01  6.991834E+01  6.998856E+01  8.122436E-02  8.809543E-02  8.122436E-02  6.999442E+01  8.257878E-02  8.809543E-02  8.257878E-02  6.977204E+01  1.059741E+00  1.442883E+00  3.119230E+00  3.613186E-01
  8.300000E+03  1.468390E+01  1.308037E+01  1.522464E-01  6.979084E+01  6.968840E+01 -3.732915E-02 -7.094529E-02 -3.732915E-02  6.990866E+01 -5.680014E-02 -7.094529E-02 -5.680014E-02  6.977545E+01  1.069021E+00  1.465273E+00  3.222898E+00  4.087568E-01
  8.350000E+03  1.466213E+01  1.308321E+01  1.475087E-01  6.981265E+01  6.970764E+01  9.799960E-04  3.844658E-02  9.799960E-04  6.990187E+01 -1.923488E-02  3.844658E-02 -1.923488E-02  6.982844E+01  1.052613E+00  1.449256E+00  2.955499E+00  3.521966E-01
  8.400000E+03  1.465523E+01  1.308810E+01  1.473152E-01  6.974136E+01  6.962480E+01 -1.755051E-02 -9.982299E-03 -1.755051E-02  6.969958E+01 -2.253871E-02 -9.982299E-03 -2.253871E-02  6.989970E+01  1.044755E+00  1.446327E+00  3.301460E+00  3.378693E-01
  8.450000E+03  1.467644E+01  1.308740E+01  1.445077E-01  6.975283E+01  6.963788E+01  4.359202E-02  6.873859E-02  4.359202E-02  6.978063E+01  3.067170E-02  6.873859E-02  3.067170E-02  6.984000E+01  1.059357E+00  1.443421E+00  3.345121E+00  3.264688E-01
  8.500000E+03  1.466144E+01  1.308088E+01  1.495090E-01  6.978646E+01  6.965507E+01 -1.077353E-02  3.549979E-02 -1.077353E-02  7.003203E+01 -1.235530E-02  3.549979E-02 -1.235530E-02  6.967227E+01  1.053701E+00  1.448623E+00  3.164073E+00  4.211411E-01
  8.550000E+03  1.468314E+01  1.308585E+01  1.450064E-01  6.978348E+01  6.987325E+01 -4.655033E-03 -5.124110E-02 -4.655033E-03  6.978884E+01  2.763172E-02 -5.124110E-02  2.763172E-02  6.968835E+01  1.064862E+00  1.443229E+00  3.366544E+00  4.208609E-01
  8.600000E+03  1.466511E+01  1.307679E+01  1.487003E-01  6.978056E+01  6.986941E+01  1.617853E-02  9.888561E-02  1.617853E-02  6.973684E+01 -7.812896E-02  9.888561E-02 -7.812896E-02  6.973543E+01  1.058886E+00  1.450182E+00  3.461596E+00  3.793790E-01
  8.650000E+03  1.465546E+01  1.306728E+01  1.515741E-01  6.975714E+01  6.980267E+01 -4.396181E-02 -6.288990E-02 -4.396181E-02  6.995188E+01 -1.268058E-01 -6.288990E-02 -1.268058E-01  6.951687E+01  1.058791E+00  1.458235E+00  3.425641E+00  3.436441E-01
  8.700000E+03  1.466781E+01  1.308847E+01  1.475052E-01  6.979932E+01  6.985829E+01  2.261425E-02 -4.272143E-02  2.261425E-02  6.974985E+01 -3.324346E-03 -4.272143E-02 -3.324346E-03  6.978981E+01  1.052888E+00  1.445997E+00  3.241539E+00  3.915477E-01
  8.750000E+03  1.467698E+01  1.308748E+01  1.517219E-01  6.972322E+01  6.972472E+01 -5.174903E-02 -6.630345E-02 -5.174903E-02  6.979418E+01  2.395004E-03 -6.630345E-02  2.395004E-03  6.965077E+01  1.059668E+00  1.458843E+00  3.354870E+00  4.186883E-01
  8.800000E+03  1.466077E+01  1.309135E+01  1.454309E-01  6.976873E+01  6.978229E+01 -4.356045E-02 -4.197971E-02 -4.356045E-02  6.966101E+01 -5.048495E-03 -4.197971E-02 -5.048495E-03  6.986289E+01  1.046284E+00  1.440159E+00  3.125332E+00  3.449795E-01
  8.850000E+03  1.466725E+01  1.308522E+01  1.476272E-01  6.975896E+01  6.973258E+01 -1.851228E-02  4.821808E-02 -1.851228E-02  6.981957E+01  3.018470E-03  4.821808E-02  3.018470E-03  6.972471E+01  1.054687E+00  1.450189E+00  3.402019E+00  3.700407E-01
  8.900000E+03  1.465573E+01  1.307018E+01  1.450419E-01  6.984266E+01  6.987798E+01 -8.171365E-02  3.552897E-02 -8.171365E-02  6.986608E+01  9.330010E-03  3.552897E-02  9.330010E-03  6.978393E+01  1.057035E+00  1.443960E+00  3.317122E+00  3.799549E-01
  8.950000E+03  1.466533E+01  1.308108E+01  1.484570E-01  6.980512E+01  6.969349E+01 -6.253158E-02 -5.878706E-02 -6.253158E-02  6.988792E+01  4.913662E-02 -5.878706E-02  4.913662E-02  6.983394E+01  1.056168E+00  1.447038E+00  3.279377E+00  4.371300E-01
  9.000000E+03  1.466848E+01  1.307127E+01  1.512740E-01  6.976376E+01  6.975241E+01  9.032952E-03  5.372644E-02  9.032952E-03  6.978674E+01 -1.029648E-02  5.372644E-02 -1.029648E-02  6.975214E+01  1.064806E+00  1.455580E+00  3.110502E+00  3.266374E-01
  9.050000E+03  1.466626E+01  1.308399E+01  1.456162E-01  6.983815E+01  6.976676E+01  9.311326E-02 -1.780395E-02  9.311326E-02  6.989754E+01 -2.738538E-02 -1.780395E-02 -2.738538E-02  6.985015E+01  1.054842E+00  1.444003E+00  3.515240E+00  3.931948E-01
  9.100000E+03  1.468602E+01  1.308715E+01  1.466949E-01  6.985526E+01  6.981345E+01  9.323937E-02  8.229340E-03  9.323937E-02  6.995209E+01 -1.982255E-02  8.229340E-03 -1.982255E-02  6.980024E+01  1.065909E+00  1.447611E+00  3.173885E+00  3.926314E-01
  9.150000E+03  1.466116E+01  1.308081E+01  1.460348E-01  6.974414E+01  6.960175E+01 -4.724083E-02 -1.832850E-02 -4.724083E-02  6.988376E+01  1.602501E-03 -1.832850E-02  1.602501E-03  6.974690E+01  1.053568E+00  1.448300E+00  3.197530E+00  3.660925E-01
  9.200000E+03  1.467106E+01  1.307505E+01  1.443768E-01  6.988212E+01  6.992382E+01  3.893563E-02 -4.366087E-03  3.893563E-02  6.984187E+01  3.950132E-02 -4.366087E-03  3.950132E-02  6.988068E+01  1.064009E+00  1.444091E+00  3.073584E+00  3.651025E-01
  9.250000E+03  1.465301E+01  1.308031E+01  1.499146E-01  6.970985E+01  6.962327E+01  9.649405E-02  4.046738E-02  9.649405E-02  6.975369E+01  2.872910E-02  4.046738E-02  2.872910E-02  6.975258E+01  1.048466E+00  1.451907E+00  3.271204E+00  3.380082E-01
  9.300000E+03  1.467070E+01  1.308187E+01  1.453827E-01  6.975338E+01  6.964097E+01  5.087546E-02 -4.713364E-03  5.087546E-02  6.986359E+01  4.622985E-02 -4.713364E-03  4.622985E-02  6.975557E+01  1.059220E+00  1.445950E+00  3.380441E+00  3.830631E-01
  9.350000E+03  1.467466E+01  1.308402E+01  1.454160E-01  6.973967E+01  6.967617E+01 -4.062224E-02 -8.530987E-03 -4.062224E-02  6.985706E+01  4.142726E-02 -8.530987E-03  4.142726E-02  6.968578E+01  1.060423E+00  1.446797E+00  3.207673E+00  3.717234E-01
  9.400000E+03  1.467380E+01  1.309154E+01  1.502143E-01  6.980793E+01  6.983707E+01  2.350297E-02  1.652119E-02  2.350297E-02  6.980043E+01  3.919034E-02  1.652119E-02  3.919034E-02  6.978629E+01  1.054844E+00  1.450835E+00  3.188619E+00  4.240948E-01
  9.450000E+03  1.468585E+01  1.309076E+01  1.450398E-01  6.979243E+01  6.978577E+01 -4.847334E-02  1.154901E-02 -4.847334E-02  6.978044E+01 -5.724557E-02  1.154901E-02 -5.724557E-02  6.981108E+01  1.063392E+00  1.446263E+00  2.926575E+00  3.543088E-01
  9.500000E+03  1.465900E+01  1.307390E+01  1.520236E-01  6.986248E+01  6.976637E+01  1.805251E-02 -9.223536E-02  1.805251E-02  7.007675E+01  1.771445E-02 -9.223536E-02  1.771445E-02  6.974433E+01  1.056733E+00  1.451985E+00  3.358086E+00  4.405132E-01
  9.550000E+03  1.464471E+01  1.307250E+01  1.446064E-01  6.967276E+01  6.971434E+01  2.624888E-03 -2.130927E-02  2.624888E-03  6.969961E+01  1.137799E-04 -2.130927E-02  1.137799E-04  6.960433E+01  1.048140E+00  1.446536E+00  3.222915E+00  4.110284E-01
  9.600000E+03  1.466928E+01  1.307971E+01  1.499525E-01  6.972588E+01  6.965973E+01  1.099164E-02  5.051003E-03  1.099164E-02  6.986757E+01 -4.416439E-02  5.051003E-03 -4.416439E-02  6.965034E+01  1.059713E+00  1.461198E+00  3.197154E+00  4.425906E-01
  9.650000E+03  1.467538E+01  1.309050E+01  1.499260E-01  6.973436E+01  6.971526E+01  8.338969E-02 -1.057045E-02  8.338969E-02  6.981503E+01 -1.665237E-02 -1.057045E-02 -1.665237E-02  6.967279E+01  1.056585E+00  1.456629E+00  3.105323E+00  3.536389E-01
  9.700000E+03  1.467131E+01  1.307876E+01  1.464661E-01  6.993724E+01  6.982458E+01  3.864375E-02 -2.331429E-02  3.864375E-02  7.005394E+01  1.989404E-02 -2.331429E-02  1.989404E-02  6.993319E+01  1.061697E+00  1.444890E+00  3.327320E+00  3.998642E-01
  9.750000E+03  1.466707E+01  1.308103E+01  1.428702E-01  6.978191E+01  6.966497E+01  3.195126E-02  2.880025E-02  3.195126E-02  6.991569E+01 -5.653074E-02  2.880025E-02 -5.653074E-02  6.976507E+01  1.057356E+00  1.437288E+00  3.309821E+00  4.274301E-01
  9.800000E+03  1.468306E+01  1.309561E+01  1.515767E-01  6.981061E+01  6.969069E+01 -1.427093E-03 -6.673328E-02 -1.427093E-03  6.994676E+01 -2.257014E-02 -6.673328E-02 -2.257014E-02  6.979437E+01  1.058302E+00  1.454110E+00  3.223997E+00  3.117650E-01
  9.850000E+03  1.465338E+01  1.306376E+01  1.484047E-01  6.986826E+01  6.990098E+01 -1.239785E-03 -5.684509E-03 -1.239785E-03  6.992007E+01  7.526284E-02 -5.684509E-03  7.526284E-02  6.978372E+01  1.059744E+00  1.454534E+00  3.155480E+00  3.915671E-01
  9.900000E+03  1.465226E+01  1.307482E+01  1.474797E-01  6.976632E+01  6.966027E+01 -2.666389E-02 -6.002877E-02 -2.666389E-02  6.999285E+01 -5.361852E-02 -6.002877E-02 -5.361852E-02  6.964585E+01  1.051624E+00  1.446808E+00  3.696832E+00  3.421474E-01
  9.950000E+03  1.466714E+01  1.307894E+01  1.437958E-01  6.984530E+01  6.975481E+01  2.199642E-02 -7.221174E-03  2.199642E-02  6.993200E+01 -2.401358E-02 -7.221174E-03 -2.401358E-02  6.984909E+01  1.058803E+00  1.436027E+00  3.101888E+00  4.686297E-01
  1.000000E+04  1.465704E+01  1.308270E+01  1.448816E-01  6.978930E+01  6.989315E+01 -7.092398E-02  5.835489E-02 -7.092398E-02  6.975112E+01 -2.083389E-04  5.835489E-02 -2.083389E-04  6.972364E+01  1.049563E+00  1.439293E+00  2.984458E+00  4.090148E-01
  1.005000E+04  1.466033E+01  1.307868E+01  1.497805E-01  6.985631E+01  6.989214E+01  2.216997E-02 -3.162364E-03  2.216997E-02  6.988232E+01  1.127937E-02 -3.162364E-03  1.127937E-02  6.979449E+01  1.054428E+00  1.453693E+00  3.278054E+00  3.091008E-01
  1.010000E+04  1.465852E+01  1.308109E+01  1.494015E-01  6.986273E+01  6.982789E+01  8.448745E-02  6.736311E-02  8.448745E-02  6.987380E+01  5.361647E-02  6.736311E-02  5.361647E-02  6.988650E+01  1.051617E+00  1.447580E+00  3.215931E+00  3.468295E-01
  1.015000E+04  1.465263E+01  1.306746E+01  1.489127E-01  6.979975E+01  6.969741E+01  1.042172E-01  9.067381E-03  1.042172E-01  6.977759E+01  8.981756E-03  9.067381E-03  8.981756E-03  6.992426E+01  1.056779E+00  1.453640E+00  3.321407E+00  3.039168E-01
  1.020000E+04  1.467783E+01  1.307644E+01  1.465364E-01  6.985090E+01  6.982899E+01 -2.792920E-02  7.587755E-02 -2.792920E-02  6.995731E+01 -3.449639E-03  7.587755E-02 -3.449639E-03  6.976641E+01  1.067596E+00  1.444703E+00  3.207398E+00  3.972862E-01
  1.025000E+04  1.465432E+01  1.307173E+01  1.453153E-01  6.965683E+01  6.964707E+01  4.197511E-02 -7.595246E-03  4.197511E-02  6.973790E+01  2.354067E-02 -7.595246E-03  2.354067E-02  6.958552E+01  1.055064E+00  1.447317E+00  3.080673E+00  3.759485E-01
  1.030000E+04  1.467237E+01  1.308208E+01  1.529694E-01  6.974854E+01  6.963675E+01 -2.394896E-02  4.558672E-02 -2.394896E-02  6.988830E+01  4.413885E-03  4.558672E-02  4.413885E-03  6.972055E+01  1.060198E+00  1.455337E+00  3.350260E+00  2.832932E-01
  1.035000E+04  1.466606E+01  1.308329E+01  1.484892E-01  6.968016E+01  6.964710E+01 -1.873482E-02  4.559715E-02 -1.873482E-02  6.972082E+01  3.698197E-02  4.559715E-02  3.698197E-02  6.967257E+01  1.055182E+00  1.449821E+00  3.231056E+00  3.833378E-01
  1.040000E+04  1.465653E+01  1.307925E+01  1.439342E-01  6.971836E+01  6.977993E+01  2.673426E-03 -6.686784E-02  2.673426E-03  6.981395E+01  9.114806E-02 -6.686784E-02  9.114806E-02  6.956121E+01  1.051522E+00  1.441924E+00  3.296300E+00  3.790952E-01
  1.045000E+04  1.465564E+01  1.307258E+01  1.429160E-01  6.983852E+01  6.979191E+01 -1.687774E-02 -1.371451E-02 -1.687774E-02  6.994815E+01 -4.740011E-02 -1.371451E-02 -4.740011E-02  6.977551E+01  1.055374E+00  1.443674E+00  3.380925E+00  3.675259E-01
  1.050000E+04  1.467681E+01  1.308074E+01  1.507450E-01  6.974824E+01  6.986379E+01 -6.056650E-02 -5.514835E-02 -6.056650E-02  6.972554E+01  4.209220E-02 -5.514835E-02  4.209220E-02  6.965540E+01  1.064046E+00  1.456701E+00  3.062725E+00  3.493433E-01
  1.055000E+04  1.465279E+01  1.306998E+01  1.437012E-01  6.978221E+01  6.976523E+01  5.392670E-02  7.055369E-02  5.392670E-02  6.983900E+01  7.490749E-02  7.055369E-02  7.490749E-02  6.974238E+01  1.055209E+00  1.442549E+00  3.032339E+00  4.138082E-01
  1.060000E+04  1.466423E+01  1.308377E+01  1.444726E-01  6.979896E+01  6.978560E+01  2.653072E-02 -1.694721E-02  2.653072E-02  6.988469E+01  2.727733E-02 -1.694721E-02  2.727733E-02  6.972659E+01  1.053636E+00  1.439565E+00  3.180029E+00  4.181456E-01
  1.065000E+04  1.467564E+01  1.307355E+01  1.422954E-01  6.986172E+01  6.981487E+01 -5.678856E-02 -8.834527E-03 -5.678856E-02  6.994578E+01  2.109077E-02 -8.834527E-03  2.109077E-02  6.982451E+01  1.068064E+00  1.436728E+00  3.004175E+00  3.879714E-01
  1.070000E+04  1.465459E+01  1.307266E+01  1.468692E-01  6.978432E+01  6.976775E+01  2.524326E-02 -1.233975E-03  2.524326E-02  6.977670E+01 -8.102786E-02 -1.233975E-03 -8.102786E-02  6.980850E+01  1.054623E+00  1.440965E+00  3.135978E+00  2.901715E-01
  1.075000E+04  1.467089E+01  1.308178E+01  1.504903E-01  6.977237E+01  6.975169E+01 -1.826756E-03  3.891679E-02 -1.826756E-03  6.985507E+01  6.256231E-03  3.891679E-02  6.256231E-03  6.971034E+01  1.059407E+00  1.454493E+00  3.151123E+00  3.047689E-01
  1.080000E+04  1.466864E+01  1.307798E+01  1.484835E-01  6.978536E+01  6.971405E+01  2.539918E-02  9.714629E-03  2.539918E-02  6.982668E+01  8.017945E-02  9.714629E-03  8.017945E-02  6.981535E+01  1.060444E+00  1.455665E+00  3.409656E+00  4.021739E-01
  1.085000E+04  1.465958E+01  1.308395E+01  1.483681E-01  6.975698E+01  6.974386E+01 -2.131737E-02 -6.196090E-02 -2.131737E-02  6.975248E+01  6.318787E-02 -6.196090E-02  6.318787E-02  6.977461E+01  1.050417E+00  1.451647E+00  3.546863E+00  4.013745E-01
  1.090000E+04  1.465383E+01  1.306744E+01  1.452911E-01  6.978627E+01  6.963273E+01 -6.961614E-02 -1.495857E-02 -6.961614E-02  6.980536E+01  1.274987E-01 -1.495857E-02  1.274987E-01  6.992071E+01  1.057587E+00  1.440383E+00  3.148761E+00  3.882611E-01
  1.095000E+04  1.463902E+01  1.307242E+01  1.421641E-01  6.975331E+01  6.987830E+01  6.421800E-02  4.161755E-03  6.421800E-02  6.969656E+01 -2.267175E-02  4.161755E-03 -2.267175E-02  6.968507E+01  1.044400E+00  1.433278E+00  3.367425E+00  3.506089E-01
  1.100000E+04  1.465415E+01  1.307691E+01  1.492909E-01  6.979768E+01  6.980388E+01 -1.093217E-02 -4.661322E-02 -1.093217E-02  6.985901E+01  2.143282E-02 -4.661322E-02  2.143282E-02  6.973014E+01  1.051495E+00  1.453958E+00  3.328003E+00  3.739434E-01
  1.105000E+04  1.465290E+01  1.306881E+01  1.488603E-01  6.981798E+01  6.973056E+01  1.722255E-02  4.036949E-02  1.722255E-02  6.993898E+01  7.813302E-02  4.036949E-02  7.813302E-02  6.978441E+01  1.056065E+00  1.453918E+00  3.300466E+00  3.775878E-01
  1.110000E+04  1.466288E+01  1.307446E+01  1.443131E-01  6.985431E+01  6.983771E+01 -2.003299E-03 -1.026819E-01 -2.003299E-03  7.002534E+01  7.108756E-02 -1.026819E-01  7.108756E-02  6.969989E+01  1.058951E+00  1.442587E+00  3.515894E+00  3.840249E-01
  1.115000E+04  1.468576E+01  1.308782E+01  1.496715E-01  6.985286E+01  6.986989E+01 -2.974422E-02  2.250180E-02 -2.974422E-02  6.998383E+01 -9.036696E-02  2.250180E-02 -9.036696E-02  6.970486E+01  1.065292E+00  1.451249E+00  3.302545E+00  3.035367E-01
  1.120000E+04  1.464836E+01  1.307050E+01  1.513725E-01  6.979191E+01  6.968666E+01  1.220538E-01 -7.544399E-02  1.220538E-01  6.983740E+01  2.816628E-02 -7.544399E-02  2.816628E-02  6.985168E+01  1.051911E+00  1.458028E+00  3.270483E+00  3.748980E-01
  1.125000E+04  1.465670E+01  1.307820E+01  1.436285E-01  6.973974E+01  6.963728E+01  6.183130E-03  8.329761E-04  6.183130E-03  6.988419E+01 -3.818490E-02  8.329761E-04 -3.818490E-02  6.969774E+01  1.052334E+00  1.435440E+00  3.322941E+00  2.238796E-01
  1.130000E+04  1.466839E+01  1.307900E+01  1.501917E-01  6.975176E+01  6.969946E+01 -2.250120E-02  1.335831E-02 -2.250120E-02  6.978127E+01 -1.303616E-02  1.335831E-02 -1.303616E-02  6.977456E+01  1.059593E+00  1.454167E+00  3.255331E+00  4.455198E-01
  1.135000E+04  1.465562E+01  1.307526E+01  1.487209E-01  6.974821E+01  6.976322E+01 -9.922508E-02 -1.771354E-03 -9.922508E-02  6.985007E+01 -4.429908E-02 -1.771354E-03 -4.429908E-02  6.963135E+01  1.053569E+00  1.449282E+00  3.263042E+00  3.030855E-01
  1.140000E+04  1.467456E+01  1.308124E+01  1.438707E-01  6.982659E+01  6.981070E+01 -5.492426E-03 -9.503251E-03 -5.492426E-03  6.988838E+01  3.681106E-02 -9.503251E-03  3.681106E-02  6.978069E+01  1.062211E+00  1.438047E+00  3.439596E+00  3.958820E-01
  1.145000E+04  1.464004E+01  1.306825E+01  1.481409E-01  6.977377E+01  6.974236E+01  5.996605E-02 -4.398741E-03  5.996605E-02  6.988073E+01 -5.910825E-03 -4.398741E-03 -5.910825E-03  6.969821E+01  1.047861E+00  1.446493E+00  3.411691E+00  4.005605E-01
  1.150000E+04  1.466426E+01  1.307263E+01  1.451808E-01  6.985829E+01  6.990426E+01 -1.065221E-01 -9.381296E-02 -1.065221E-01  6.991955E+01  8.617322E-03 -9.381296E-02  8.617322E-03  6.975106E+01  1.061087E+00  1.436583E+00  3.297184E+00  3.343381E-01
  1.155000E+04  1.468304E+01  1.308905E+01  1.446275E-01  6.979603E+01  6.978073E+01 -1.994673E-03  7.737681E-02 -1.994673E-03  6.991464E+01  1.469300E-02  7.737681E-02  1.469300E-02  6.969273E+01  1.062659E+00  1.440733E+00  3.112843E+00  3.037451E-01
  1.160000E+04  1.466933E+01  1.308437E+01  1.454910E-01  6.981976E+01  6.983161E+01  3.387788E-02 -8.474118E-02  3.387788E-02  6.984643E+01 -1.074562E-02 -8.474118E-02 -1.074562E-02  6.978124E+01  1.056646E+00  1.447793E+00  2.938642E+00  4.600356E-01
  1.165000E+04  1.466613E+01  1.307874E+01  1.434156E-01  6.983333E+01  6.980546E+01  2.626770E-02 -7.825004E-02  2.626770E-02  6.988869E+01  1.935804E-02 -7.825004E-02  1.935804E-02  6.980583E+01  1.058263E+00  1.437533E+00  3.068111E+00  2.637348E-01
  1.170000E+04  1.466778E+01  1.307762E+01  1.477660E-01  6.980454E+01  6.968360E+01 -3.699648E-02  6.212508E-02 -3.699648E-02  6.993425E+01 -6.572283E-03  6.212508E-02 -6.572283E-03  6.979577E+01  1.060109E+00  1.446897E+00  3.325163E+00  3.900701E-01
  1.175000E+04  1.465604E+01  1.306988E+01  1.476363E-01  6.978110E+01  6.982351E+01  1.230003E-02 -3.864384E-02  1.230003E-02  6.979263E+01  6.544778E-02 -3.864384E-02  6.544778E-02  6.972715E+01  1.057441E+00  1.450232E+00  3.134229E+00  3.934968E-01
  1.180000E+04  1.466623E+01  1.307158E+01  1.467114E-01  6.985407E+01  6.982627E+01 -7.368800E-03  4.791162E-02 -7.368800E-03  6.988610E+01 -9.495192E-02  4.791162E-02 -9.495192E-02  6.984984E+01  1.063103E+00  1.440539E+00  3.011750E+00  4.284766E-01
  1.185000E+04  1.466364E+01  1.307103E+01  1.454426E-01  6.979360E+01  6.980620E+01 -9.844054E-02 -2.392845E-02 -9.844054E-02  6.984266E+01 -1.232233E-02 -2.392845E-02 -1.232233E-02  6.973192E+01  1.061740E+00  1.444915E+00  3.429247E+00  2.986239E-01
  1.190000E+04  1.466040E+01  1.307672E+01  1.486923E-01  6.977707E+01  6.968855E+01 -2.987569E-02 -1.363745E-01 -2.987569E-02  6.975017E+01 -5.247642E-02 -1.363745E-01 -5.247642E-02  6.989250E+01  1.055788E+00  1.447631E+00  3.017518E+00  3.272444E-01
  1.195000E+04  1.466065E+01  1.307174E+01  1.455441E-01  6.988825E+01  6.987900E+01  1.925831E-02 -8.572509E-02  1.925831E-02  6.988864E+01  1.034932E-02 -8.572509E-02  1.034932E-02  6.989711E+01  1.059276E+00  1.441942E+00  3.184533E+00  4.554086E-01
  1.200000E+04  1.465695E+01  1.306903E+01  1.481422E-01  6.981363E+01  6.979953E+01 -1.004804E-02 -2.136130E-02 -1.004804E-02  6.981074E+01 -1.545573E-02 -2.136130E-02 -1.545573E-02  6.983062E+01  1.058612E+00  1.447495E+00  3.152082E+00  3.862496E-01
  1.205000E+04  1.467678E+01  1.309657E+01  1.573498E-01  6.964107E+01  6.963231E+01  5.779698E-02 -8.357203E-02  5.779698E-02  6.968732E+01 -1.544489E-02 -8.357203E-02 -1.544489E-02  6.960356E+01  1.053471E+00  1.470342E+00  3.072837E+00  3.431685E-01
  1.210000E+04  1.463946E+01  1.306281E+01  1.470987E-01  6.960270E+01  6.963566E+01 -4.220313E-02 -9.082414E-02 -4.220313E-02  6.955219E+01  8.426745E-02 -9.082414E-02  8.426745E-02  6.962024E+01  1.051095E+00  1.446764E+00  3.100713E+00  2.778799E-01
  1.215000E+04  1.465586E+01  1.307673E+01  1.424510E-01  6.983549E+01  6.984755E+01  4.202902E-02  7.112472E-02  4.202902E-02  6.981098E+01  1.372503E-02  7.112472E-02  1.372503E-02  6.984795E+01  1.052753E+00  1.439702E+00  2.916142E+00  3.552892E-01
  1.220000E+04  1.465394E+01  1.307476E+01  1.467034E-01  6.974740E+01  6.969458E+01  8.905854E-02  2.206499E-02  8.905854E-02  6.975225E+01  1.675407E-02  2.206499E-02  1.675407E-02  6.979536E+01  1.052781E+00  1.447883E+00  2.953506E+00  4.032567E-01
  1.225000E+04  1.464045E+01  1.306581E+01  1.389330E-01  6.968430E+01  6.964583E+01 -9.237924E-02 -7.020148E-02 -9.237924E-02  6.983831E+01  3.750293E-02 -7.020148E-02  3.750293E-02  6.956877E+01  1.049763E+00  1.431464E+00  3.083006E+00  3.520728E-01
  1.230000E+04  1.466920E+01  1.309401E+01  1.519238E-01  6.971134E+01  6.966923E+01 -4.250040E-02  5.962054E-02 -4.250040E-02  6.965005E+01  1.584187E-02  5.962054E-02  1.584187E-02  6.981475E+01  1.050126E+00  1.455351E+00  3.185435E+00  3.450976E-01
  1.235000E+04  1.466843E+01  1.307994E+01  1.492314E-01  6.982797E+01  6.973304E+01  1.482821E-01 -7.380964E-02  1.482821E-01  6.999956E+01 -1.993513E-02 -7.380964E-02 -1.993513E-02  6.975130E+01  1.058993E+00  1.448770E+00  3.036383E+00  3.813558E-01
  1.240000E+04  1.465386E+01  1.307843E+01  1.462435E-01  6.981421E+01  6.962702E+01 -6.189245E-02 -7.555542E-02 -6.189245E-02  6.992591E+01 -2.624368E-03 -7.555542E-02 -2.624368E-03  6.988971E+01  1.050289E+00  1.449831E+00  3.536319E+00  3.786855E-01
  1.245000E+04  1.467121E+01  1.308072E+01  1.493940E-01  6.973116E+01  6.971397E+01 -1.405491E-01 -2.808569E-04 -1.405491E-01  6.977353E+01 -2.084012E-02 -2.808569E-04 -2.084012E-02  6.970597E+01  1.060329E+00  1.448292E+00  3.062391E+00  3.859959E-01
  1.250000E+04  1.465141E+01  1.307348E+01  1.506873E-01  6.970731E+01  6.971617E+01 -4.973004E-02 -1.537819E-02 -4.973004E-02  6.970486E+01 -5.891670E-02 -1.537819E-02 -5.891670E-02  6.970089E+01  1.051955E+00  1.450149E+00  3.077650E+00  4.022896E-01
  1.255000E+04  1.465464E+01  1.307923E+01  1.500891E-01  6.975072E+01  6.985284E+01  1.229676E-01 -4.210463E-02  1.229676E-01  6.972722E+01 -6.152395E-02 -4.210463E-02 -6.152395E-02  6.967212E+01  1.050271E+00  1.449964E+00  3.093861E+00  3.479312E-01
  1.260000E+04  1.466571E+01  1.306927E+01  1.458657E-01  6.984050E+01  6.980328E+01 -2.729184E-02  5.777084E-02 -2.729184E-02  6.996333E+01  8.416879E-02  5.777084E-02  8.416879E-02  6.975490E+01  1.064296E+00  1.447840E+00  3.064997E+00  3.718846E-01
  1.265000E+04  1.466979E+01  1.307283E+01  1.424515E-01  6.977036E+01  6.987882E+01 -4.802480E-02 -3.886055E-02 -4.802480E-02  6.977129E+01  2.232067E-02 -3.886055E-02  2.232067E-02  6.966097E+01  1.064639E+00  1.445354E+00  3.227366E+00  3.680021E-01
  1.270000E+04  1.466271E+01  1.307683E+01  1.432264E-01  6.984852E+01  6.977207E+01  7.563736E-02 -6.914414E-02  7.563736E-02  6.994086E+01 -2.277949E-02 -6.914414E-02 -2.277949E-02  6.983264E+01  1.057251E+00  1.435996E+00  3.279828E+00  4.421547E-01
  1.275000E+04  1.464991E+01  1.306888E+01  1.458568E-01  6.982347E+01  6.983423E+01 -2.532435E-02  1.814724E-02 -2.532435E-02  6.977065E+01  4.042644E-02  1.814724E-02  4.042644E-02  6.986553E+01  1.054017E+00  1.447407E+00  3.152861E+00  3.859396E-01
  1.280000E+04  1.467207E+01  1.309173E+01  1.477011E-01  6.976285E+01  6.978395E+01 -5.421118E-02  1.065140E-01 -5.421118E-02  6.981264E+01 -9.261758E-03  1.065140E-01 -9.261758E-03  6.969198E+01  1.053563E+00  1.453135E+00  3.055806E+00  4.278737E-01
  1.285000E+04  1.466956E+01  1.307486E+01  1.481604E-01  6.964908E+01  6.954843E+01 -2.352758E-02 -2.752865E-02 -2.352758E-02  6.979248E+01  4.468833E-02 -2.752865E-02  4.468833E-02  6.960634E+01  1.063131E+00  1.452194E+00  3.207796E+00  3.413725E-01
  1.290000E+04  1.466219E+01  1.307933E+01  1.479532E-01  6.973084E+01  6.975848E+01  6.018863E-02  3.034044E-02  6.018863E-02  6.983922E+01 -1.883195E-02  3.034044E-02 -1.883195E-02  6.959483E+01  1.055240E+00  1.449989E+00  3.187854E+00  4.251097E-01
  1.295000E+04  1.466842E+01  1.307579E+01  1.474405E-01  6.982912E+01  6.988429E+01  1.286261E-02 -4.809298E-02  1.286261E-02  6.978222E+01  2.341078E-02 -4.809298E-02  2.341078E-02  6.982084E+01  1.061755E+00  1.448517E+00  3.085689E+00  2.914340E-01
  1.300000E+04  1.467127E+01  1.308771E+01  1.461740E-01  6.985463E+01  6.972857E+01  1.208150E-02  5.205404E-02  1.208150E-02  6.992476E+01  1.112933E-02  5.205404E-02  1.112933E-02  6.991055E+01  1.055705E+00  1.446580E+00  2.972662E+00  3.736601E-01
  1.305000E+04  1.465760E+01  1.307008E+01  1.451850E-01  6.976642E+01  6.988286E+01  7.075232E-05  5.370978E-02  7.075232E-05  6.976602E+01 -3.195608E-02  5.370978E-02 -3.195608E-02  6.965038E+01  1.058348E+00  1.442385E+00  3.551857E+00  3.402864E-01
  1.310000E+04  1.465334E+01  1.307133E+01  1.453469E-01  6.976557E+01  6.976211E+01 -1.331061E-01  5.494561E-03 -1.331061E-01  6.978751E+01  5.753787E-02  5.494561E-03  5.753787E-02  6.974710E+01  1.054673E+00  1.442193E+00  3.033288E+00  3.686492E-01
  1.315000E+04  1.465692E+01  1.307741E+01  1.457121E-01  6.971199E+01  6.959181E+01 -3.234852E-03 -4.546619E-03 -3.234852E-03  6.987508E+01 -5.417472E-02 -4.546619E-03 -5.417472E-02  6.966909E+01  1.053007E+00  1.443541E+00  3.254867E+00  4.103137E-01
  1.320000E+04  1.466755E+01  1.308173E+01  1.462931E-01  6.978938E+01  6.974579E+01  1.085006E-01  1.106911E-01  1.085006E-01  6.982385E+01  1.757526E-04  1.106911E-01  1.757526E-04  6.979850E+01  1.057218E+00  1.450418E+00  3.418440E+00  3.593715E-01
  1.325000E+04  1.466954E+01  1.308636E+01  1.412578E-01  6.985018E+01  6.979110E+01 -5.515437E-03 -8.617355E-02 -5.515437E-03  7.001150E+01  6.100842E-02 -8.617355E-02  6.100842E-02  6.974794E+01  1.055449E+00  1.438313E+00  3.326765E+00  3.663249E-01
  1.330000E+04  1.466875E+01  1.309453E+01  1.435824E-01  6.972789E+01  6.969959E+01 -6.301092E-02 -2.034376E-02 -6.301092E-02  6.969105E+01  5.590971E-02 -2.034376E-02  5.590971E-02  6.979304E+01  1.049478E+00  1.441233E+00  2.909516E+00  3.870739E-01
  1.335000E+04  1.465547E+01  1.307298E+01  1.487741E-01  6.986738E+01  6.975045E+01 -3.864676E-02  6.219545E-02 -3.864676E-02  6.998075E+01 -1.114608E-01  6.219545E-02 -1.114608E-01  6.987096E+01  1.054988E+00  1.453892E+00  3.028373E+00  4.610085E-01
  1.340000E+04  1.465003E+01  1.306713E+01  1.442779E-01  6.979556E+01  6.976099E+01 -3.425539E-02  4.287916E-02 -3.425539E-02  6.985873E+01  8.270041E-02  4.287916E-02  8.270041E-02  6.976697E+01  1.055262E+00  1.442268E+00  3.483220E+00  2.264960E-01
  1.345000E+04  1.466430E+01  1.307545E+01  1.499224E-01  6.983853E+01  6.984599E+01 -8.766978E-02 -8.705447E-02 -8.766978E-02  6.981216E+01  4.505477E-02 -8.705447E-02  4.505477E-02  6.985743E+01  1.059233E+00  1.452578E+00  3.443562E+00  4.165005E-01
  1.350000E+04  1.465149E+01  1.307646E+01  1.495504E-01  6.980244E+01  6.986092E+01  5.064180E-02 -2.427113E-02  5.064180E-02  6.973094E+01  1.995207E-02 -2.427113E-02  1.995207E-02  6.981546E+01  1.050020E+00  1.451289E+00  3.077703E+00  3.841706E-01
  1.355000E+04  1.465658E+01  1.308180E+01  1.493842E-01  6.979646E+01  6.976230E+01 -1.037292E-01 -1.565334E-02 -1.037292E-01  6.984396E+01 -9.143948E-03 -1.565334E-02 -9.143948E-03  6.978312E+01  1.049852E+00  1.446655E+00  3.414228E+00  3.048948E-01
  1.360000E+04  1.466517E+01  1.308033E+01  1.516654E-01  6.969155E+01  6.967484E+01  5.156627E-04 -6.073285E-02  5.156627E-04  6.970329E+01  5.297573E-02 -6.073285E-02  5.297573E-02  6.969651E+01  1.056559E+00  1.460299E+00  3.428107E+00  4.391493E-01
  1.365000E+04  1.464632E+01  1.306956E+01  1.431394E-01  6.981078E+01  6.985709E+01  6.276139E-02 -5.293967E-02  6.276139E-02  6.983693E+01  6.846019E-02 -5.293967E-02  6.846019E-02  6.973830E+01  1.051172E+00  1.436717E+00  3.342585E+00  3.981632E-01
  1.370000E+04  1.466612E+01  1.307846E+01  1.478415E-01  6.983809E+01  6.973108E+01 -5.201879E-02 -2.112214E-02 -5.201879E-02  6.991848E+01  7.779966E-02 -2.112214E-02  7.779966E-02  6.986471E+01  1.058442E+00  1.451857E+00  3.126921E+00  3.937434E-01
  1.375000E+04  1.465875E+01  1.307423E+01  1.427285E-01  6.975439E+01  6.978158E+01 -3.316226E-02 -3.424046E-02 -3.316226E-02  6.968664E+01 -1.797231E-02 -3.424046E-02 -1.797231E-02  6.979495E+01  1.056347E+00  1.441494E+00  3.224465E+00  3.909187E-01
  1.380000E+04  1.464781E+01  1.307404E+01  1.517450E-01  6.975722E+01  6.961523E+01  7.604728E-02 -1.096977E-01  7.604728E-02  6.982171E+01 -8.759579E-03 -1.096977E-01 -8.759579E-03  6.983473E+01  1.049181E+00  1.450856E+00  3.444260E+00  3.932642E-01
  1.385000E+04  1.466349E+01  1.307187E+01  1.492432E-01  6.976737E+01  6.976761E+01  6.448592E-02 -8.778832E-02  6.448592E-02  6.978221E+01 -3.674380E-02 -8.778832E-02 -3.674380E-02  6.975228E+01  1.061080E+00  1.456212E+00  3.743278E+00  3.448187E-01
  1.390000E+04  1.464171E+01  1.307037E+01  1.449217E-01  6.980631E+01  6.971266E+01  4.222924E-02 -5.926903E-02  4.222924E-02  6.992708E+01  8.476518E-03 -5.926903E-02  8.476518E-03  6.977918E+01  1.047562E+00  1.443091E+00  3.026331E+00  3.577381E-01
  1.395000E+04  1.467337E+01  1.307302E+01  1.472200E-01  6.980064E+01  6.973013E+01  9.065837E-02 -7.312699E-02  9.065837E-02  6.988373E+01 -1.638572E-02 -7.312699E-02 -1.638572E-02  6.978805E+01  1.066902E+00  1.450220E+00  3.129506E+00  3.418812E-01
  1.400000E+04  1.463352E+01  1.306209E+01  1.480191E-01  6.972528E+01  6.972540E+01  6.129274E-02 -1.147358E-01  6.129274E-02  6.981830E+01 -2.498937E-02 -1.147358E-01 -2.498937E-02  6.963215E+01  1.047625E+00  1.449005E+00  3.569177E+00  4.557663E-01
  1.405000E+04  1.468579E+01  1.308815E+01  1.481823E-01  6.980859E+01  6.974609E+01 -6.613434E-02  2.380829E-02 -6.613434E-02  6.993699E+01  7.892882E-03  2.380829E-02  7.892882E-03  6.974270E+01  1.065094E+00  1.447539E+00  3.460621E+00  3.510410E-01
  1.410000E+04  1.465583E+01  1.306358E+01  1.491664E-01  6.985163E+01  6.988274E+01 -4.691754E-02  4.661500E-03 -4.691754E-02  6.984016E+01  5.645831E-02  4.661500E-03  5.645831E-02  6.983198E+01  1.061502E+00  1.446758E+00  3.518210E+00  2.796557E-01
  1.415000E+04  1.465236E+01  1.308383E+01  1.499948E-01  6.967681E+01  6.971913E+01 -2.798386E-02 -5.437450E-02 -2.798386E-02  6.973800E+01 -1.064679E-01 -5.437450E-02 -1.064679E-01  6.957329E+01  1.045689E+00  1.452360E+00  3.140059E+00  3.925104E-01
  1.420000E+04  1.468375E+01  1.309118E+01  1.530407E-01  6.974469E+01  6.961753E+01  1.193361E-01 -1.608015E-03  1.193361E-01  6.985506E+01 -1.811313E-02 -1.608015E-03 -1.811313E-02  6.976150E+01  1.061710E+00  1.459489E+00  3.127077E+00  3.729189E-01
  1.425000E+04  1.465368E+01  1.308143E+01  1.490108E-01  6.976386E+01  6.969201E+01 -5.455257E-02 -9.012403E-02 -5.455257E-02  6.987020E+01 -9.756541E-03 -9.012403E-02 -9.756541E-03  6.972937E+01  1.048171E+00  1.450895E+00  3.242524E+00  3.689046E-01
  1.430000E+04  1.465886E+01  1.307075E+01  1.516870E-01  6.979080E+01  6.976980E+01 -6.858091E-02 -1.985897E-02 -6.858091E-02  6.982830E+01 -6.397781E-02 -1.985897E-02 -6.397781E-02  6.977429E+01  1.058741E+00  1.456647E+00  3.303236E+00  3.686851E-01
  1.435000E+04  1.465553E+01  1.307084E+01  1.482996E-01  6.976836E+01  6.977279E+01 -3.070245E-02 -3.211048E-02 -3.070245E-02  6.980107E+01 -5.974807E-02 -3.211048E-02 -5.974807E-02  6.973122E+01  1.056457E+00  1.449218E+00  3.330640E+00  4.069911E-01
  1.440000E+04  1.466160E+01  1.308069E+01  1.408498E-01  6.982229E+01  6.988888E+01  3.584067E-02  3.523560E-02  3.584067E-02  6.982510E+01 -7.869312E-04  3.523560E-02 -7.869312E-04  6.975289E+01  1.053939E+00  1.433878E+00  3.186818E+00  4.180909E-01
  1.445000E+04  1.467701E+01  1.308210E+01  1.528208E-01  6.985417E+01  6.974884E+01  8.320464E-02  4.053315E-02  8.320464E-02  7.002679E+01  8.572409E-03  4.053315E-02  8.572409E-03  6.978688E+01  1.063274E+00  1.447664E+00  3.111177E+00  4.020123E-01
  1.450000E+04  1.467134E+01  1.308133E+01  1.477458E-01  6.982500E+01  6.979770E+01 -3.183317E-02 -2.600281E-02 -3.183317E-02  6.989809E+01 -2.894474E-02 -2.600281E-02 -2.894474E-02  6.977923E+01  1.060007E+00  1.446565E+00  3.257384E+00  3.801021E-01
  1.455000E+04  1.467586E+01  1.308866E+01  1.434795E-01  6.975096E+01  6.982663E+01 -5.342521E-03  1.058063E-01 -5.342521E-03  6.978092E+01  5.223482E-02  1.058063E-01  5.223482E-02  6.964534E+01  1.058134E+00  1.438853E+00  3.118450E+00  3.626866E-01
  1.460000E+04  1.464930E+01  1.307376E+01  1.461610E-01  6.974063E+01  6.975671E+01  5.175999E-02  1.645352E-02  5.175999E-02  6.975385E+01 -4.460884E-02  1.645352E-02 -4.460884E-02  6.971132E+01  1.050362E+00  1.444709E+00  3.280052E+00  3.808085E-01
  1.465000E+04  1.467395E+01  1.308249E+01  1.470215E-01  6.987709E+01  6.990328E+01 -5.633426E-02  6.877567E-02 -5.633426E-02  6.983531E+01  6.267066E-03  6.877567E-02  6.267066E-03  6.989269E+01  1.060976E+00  1.448949E+00  3.038963E+00  3.907450E-01
  1.470000E+04  1.465462E+01  1.305875E+01  1.445119E-01  6.984218E+01  6.997968E+01  8.510834E-03 -3.019625E-02  8.510834E-03  6.988642E+01 -1.575002E-02 -3.019625E-02 -1.575002E-02  6.966043E+01  1.063912E+00  1.440224E+00  3.129515E+00  3.559325E-01
  1.475000E+04  1.466338E+01  1.307298E+01  1.466644E-01  6.977610E+01  6.983661E+01  4.234981E-03  8.534445E-02  4.234981E-03  6.973937E+01 -9.978846E-02  8.534445E-02 -9.978846E-02  6.975232E+01  1.060263E+00  1.449079E+00  3.088475E+00  3.810483E-01
  1.480000E+04  1.467531E+01  1.308895E+01  1.504217E-01  6.973336E+01  6.976996E+01 -3.613396E-02 -9.626951E-02 -3.613396E-02  6.965469E+01  1.125975E-01 -9.626951E-02  1.125975E-01  6.977543E+01  1.057573E+00  1.453693E+00  3.214081E+00  3.742471E-01
  1.485000E+04  1.465490E+01  1.307130E+01  1.471745E-01  6.980815E+01  6.979462E+01 -4.095546E-02 -4.162816E-02 -4.095546E-02  6.983856E+01  1.371181E-02 -4.162816E-02  1.371181E-02  6.979128E+01  1.055733E+00  1.447165E+00  3.191837E+00  3.813442E-01
  1.490000E+04  1.467018E+01  1.309181E+01  1.531443E-01  6.959331E+01  6.959471E+01 -1.768279E-02 -1.433600E-01 -1.768279E-02  6.970120E+01 -8.664473E-02 -1.433600E-01 -8.664473E-02  6.948401E+01  1.052244E+00  1.456157E+00  3.283091E+00  3.855148E-01
  1.495000E+04  1.466284E+01  1.306827E+01  1.463843E-01  6.981262E+01  6.973056E+01 -4.114346E-02  4.835771E-02 -4.114346E-02  6.979130E+01  9.981741E-03  4.835771E-02  9.981741E-03  6.991600E+01  1.063049E+00  1.446165E+00  2.995181E+00  3.560154E-01
  1.500000E+04  1.466985E+01  1.307368E+01  1.487616E-01  6.977896E+01  6.977046E+01  7.796618E-02  3.191584E-04  7.796618E-02  6.978205E+01 -3.110888E-04  3.191584E-04 -3.110888E-04  6.978437E+01  1.064114E+00  1.451946E+00  3.314713E+00  3.390962E-01
