#         time      en-total      pe-total      be-total      pressure          s_xx          s_xy          s_xz          s_yx          s_yy          s_yz          s_zx          s_zy          s_zz   temperature     bndlen-av    bndlen-max    bndlen-min
  0.000000E+00  1.449143E+01  1.290463E+01  7.276483E-02  6.963693E+01  6.955106E+01 -4.439012E-02 -3.830569E-02 -4.439012E-02  6.965239E+01 -1.798505E-02 -3.830569E-02 -1.798505E-02  6.970734E+01  1.057863E+00  1.439600E+00  3.207803E+00  3.469584E-01
  5.000000E+01  1.451449E+01  1.292197E+01  7.187388E-02  6.959845E+01  6.950110E+01 -1.969164E-02 -1.603608E-02 -1.969164E-02  6.951460E+01  2.471107E-02 -1.603608E-02  2.471107E-02  6.977965E+01  1.061682E+00  1.437428E+00  3.121624E+00  3.907267E-01
  1.000000E+02  1.451680E+01  1.292128E+01  7.566708E-02  6.956134E+01  6.946694E+01 -5.042405E-03 -6.355509E-02 -5.042405E-03  6.969339E+01  3.336692E-02 -6.355509E-02  3.336692E-02  6.952369E+01  1.063683E+00  1.447989E+00  3.288265E+00  3.422050E-01
  1.500000E+02  1.448753E+01  1.290124E+01  7.555717E-02  6.956437E+01  6.962328E+01  5.985256E-02 -3.798405E-02  5.985256E-02  6.959211E+01  6.897911E-02 -3.798405E-02  6.897911E-02  6.947771E+01  1.057528E+00  1.447928E+00  3.158244E+00  3.000412E-01
  2.000000E+02  1.451045E+01  1.291182E+01  7.632043E-02  6.961551E+01  6.956622E+01 -2.074286E-02  8.268003E-02 -2.074286E-02  6.967363E+01  9.779758E-03  8.268003E-02  9.779758E-03  6.960668E+01  1.065756E+00  1.450297E+00  3.513657E+00  4.336373E-01
  2.500000E+02  1.451157E+01  1.291871E+01  7.345788E-02  6.957952E+01  6.954680E+01 -5.125018E-03 -1.241065E-02 -5.125018E-03  6.950400E+01 -7.750958E-02 -1.241065E-02 -7.750958E-02  6.968776E+01  1.061906E+00  1.445486E+00  2.843272E+00  3.661355E-01
  3.000000E+02  1.451736E+01  1.291930E+01  7.826324E-02  6.948342E+01  6.946189E+01 -8.530569E-02 -7.438914E-02 -8.530569E-02  6.943569E+01  7.502479E-02 -7.438914E-02  7.502479E-02  6.955269E+01  1.065373E+00  1.459229E+00  3.467322E+00  3.894851E-01
  3.500000E+02  1.449542E+01  1.290707E+01  7.432183E-02  6.962728E+01  6.953347E+01 -1.105200E-01 -1.814352E-02 -1.105200E-01  6.960232E+01 -3.784224E-02 -1.814352E-02 -3.784224E-02  6.974606E+01  1.058896E+00  1.443978E+00  3.266913E+00  4.744602E-01
  4.000000E+02  1.449430E+01  1.291599E+01  7.463010E-02  6.954496E+01  6.950894E+01 -5.408640E-02  6.271274E-02 -5.408640E-02  6.948599E+01  1.006042E-02  6.271274E-02  1.006042E-02  6.963996E+01  1.052207E+00  1.453378E+00  3.214253E+00  3.867660E-01
  4.500000E+02  1.449145E+01  1.290733E+01  7.441426E-02  6.950336E+01  6.938236E+01 -1.467180E-02  4.137108E-02 -1.467180E-02  6.952146E+01  2.126811E-02  4.137108E-02  2.126811E-02  6.960627E+01  1.056079E+00  1.446076E+00  3.010482E+00  4.342156E-01
  5.000000E+02  1.448426E+01  1.290306E+01  7.419995E-02  6.947609E+01  6.944494E+01  6.148966E-02 -2.527240E-02  6.148966E-02  6.955879E+01 -1.053949E-02 -2.527240E-02 -1.053949E-02  6.942453E+01  1.054137E+00  1.451119E+00  3.071562E+00  3.994223E-01
  5.500000E+02  1.451182E+01  1.292529E+01  7.503813E-02  6.957088E+01  6.968240E+01 -3.451886E-03 -7.067558E-02 -3.451886E-03  6.932963E+01  7.198663E-02 -7.067558E-02  7.198663E-02  6.970061E+01  1.057686E+00  1.450258E+00  3.062989E+00  4.821342E-01
  6.000000E+02  1.449877E+01  1.291027E+01  7.114543E-02  6.962215E+01  6.971489E+01 -8.124035E-02 -1.249074E-03 -8.124035E-02  6.953416E+01  5.234874E-03 -1.249074E-03  5.234874E-03  6.961741E+01  1.058999E+00  1.437513E+00  3.080996E+00  4.173137E-01
  6.500000E+02  1.449285E+01  1.291889E+01  7.634547E-02  6.959143E+01  6.958415E+01  2.096516E-03  6.527889E-02  2.096516E-03  6.953368E+01 -1.016602E-01  6.527889E-02 -1.016602E-01  6.965647E+01  1.049305E+00  1.450192E+00  3.102649E+00  4.400464E-01
  7.000000E+02  1.450490E+01  1.292272E+01  7.388995E-02  6.965794E+01  6.966780E+01  1.390226E-02 -6.346279E-02  1.390226E-02  6.966914E+01  7.029740E-02 -6.346279E-02  7.029740E-02  6.963689E+01  1.054788E+00  1.441161E+00  3.190477E+00  3.584657E-01
  7.500000E+02  1.450598E+01  1.291674E+01  7.448691E-02  6.957334E+01  6.954232E+01  1.079734E-03 -2.574492E-02  1.079734E-03  6.952522E+01  2.051862E-02 -2.574492E-02  2.051862E-02  6.965249E+01  1.059495E+00  1.448769E+00  3.063126E+00  3.835434E-01
  8.000000E+02  1.451393E+01  1.291941E+01  7.456979E-02  6.958183E+01  6.951783E+01  2.482667E-03 -6.820486E-02  2.482667E-03  6.961744E+01 -9.886405E-02 -6.820486E-02 -9.886405E-02  6.961024E+01  1.063011E+00  1.448059E+00  3.070481E+00  4.324201E-01
  8.500000E+02  1.448402E+01  1.290207E+01  7.650600E-02  6.949707E+01  6.943101E+01 -5.228168E-02  2.006984E-02 -5.228168E-02  6.946113E+01  1.575150E-02  2.006984E-02  1.575150E-02  6.959908E+01  1.054634E+00  1.455740E+00  3.425911E+00  3.936549E-01
  9.000000E+02  1.451234E+01  1.291840E+01  7.444944E-02  6.958431E+01  6.961874E+01  3.867564E-02  6.057504E-02  3.867564E-02  6.954487E+01  4.896926E-02  6.057504E-02  4.896926E-02  6.958932E+01  1.062628E+00  1.443869E+00  2.982804E+00  4.117951E-01
  9.500000E+02  1.448518E+01  1.291086E+01  7.403206E-02  6.967097E+01  6.956988E+01  9.139279E-02  3.922411E-02  9.139279E-02  6.969313E+01 -9.230508E-02  3.922411E-02 -9.230508E-02  6.974992E+01  1.049547E+00  1.444594E+00  3.275358E+00  3.706432E-01
  1.000000E+03  1.448176E+01  1.290695E+01  7.453724E-02  6.954465E+01  6.949786E+01  1.190098E-02  4.985124E-02  1.190098E-02  6.960439E+01  6.404800E-05  4.985124E-02  6.404800E-05  6.953172E+01  1.049870E+00  1.442711E+00  2.990768E+00  3.848712E-01
  1.050000E+03  1.450015E+01  1.291085E+01  7.222493E-02  6.958736E+01  6.952347E+01  5.213528E-02 -1.471488E-02  5.213528E-02  6.969631E+01 -1.311011E-01 -1.471488E-02 -1.311011E-01  6.954229E+01  1.059530E+00  1.439410E+00  3.532667E+00  3.648046E-01
  1.100000E+03  1.450544E+01  1.292432E+01  7.502066E-02  6.950955E+01  6.948284E+01  7.718887E-02  3.845705E-02  7.718887E-02  6.953950E+01 -8.146599E-02  3.845705E-02 -8.146599E-02  6.950631E+01  1.054076E+00  1.445129E+00  3.009828E+00  3.573513E-01
  1.150000E+03  1.449181E+01  1.291184E+01  7.255243E-02  6.956311E+01  6.954471E+01  3.298517E-02  1.103727E-01  3.298517E-02  6.959523E+01 -4.812052E-03  1.103727E-01 -4.812052E-03  6.954938E+01  1.053314E+00  1.441489E+00  3.115357E+00  3.416482E-01
  1.200000E+03  1.449934E+01  1.291012E+01  7.366965E-02  6.961750E+01  6.960439E+01 -1.072031E-01 -1.151236E-03 -1.072031E-01  6.965425E+01  9.631995E-02 -1.151236E-03  9.631995E-02  6.959388E+01  1.059479E+00  1.441259E+00  3.344363E+00  4.143958E-01
  1.250000E+03  1.450442E+01  1.291400E+01  7.170416E-02  6.965359E+01  6.959305E+01 -3.301774E-02 -2.728930E-02 -3.301774E-02  6.967608E+01 -5.766260E-02 -2.728930E-02 -5.766260E-02  6.969165E+01  1.060279E+00  1.441183E+00  3.232075E+00  3.200471E-01
  1.300000E+03  1.447456E+01  1.290130E+01  6.946103E-02  6.950333E+01  6.956901E+01  1.467430E-02 -1.364319E-01  1.467430E-02  6.953640E+01 -1.567151E-01 -1.364319E-01 -1.567151E-01  6.940457E+01  1.048835E+00  1.425698E+00  3.398564E+00  4.194556E-01
  1.350000E+03  1.450336E+01  1.292280E+01  7.379008E-02  6.949995E+01  6.944960E+01  7.850670E-03  6.623986E-02  7.850670E-03  6.955164E+01  1.158310E-01  6.623986E-02  1.158310E-01  6.949860E+01  1.053705E+00  1.443762E+00  3.060494E+00  4.511874E-01
  1.400000E+03  1.449828E+01  1.292420E+01  7.244576E-02  6.951543E+01  6.955200E+01 -6.638816E-03  2.432364E-02 -6.638816E-03  6.942866E+01 -9.320233E-02  2.432364E-02 -9.320233E-02  6.956562E+01  1.049386E+00  1.439639E+00  3.267196E+00  4.040161E-01
  1.450000E+03  1.449016E+01  1.291353E+01  7.093758E-02  6.961129E+01  6.966750E+01 -4.216165E-02 -7.735410E-02 -4.216165E-02  6.952693E+01  4.633603E-02 -7.735410E-02  4.633603E-02  6.963944E+01  1.051088E+00  1.432793E+00  3.263763E+00  3.130426E-01
  1.500000E+03  1.449966E+01  1.291670E+01  7.248194E-02  6.955805E+01  6.955573E+01  4.767245E-02  2.596062E-02  4.767245E-02  6.959845E+01  2.120066E-02  2.596062E-02  2.120066E-02  6.951996E+01  1.055307E+00  1.431856E+00  3.167344E+00  4.373773E-01
  1.550000E+03  1.449329E+01  1.292177E+01  7.446429E-02  6.959591E+01  6.958336E+01  2.661028E-02 -4.350066E-02  2.661028E-02  6.959476E+01  1.343467E-02 -4.350066E-02  1.343467E-02  6.960959E+01  1.047684E+00  1.445158E+00  3.114391E+00  2.676210E-01
  1.600000E+03  1.450452E+01  1.292536E+01  7.184266E-02  6.953083E+01  6.946305E+01 -6.009493E-03  3.694881E-02 -6.009493E-03  6.949605E+01 -1.130355E-01  3.694881E-02 -1.130355E-01  6.963340E+01  1.052776E+00  1.433236E+00  3.119949E+00  4.091200E-01
  1.650000E+03  1.449659E+01  1.290508E+01  7.055626E-02  6.968636E+01  6.967992E+01 -3.205583E-02 -5.102801E-02 -3.205583E-02  6.967121E+01 -2.309828E-03 -5.102801E-02 -2.309828E-03  6.970795E+01  1.061007E+00  1.432430E+00  3.281066E+00  4.563185E-01
  1.700000E+03  1.449230E+01  1.290792E+01  7.417866E-02  6.952562E+01  6.954193E+01  2.123797E-02  4.154712E-02  2.123797E-02  6.961761E+01 -3.641263E-02  4.154712E-02 -3.641263E-02  6.941731E+01  1.056251E+00  1.447874E+00  3.472350E+00  3.064536E-01
  1.750000E+03  1.450372E+01  1.291261E+01  7.323150E-02  6.967832E+01  6.970315E+01  3.987225E-02  5.712587E-02  3.987225E-02  6.964321E+01  3.748915E-02  5.712587E-02  3.748915E-02  6.968860E+01  1.060741E+00  1.437300E+00  3.615900E+00  3.946468E-01
  1.800000E+03  1.448601E+01  1.291057E+01  7.669323E-02  6.957602E+01  6.961013E+01  9.557832E-02  2.726309E-03  9.557832E-02  6.953469E+01 -1.988449E-03  2.726309E-03 -1.988449E-03  6.958325E+01  1.050291E+00  1.453707E+00  3.160145E+00  4.021840E-01
  1.850000E+03  1.451000E+01  1.291353E+01  7.225261E-02  6.964024E+01  6.963011E+01  6.552276E-02  1.293571E-02  6.552276E-02  6.966671E+01  5.057202E-02  1.293571E-02  5.057202E-02  6.962390E+01  1.064315E+00  1.439460E+00  3.118573E+00  4.281253E-01
  1.900000E+03  1.451467E+01  1.291578E+01  7.257165E-02  6.965457E+01  6.957079E+01 -8.108176E-02 -9.487839E-03 -8.108176E-02  6.970934E+01 -9.073294E-02 -9.487839E-03 -9.073294E-02  6.968358E+01  1.065926E+00  1.442935E+00  2.954179E+00  4.127963E-01
  1.950000E+03  1.449837E+01  1.291418E+01  7.526191E-02  6.952225E+01  6.946672E+01  3.483249E-02  6.154860E-03  3.483249E-02  6.962425E+01 -4.961018E-02  6.154860E-03 -4.961018E-02  6.947580E+01  1.056126E+00  1.446445E+00  3.410627E+00  4.019637E-01
  2.000000E+03  1.451053E+01  1.291433E+01  7.407391E-02  6.955711E+01  6.947651E+01 -3.031870E-02  5.190297E-02 -3.031870E-02  6.964434E+01 -5.502617E-03  5.190297E-02 -5.502617E-03  6.955048E+01  1.064131E+00  1.448733E+00  2.941174E+00  3.780941E-01
  2.050000E+03  1.449808E+01  1.291406E+01  7.070925E-02  6.953684E+01  6.955535E+01  3.533175E-02 -1.253395E-02  3.533175E-02  6.957193E+01  1.757635E-02 -1.253395E-02  1.757635E-02  6.948322E+01  1.056011E+00  1.438444E+00  3.138074E+00  4.524015E-01
  2.100000E+03  1.446762E+01  1.290535E+01  7.186150E-02  6.952824E+01  6.951888E+01  3.520447E-02  1.294175E-02  3.520447E-02  6.955278E+01 -7.963228E-02  1.294175E-02 -7.963228E-02  6.951305E+01  1.041515E+00  1.434776E+00  2.986184E+00  4.276076E-01
  2.150000E+03  1.450357E+01  1.292435E+01  7.676925E-02  6.948733E+01  6.949092E+01  3.437300E-02 -4.571740E-02  3.437300E-02  6.964320E+01  5.004724E-02 -4.571740E-02  5.004724E-02  6.932786E+01  1.052817E+00  1.459525E+00  3.546407E+00  3.662648E-01
  2.200000E+03  1.450241E+01  1.291653E+01  7.288534E-02  6.956728E+01  6.962244E+01 -3.605487E-02  4.746439E-02 -3.605487E-02  6.953408E+01  4.942754E-02  4.746439E-02  4.942754E-02  6.954531E+01  1.057253E+00  1.445918E+00  2.980369E+00  4.194663E-01
  2.250000E+03  1.449223E+01  1.292050E+01  7.166653E-02  6.952509E+01  6.950052E+01 -5.962861E-02  3.795292E-02 -5.962861E-02  6.950792E+01 -5.370306E-02  3.795292E-02 -5.370306E-02  6.956683E+01  1.047817E+00  1.434419E+00  3.047698E+00  4.349932E-01
  2.300000E+03  1.449585E+01  1.291861E+01  7.423081E-02  6.965960E+01  6.956143E+01 -1.169802E-02  5.931795E-03 -1.169802E-02  6.967846E+01  7.120045E-02  5.931795E-03  7.120045E-02  6.973891E+01  1.051489E+00  1.444711E+00  3.174401E+00  4.559174E-01
  2.350000E+03  1.449358E+01  1.291545E+01  7.291437E-02  6.952383E+01  6.961130E+01  6.288875E-02 -2.473840E-02  6.288875E-02  6.951044E+01 -1.800692E-02 -2.473840E-02 -1.800692E-02  6.944973E+01  1.052083E+00  1.440873E+00  3.097790E+00  3.574728E-01
  2.400000E+03  1.450358E+01  1.291950E+01  7.270611E-02  6.963060E+01  6.966190E+01  1.000437E-01 -4.462339E-02  1.000437E-01  6.962279E+01  3.316641E-02 -4.462339E-02  3.316641E-02  6.960711E+01  1.056051E+00  1.428616E+00  3.295246E+00  4.076674E-01
  2.450000E+03  1.450315E+01  1.290874E+01  7.395557E-02  6.960393E+01  6.965638E+01 -6.651193E-02  6.536705E-02 -6.651193E-02  6.960727E+01 -8.099274E-03  6.536705E-02 -8.099274E-03  6.954813E+01  1.062944E+00  1.440984E+00  3.038965E+00  3.858267E-01
  2.500000E+03  1.451100E+01  1.292021E+01  7.294056E-02  6.961159E+01  6.976093E+01 -7.660067E-02 -1.661937E-02 -7.660067E-02  6.955197E+01  2.564312E-02 -1.661937E-02  2.564312E-02  6.952187E+01  1.060527E+00  1.441012E+00  3.057104E+00  2.921255E-01
  2.550000E+03  1.447700E+01  1.289277E+01  7.177816E-02  6.965703E+01  6.960074E+01 -6.471680E-02  5.634863E-02 -6.471680E-02  6.970150E+01  5.339311E-02  5.634863E-02  5.339311E-02  6.966886E+01  1.056152E+00  1.444800E+00  3.261341E+00  3.906289E-01
  2.600000E+03  1.449322E+01  1.290284E+01  7.319739E-02  6.947446E+01  6.948077E+01 -3.419341E-02 -4.587248E-02 -3.419341E-02  6.947636E+01 -1.023921E-02 -4.587248E-02 -1.023921E-02  6.946625E+01  1.060251E+00  1.442894E+00  3.061407E+00  4.441438E-01
  2.650000E+03  1.451784E+01  1.291855E+01  7.335146E-02  6.956441E+01  6.948396E+01 -1.759161E-02 -3.522748E-02 -1.759161E-02  6.955639E+01 -1.476915E-02 -3.522748E-02 -1.476915E-02  6.965288E+01  1.066191E+00  1.440067E+00  3.018620E+00  4.180056E-01
  2.700000E+03  1.448794E+01  1.290805E+01  7.045390E-02  6.953327E+01  6.956882E+01  4.634726E-02  8.765615E-02  4.634726E-02  6.953899E+01 -6.264935E-02  8.765615E-02 -6.264935E-02  6.949201E+01  1.053260E+00  1.433628E+00  3.278626E+00  4.557110E-01
  2.750000E+03  1.449953E+01  1.292055E+01  7.023075E-02  6.959022E+01  6.962510E+01  4.426100E-02  6.968940E-02  4.426100E-02  6.963996E+01  2.214503E-02  6.968940E-02  2.214503E-02  6.950559E+01  1.052653E+00  1.431238E+00  3.081929E+00  4.316502E-01
  2.800000E+03  1.450948E+01  1.291667E+01  7.534964E-02  6.955057E+01  6.938661E+01 -5.143710E-02 -7.897983E-03 -5.143710E-02  6.972883E+01 -1.337204E-01 -7.897983E-03 -1.337204E-01  6.953626E+01  1.061877E+00  1.431348E+00  3.435358E+00  4.104172E-01
  2.850000E+03  1.449804E+01  1.290417E+01  7.498017E-02  6.967404E+01  6.969429E+01 -3.841226E-02 -1.372318E-02 -3.841226E-02  6.966721E+01 -6.098293E-02 -1.372318E-02 -6.098293E-02  6.966063E+01  1.062579E+00  1.447545E+00  3.113248E+00  4.433421E-01
  2.900000E+03  1.447889E+01  1.290534E+01  7.409692E-02  6.948289E+01  6.944065E+01 -1.009675E-01 -7.600375E-03 -1.009675E-01  6.943268E+01  7.002185E-03 -7.600375E-03  7.002185E-03  6.957535E+01  1.049034E+00  1.441465E+00  3.284934E+00  3.421599E-01
  2.950000E+03  1.450671E+01  1.292319E+01  7.237375E-02  6.962185E+01  6.954707E+01  8.850101E-03 -1.690195E-02  8.850101E-03  6.966409E+01 -4.182862E-02 -1.690195E-02 -4.182862E-02  6.965437E+01  1.055679E+00  1.437374E+00  3.158800E+00  4.178528E-01
  3.000000E+03  1.449042E+01  1.291946E+01  6.722796E-02  6.961622E+01  6.963067E+01 -5.248867E-03  2.723340E-02 -5.248867E-03  6.963584E+01  1.533302E-02  2.723340E-02  1.533302E-02  6.958214E+01  1.047310E+00  1.426881E+00  3.222153E+00  3.873713E-01
  3.050000E+03  1.450650E+01  1.291497E+01  7.204305E-02  6.959676E+01  6.950159E+01  7.481229E-02  2.778648E-02  7.481229E-02  6.964721E+01  5.277070E-02  2.778648E-02  5.277070E-02  6.964148E+01  1.061019E+00  1.442254E+00  3.317372E+00  3.881198E-01
  3.100000E+03  1.449473E+01  1.291020E+01  7.388942E-02  6.962538E+01  6.973724E+01  4.873851E-02  5.327773E-02  4.873851E-02  6.965028E+01 -1.046539E-01  5.327773E-02 -1.046539E-01  6.948863E+01  1.056356E+00  1.444561E+00  3.104144E+00  4.267988E-01
  3.150000E+03  1.449652E+01  1.291364E+01  7.145247E-02  6.944778E+01  6.941619E+01 -1.154570E-01 -5.089661E-02 -1.154570E-01  6.940252E+01  9.735791E-03 -5.089661E-02  9.735791E-03  6.952462E+01  1.055256E+00  1.441007E+00  2.863898E+00  4.020317E-01
  3.200000E+03  1.449818E+01  1.292377E+01  7.640520E-02  6.958154E+01  6.960329E+01 -2.716698E-02  6.296024E-02 -2.716698E-02  6.958436E+01  2.363030E-02  6.296024E-02  2.363030E-02  6.955696E+01  1.049610E+00  1.449985E+00  3.045845E+00  3.899128E-01
  3.250000E+03  1.450259E+01  1.291252E+01  7.020510E-02  6.952434E+01  6.947691E+01  3.175901E-02  1.411822E-02  3.175901E-02  6.955771E+01 -4.172947E-02  1.411822E-02 -4.172947E-02  6.953839E+01  1.060048E+00  1.430970E+00  3.307194E+00  4.318883E-01
  3.300000E+03  1.450797E+01  1.292155E+01  7.420645E-02  6.964250E+01  6.980551E+01  3.371252E-02 -5.844595E-03  3.371252E-02  6.964386E+01  1.015069E-01 -5.844595E-03  1.015069E-01  6.947814E+01  1.057613E+00  1.449908E+00  3.343451E+00  4.342488E-01
  3.350000E+03  1.447974E+01  1.290844E+01  7.259637E-02  6.956219E+01  6.961366E+01  6.502003E-02 -6.728843E-02  6.502003E-02  6.945388E+01  3.196171E-02 -6.728843E-02  3.196171E-02  6.961903E+01  1.047530E+00  1.446605E+00  3.173149E+00  3.774974E-01
  3.400000E+03  1.450522E+01  1.291850E+01  7.198106E-02  6.959475E+01  6.956731E+01  3.411968E-02 -9.668237E-03  3.411968E-02  6.960324E+01 -1.511816E-02 -9.668237E-03 -1.511816E-02  6.961371E+01  1.057813E+00  1.438533E+00  3.188251E+00  4.208321E-01
  3.450000E+03  1.449190E+01  1.290912E+01  7.190838E-02  6.951925E+01  6.957406E+01 -9.095725E-02  4.454786E-04 -9.095725E-02  6.948880E+01 -1.358789E-02  4.454786E-04 -1.358789E-02  6.949488E+01  1.055189E+00  1.444617E+00  2.991279E+00  4.709322E-01
  3.500000E+03  1.450707E+01  1.292113E+01  7.039257E-02  6.957851E+01  6.962178E+01 -2.773116E-02  7.370646E-02 -2.773116E-02  6.963071E+01 -3.785244E-02  7.370646E-02 -3.785244E-02  6.948304E+01  1.057290E+00  1.434846E+00  3.114914E+00  4.100932E-01
  3.550000E+03  1.449395E+01  1.291434E+01  7.465506E-02  6.952743E+01  6.960434E+01  5.971076E-02 -1.870199E-02  5.971076E-02  6.943989E+01 -4.976408E-02 -1.870199E-02 -4.976408E-02  6.953807E+01  1.053075E+00  1.456202E+00  2.990270E+00  3.640724E-01
  3.600000E+03  1.449583E+01  1.290817E+01  7.500407E-02  6.959301E+01  6.959214E+01 -1.618558E-02  6.386792E-02 -1.618558E-02  6.950455E+01  2.804268E-02  6.386792E-02  2.804268E-02  6.968235E+01  1.058441E+00  1.462074E+00  2.982808E+00  4.126354E-01
  3.650000E+03  1.450297E+01  1.291855E+01  7.179737E-02  6.963170E+01  6.965012E+01  1.284216E-02  1.046719E-02  1.284216E-02  6.962487E+01  5.819043E-02  1.046719E-02  5.819043E-02  6.962011E+01  1.056281E+00  1.437153E+00  3.561638E+00  4.673598E-01
  3.700000E+03  1.450724E+01  1.292510E+01  7.429570E-02  6.947887E+01  6.956534E+01 -3.106935E-02 -1.554525E-01 -3.106935E-02  6.942844E+01 -2.099384E-01 -1.554525E-01 -2.099384E-01  6.944283E+01  1.054756E+00  1.441547E+00  3.871232E+00  3.467547E-01
  3.750000E+03  1.451326E+01  1.291470E+01  7.255378E-02  6.954465E+01  6.957251E+01  4.274322E-03  8.709044E-02  4.274322E-03  6.957028E+01 -2.269869E-02  8.709044E-02 -2.269869E-02  6.949116E+01  1.065706E+00  1.440572E+00  3.145063E+00  3.552239E-01
  3.800000E+03  1.448885E+01  1.290972E+01  7.258357E-02  6.965501E+01  6.964872E+01  5.211029E-02 -1.046653E-02  5.211029E-02  6.972982E+01  7.737697E-03 -1.046653E-02  7.737697E-03  6.958647E+01  1.052756E+00  1.441593E+00  3.188579E+00  3.794341E-01
  3.850000E+03  1.450202E+01  1.291149E+01  7.575033E-02  6.965806E+01  6.968315E+01  1.035133E-01  2.680472E-02  1.035133E-01  6.977855E+01  5.957203E-02  2.680472E-02  5.957203E-02  6.951249E+01  1.060354E+00  1.454910E+00  3.047640E+00  4.242861E-01
  3.900000E+03  1.448676E+01  1.290617E+01  7.021089E-02  6.959914E+01  6.961142E+01 -3.939915E-03  6.996400E-02 -3.939915E-03  6.955787E+01  5.885791E-02  6.996400E-02  5.885791E-02  6.962814E+01  1.053724E+00  1.430722E+00  3.042290E+00  4.351112E-01
  3.950000E+03  1.452481E+01  1.292442E+01  7.374533E-02  6.965245E+01  6.958245E+01  8.136265E-02 -2.053137E-02  8.136265E-02  6.958728E+01  2.138921E-02 -2.053137E-02  2.138921E-02  6.978761E+01  1.066923E+00  1.449893E+00  3.285620E+00  2.864327E-01
  4.000000E+03  1.450386E+01  1.290711E+01  6.822059E-02  6.966405E+01  6.980219E+01  3.437647E-02  3.750201E-03  3.437647E-02  6.952047E+01  3.246934E-02  3.750201E-03  3.246934E-02  6.966949E+01  1.064501E+00  1.430125E+00  3.017102E+00  4.357467E-01
  4.050000E+03  1.450444E+01  1.291425E+01  7.083534E-02  6.955859E+01  6.940164E+01  4.094578E-02 -3.848656E-02  4.094578E-02  6.969751E+01 -3.186134E-02 -3.848656E-02 -3.186134E-02  6.957661E+01  1.060132E+00  1.439750E+00  3.077027E+00  3.198981E-01
  4.100000E+03  1.449915E+01  1.291154E+01  7.269395E-02  6.957130E+01  6.952338E+01  1.765241E-01 -5.734984E-02  1.765241E-01  6.953424E+01 -3.987100E-02 -5.734984E-02 -3.987100E-02  6.965626E+01  1.058404E+00  1.442933E+00  3.007875E+00  4.256930E-01
  4.150000E+03  1.450464E+01  1.290401E+01  7.260649E-02  6.967147E+01  6.957338E+01  3.798920E-02 -4.184068E-02  3.798920E-02  6.975440E+01 -2.089374E-04 -4.184068E-02 -2.089374E-04  6.968664E+01  1.067089E+00  1.445670E+00  2.926687E+00  3.438014E-01
  4.200000E+03  1.450101E+01  1.291677E+01  7.287087E-02  6.957352E+01  6.963129E+01 -6.938863E-03 -1.374219E-01 -6.938863E-03  6.945914E+01  3.759820E-03 -1.374219E-01  3.759820E-03  6.963013E+01  1.056164E+00  1.444800E+00  3.325167E+00  3.659985E-01
  4.250000E+03  1.452109E+01  1.293345E+01  7.463927E-02  6.951970E+01  6.960944E+01  7.914686E-02 -3.742698E-04  7.914686E-02  6.944781E+01 -9.254999E-03 -3.742698E-04 -9.254999E-03  6.950186E+01  1.058428E+00  1.444274E+00  3.177140E+00  3.822873E-01
  4.300000E+03  1.451271E+01  1.292929E+01  7.285668E-02  6.958380E+01  6.960999E+01 -5.111182E-02  2.847856E-02 -5.111182E-02  6.946484E+01  9.656658E-02  2.847856E-02  9.656658E-02  6.967656E+01  1.055611E+00  1.445100E+00  3.171703E+00  3.691625E-01
  4.350000E+03  1.452039E+01  1.291799E+01  7.483350E-02  6.964904E+01  6.963564E+01 -6.307548E-03  2.208415E-02 -6.307548E-03  6.962849E+01 -4.444278E-02  2.208415E-02 -4.444278E-02  6.968297E+01  1.068271E+00  1.446996E+00  3.270195E+00  2.930209E-01
  4.400000E+03  1.448673E+01  1.292138E+01  6.872525E-02  6.956810E+01  6.957998E+01  2.660397E-02  4.084774E-02  2.660397E-02  6.960474E+01 -2.096255E-02  4.084774E-02 -2.096255E-02  6.951958E+01  1.043563E+00  1.429806E+00  3.031576E+00  5.177978E-01
  4.450000E+03  1.451008E+01  1.291361E+01  6.987168E-02  6.963032E+01  6.955865E+01  2.083930E-02  3.520749E-02  2.083930E-02  6.974715E+01  2.822569E-02  3.520749E-02  2.822569E-02  6.958517E+01  1.064317E+00  1.422925E+00  3.343073E+00  4.144489E-01
  4.500000E+03  1.448372E+01  1.290796E+01  7.320744E-02  6.957444E+01  6.951581E+01  9.943121E-03  8.596326E-02  9.943121E-03  6.953623E+01  2.051095E-02  8.596326E-02  2.051095E-02  6.967128E+01  1.050507E+00  1.449668E+00  3.187420E+00  3.627218E-01
  4.550000E+03  1.450120E+01  1.291420E+01  6.863594E-02  6.959744E+01  6.965970E+01  6.680700E-02 -1.385705E-02  6.680700E-02  6.962078E+01 -4.815524E-02 -1.385705E-02 -4.815524E-02  6.951182E+01  1.058004E+00  1.424541E+00  3.246248E+00  4.699252E-01
  4.600000E+03  1.449701E+01  1.291896E+01  7.059062E-02  6.951312E+01  6.955331E+01  3.568761E-02  6.365223E-02  3.568761E-02  6.946527E+01 -3.143495E-02  6.365223E-02 -3.143495E-02  6.952079E+01  1.052035E+00  1.434907E+00  2.829498E+00  4.229030E-01
  4.650000E+03  1.449554E+01  1.291662E+01  7.216589E-02  6.959873E+01  6.951972E+01 -3.820388E-02 -2.743211E-02 -3.820388E-02  6.964620E+01  3.774045E-02 -2.743211E-02  3.774045E-02  6.963027E+01  1.052610E+00  1.438723E+00  2.920713E+00  4.094826E-01
  4.700000E+03  1.450316E+01  1.291102E+01  7.116268E-02  6.959496E+01  6.964387E+01  2.360516E-02  4.309569E-02  2.360516E-02  6.951146E+01  1.014272E-01  4.309569E-02  1.014272E-01  6.962956E+01  1.061425E+00  1.439466E+00  2.963827E+00  3.228832E-01
  4.750000E+03  1.450772E+01  1.291710E+01  7.144931E-02  6.957147E+01  6.955183E+01  4.169479E-02 -5.328486E-02  4.169479E-02  6.957499E+01 -2.550600E-02 -5.328486E-02 -2.550600E-02  6.958757E+01  1.060418E+00  1.443857E+00  3.068884E+00  4.460643E-01
  4.800000E+03  1.449130E+01  1.290798E+01  6.877510E-02  6.963289E+01  6.956992E+01  6.266619E-02  5.126485E-02  6.266619E-02  6.964842E+01  8.815659E-02  5.126485E-02  8.815659E-02  6.968032E+01  1.055542E+00  1.423311E+00  2.935073E+00  4.756141E-01
  4.850000E+03  1.449858E+01  1.291861E+01  7.221668E-02  6.958298E+01  6.956239E+01 -4.892388E-02 -7.526779E-02 -4.892388E-02  6.963804E+01 -4.694796E-02 -7.526779E-02 -4.694796E-02  6.954852E+01  1.053313E+00  1.431926E+00  3.281901E+00  3.975273E-01
  4.900000E+03  1.449200E+01  1.290314E+01  7.176401E-02  6.949268E+01  6.956713E+01  5.750207E-02 -2.545096E-02  5.750207E-02  6.938020E+01 -9.229977E-02 -2.545096E-02 -9.229977E-02  6.953070E+01  1.059243E+00  1.433659E+00  3.122058E+00  3.417750E-01
  4.950000E+03  1.451050E+01  1.291366E+01  7.286690E-02  6.957349E+01  6.955653E+01  1.067828E-01 -3.552208E-02  1.067828E-01  6.964653E+01  9.895076E-02 -3.552208E-02  9.895076E-02  6.951742E+01  1.064563E+00  1.438912E+00  3.119142E+00  3.966607E-01
  5.000000E+03  1.448981E+01  1.290469E+01  7.291760E-02  6.964178E+01  6.958595E+01  4.483465E-03  8.099004E-02  4.483465E-03  6.962336E+01 -1.955149E-03  8.099004E-02 -1.955149E-03  6.971604E+01  1.056742E+00  1.444414E+00  3.157138E+00  2.756862E-01
  5.050000E+03  1.449643E+01  1.291298E+01  7.468516E-02  6.956004E+01  6.946937E+01  5.702402E-02 -1.132963E-02  5.702402E-02  6.965146E+01  2.319914E-02 -1.132963E-02  2.319914E-02  6.955929E+01  1.055633E+00  1.444406E+00  3.445556E+00  2.682662E-01
  5.100000E+03  1.449384E+01  1.291555E+01  7.090889E-02  6.955022E+01  6.955144E+01 -1.235219E-02 -8.419382E-02 -1.235219E-02  6.957514E+01 -1.838408E-02 -8.419382E-02 -1.838408E-02  6.952407E+01  1.052191E+00  1.433339E+00  2.949476E+00  4.210893E-01
  5.150000E+03  1.450775E+01  1.290827E+01  7.166125E-02  6.964087E+01  6.967657E+01  9.607177E-02 -3.533550E-02  9.607177E-02  6.967620E+01  1.703673E-01 -3.533550E-02  1.703673E-01  6.956985E+01  1.066323E+00  1.437623E+00  2.936479E+00  4.141053E-01
  5.200000E+03  1.450445E+01  1.292063E+01  6.981234E-02  6.959418E+01  6.959532E+01 -1.840836E-02 -3.587435E-02 -1.840836E-02  6.953215E+01 -2.245986E-02 -3.587435E-02 -2.245986E-02  6.965507E+01  1.055878E+00  1.431076E+00  3.268723E+00  4.892407E-01
  5.250000E+03  1.448218E+01  1.290704E+01  7.527489E-02  6.957575E+01  6.949828E+01 -4.505731E-03  3.610744E-02 -4.505731E-03  6.967925E+01  2.205793E-02  3.610744E-02  2.205793E-02  6.954973E+01  1.050099E+00  1.449450E+00  3.123512E+00  4.756122E-01
  5.300000E+03  1.449401E+01  1.291312E+01  6.971556E-02  6.956406E+01  6.955655E+01  6.337887E-02  4.107752E-02  6.337887E-02  6.948801E+01  2.531183E-02  4.107752E-02  2.531183E-02  6.964763E+01  1.053928E+00  1.429068E+00  3.195133E+00  4.204318E-01
  5.350000E+03  1.448008E+01  1.291164E+01  7.348822E-02  6.946881E+01  6.947855E+01 -2.541331E-02  2.773923E-02 -2.541331E-02  6.939248E+01  2.901348E-02  2.773923E-02  2.901348E-02  6.953539E+01  1.045626E+00  1.443648E+00  2.977604E+00  4.632297E-01
  5.400000E+03  1.449249E+01  1.291729E+01  7.190221E-02  6.960561E+01  6.970299E+01  3.410057E-02  3.161811E-02  3.410057E-02  6.954172E+01 -6.737424E-02  3.161811E-02 -6.737424E-02  6.957212E+01  1.050129E+00  1.437600E+00  2.880621E+00  4.084274E-01
  5.450000E+03  1.450975E+01  1.291718E+01  7.290743E-02  6.965052E+01  6.971450E+01  1.093004E-02 -6.294633E-02  1.093004E-02  6.956420E+01 -1.228403E-01 -6.294633E-02 -1.228403E-01  6.967286E+01  1.061712E+00  1.446811E+00  3.334360E+00  4.845625E-01
  5.500000E+03  1.449254E+01  1.291237E+01  7.180247E-02  6.941806E+01  6.947151E+01  1.257996E-01  5.586569E-02  1.257996E-01  6.940956E+01 -2.125458E-02  5.586569E-02 -2.125458E-02  6.937310E+01  1.053449E+00  1.442347E+00  3.142168E+00  3.917953E-01
  5.550000E+03  1.449971E+01  1.291872E+01  7.239412E-02  6.954545E+01  6.949241E+01 -4.589547E-02 -7.204035E-02 -4.589547E-02  6.952916E+01 -7.878399E-02 -7.204035E-02 -7.878399E-02  6.961479E+01  1.053994E+00  1.435478E+00  3.125716E+00  4.437342E-01
  5.600000E+03  1.450576E+01  1.292199E+01  7.584999E-02  6.948716E+01  6.955080E+01 -5.588566E-02  6.513908E-03 -5.588566E-02  6.943560E+01 -3.418696E-02  6.513908E-03 -3.418696E-02  6.947507E+01  1.055850E+00  1.450521E+00  3.189912E+00  4.002840E-01
  5.650000E+03  1.451107E+01  1.291726E+01  7.268465E-02  6.957131E+01  6.964056E+01  2.616780E-02 -5.912306E-02  2.616780E-02  6.949114E+01 -1.241302E-01 -5.912306E-02 -1.241302E-01  6.958224E+01  1.062540E+00  1.442686E+00  3.126916E+00  4.129857E-01
  5.700000E+03  1.452971E+01  1.292650E+01  7.230930E-02  6.959870E+01  6.955168E+01  1.151118E-02  6.289180E-02  1.151118E-02  6.969727E+01  6.175981E-02  6.289180E-02  6.175981E-02  6.954714E+01  1.068807E+00  1.440231E+00  3.055392E+00  3.583574E-01
  5.750000E+03  1.450190E+01  1.291974E+01  7.266370E-02  6.957243E+01  6.973814E+01 -9.751605E-02  1.287634E-03 -9.751605E-02  6.952320E+01  7.548322E-02  1.287634E-03  7.548322E-02  6.945596E+01  1.054772E+00  1.446263E+00  3.062719E+00  4.367788E-01
  5.800000E+03  1.449168E+01  1.291919E+01  7.512618E-02  6.954889E+01  6.958973E+01 -1.768737E-02  1.460174E-02 -1.768737E-02  6.947974E+01  4.654528E-02  1.460174E-02  4.654528E-02  6.957719E+01  1.048324E+00  1.439765E+00  3.053806E+00  4.101843E-01
  5.850000E+03  1.448860E+01  1.290608E+01  7.585580E-02  6.951306E+01  6.949936E+01 -9.163492E-02  8.344853E-02 -9.163492E-02  6.949321E+01  2.753553E-02  8.344853E-02  2.753553E-02  6.954661E+01  1.055010E+00  1.449847E+00  3.039551E+00  3.406822E-01
  5.900000E+03  1.449310E+01  1.289900E+01  6.901160E-02  6.955820E+01  6.940641E+01 -1.775083E-02  5.366207E-02 -1.775083E-02  6.961287E+01 -2.945814E-02  5.366207E-02 -2.945814E-02  6.965533E+01  1.062734E+00  1.429584E+00  2.930112E+00  4.323213E-01
  5.950000E+03  1.450071E+01  1.291401E+01  7.040138E-02  6.969100E+01  6.967623E+01 -1.819673E-02 -2.100781E-02 -1.819673E-02  6.967393E+01  6.128243E-02 -2.100781E-02  6.128243E-02  6.972284E+01  1.057800E+00  1.437207E+00  2.953952E+00  4.333241E-01
  6.000000E+03  1.448665E+01  1.290097E+01  7.046522E-02  6.964026E+01  6.958462E+01 -1.345157E-01  1.055201E-02 -1.345157E-01  6.966372E+01  4.393180E-02  1.055201E-02  4.393180E-02  6.967244E+01  1.057119E+00  1.431535E+00  3.084719E+00  3.750100E-01
  6.050000E+03  1.449417E+01  1.291536E+01  6.866661E-02  6.956006E+01  6.956363E+01 -2.983895E-02  3.040580E-03 -2.983895E-02  6.949102E+01  1.798344E-02  3.040580E-03  1.798344E-02  6.962552E+01  1.052540E+00  1.430135E+00  3.499938E+00  4.164758E-01
  6.100000E+03  1.449280E+01  1.291608E+01  7.290250E-02  6.953536E+01  6.962542E+01 -5.915909E-02  3.452713E-02 -5.915909E-02  6.961871E+01  2.631978E-02  3.452713E-02  2.631978E-02  6.936196E+01  1.051146E+00  1.446543E+00  3.236061E+00  3.876518E-01
  6.150000E+03  1.452485E+01  1.292888E+01  7.485693E-02  6.958223E+01  6.963465E+01  5.299582E-02 -9.925311E-04  5.299582E-02  6.958486E+01  7.077103E-02 -9.925311E-04  7.077103E-02  6.952718E+01  1.063976E+00  1.452102E+00  3.134441E+00  4.401567E-01
  6.200000E+03  1.450507E+01  1.291639E+01  7.420026E-02  6.953765E+01  6.959322E+01  2.578074E-02 -5.267546E-02  2.578074E-02  6.954927E+01 -3.722169E-02 -5.267546E-02 -3.722169E-02  6.947047E+01  1.059119E+00  1.440330E+00  2.979723E+00  3.135473E-01
  6.250000E+03  1.451180E+01  1.291799E+01  7.075059E-02  6.959975E+01  6.952042E+01 -7.274670E-02 -3.281074E-02 -7.274670E-02  6.968460E+01  2.611955E-02 -3.281074E-02  2.611955E-02  6.959423E+01  1.062541E+00  1.444028E+00  2.987128E+00  3.966977E-01
  6.300000E+03  1.448457E+01  1.290576E+01  7.285912E-02  6.959861E+01  6.964349E+01 -4.271082E-03 -6.898545E-02 -4.271082E-03  6.960591E+01 -2.467829E-02 -6.898545E-02 -2.467829E-02  6.954641E+01  1.052538E+00  1.438378E+00  3.009984E+00  3.800475E-01
  6.350000E+03  1.451474E+01  1.292694E+01  7.456754E-02  6.958857E+01  6.946559E+01  1.486039E-02 -6.508948E-02  1.486039E-02  6.958527E+01  2.799239E-02 -6.508948E-02  2.799239E-02  6.971484E+01  1.058527E+00  1.455328E+00  3.056372E+00  3.899190E-01
  6.400000E+03  1.450936E+01  1.291751E+01  7.171864E-02  6.955781E+01  6.958431E+01 -9.349937E-02  3.522830E-02 -9.349937E-02  6.949755E+01  4.701850E-02  3.522830E-02  4.701850E-02  6.959157E+01  1.061232E+00  1.432269E+00  2.931868E+00  4.320817E-01
  6.450000E+03  1.449782E+01  1.290915E+01  7.301924E-02  6.959972E+01  6.965621E+01 -2.784363E-02 -6.049676E-02 -2.784363E-02  6.963880E+01  1.916313E-02 -6.049676E-02  1.916313E-02  6.950414E+01  1.059115E+00  1.442378E+00  3.198779E+00  4.241453E-01
  6.500000E+03  1.448725E+01  1.290702E+01  7.598361E-02  6.958944E+01  6.967857E+01  2.179246E-02  6.210993E-02  2.179246E-02  6.960958E+01  3.596992E-03  6.210993E-02  3.596992E-03  6.948018E+01  1.053485E+00  1.454344E+00  3.414361E+00  3.972435E-01
  6.550000E+03  1.449489E+01  1.290903E+01  7.493928E-02  6.962571E+01  6.963879E+01  2.475745E-02 -1.166548E-01  2.475745E-02  6.958021E+01 -2.660480E-02 -1.166548E-01 -2.660480E-02  6.965815E+01  1.057242E+00  1.455669E+00  2.982659E+00  2.621133E-01
  6.600000E+03  1.451427E+01  1.292516E+01  6.835542E-02  6.955039E+01  6.951247E+01  1.506316E-02  5.461444E-02  1.506316E-02  6.958765E+01  3.033624E-02  5.461444E-02  3.033624E-02  6.955104E+01  1.059406E+00  1.420905E+00  3.182529E+00  4.588781E-01
  6.650000E+03  1.449585E+01  1.290966E+01  6.899045E-02  6.967392E+01  6.968490E+01 -8.693412E-03 -1.048769E-01 -8.693412E-03  6.969715E+01 -1.083220E-01 -1.048769E-01 -1.083220E-01  6.963972E+01  1.057461E+00  1.422862E+00  3.153544E+00  4.277288E-01
  6.700000E+03  1.451047E+01  1.292812E+01  7.297145E-02  6.957033E+01  6.950046E+01  4.647180E-03  3.063231E-02  4.647180E-03  6.967811E+01  1.019385E-01  3.063231E-02  1.019385E-01  6.953242E+01  1.054898E+00  1.438754E+00  3.033288E+00  4.595642E-01
  6.750000E+03  1.448561E+01  1.290606E+01  7.201572E-02  6.966787E+01  6.951055E+01  7.519191E-02  2.023595E-02  7.519191E-02  6.973183E+01  3.435784E-03  2.023595E-02  3.435784E-03  6.976124E+01  1.053038E+00  1.438582E+00  2.881744E+00  3.668804E-01
  6.800000E+03  1.449482E+01  1.291263E+01  7.304277E-02  6.960421E+01  6.952078E+01 -7.725106E-02  6.295035E-02 -7.725106E-02  6.967329E+01  1.217754E-02  6.295035E-02  1.217754E-02  6.961856E+01  1.054797E+00  1.444987E+00  3.174395E+00  3.451365E-01
  6.850000E+03  1.449054E+01  1.291046E+01  7.026129E-02  6.952340E+01  6.943199E+01  1.601330E-04 -2.229671E-02  1.601330E-04  6.953491E+01  3.219562E-02 -2.229671E-02  3.219562E-02  6.960329E+01  1.053390E+00  1.425979E+00  3.119938E+00  4.214529E-01
  6.900000E+03  1.450108E+01  1.291663E+01  7.358024E-02  6.965287E+01  6.969625E+01 -5.131468E-03 -6.265114E-02 -5.131468E-03  6.964487E+01 -1.019772E-01 -6.265114E-02 -1.019772E-01  6.961749E+01  1.056300E+00  1.444195E+00  2.900842E+00  3.663436E-01
  6.950000E+03  1.449688E+01  1.291477E+01  7.134011E-02  6.946647E+01  6.944578E+01  1.661207E-02 -4.729009E-02  1.661207E-02  6.947244E+01 -5.410195E-02 -4.729009E-02 -5.410195E-02  6.948120E+01  1.054741E+00  1.432989E+00  3.043543E+00  4.577270E-01
  7.000000E+03  1.450415E+01  1.292050E+01  7.339179E-02  6.946653E+01  6.946525E+01  1.667786E-02 -6.068131E-02  1.667786E-02  6.937676E+01 -3.797650E-02 -6.068131E-02 -3.797650E-02  6.955757E+01  1.055771E+00  1.442113E+00  2.983140E+00  4.068043E-01
  7.050000E+03  1.447591E+01  1.290248E+01  7.217297E-02  6.951091E+01  6.952823E+01 -1.241355E-01  2.801877E-02 -1.241355E-01  6.959366E+01 -7.320542E-03  2.801877E-02 -7.320542E-03  6.941083E+01  1.048955E+00  1.440094E+00  3.214465E+00  4.139652E-01
  7.100000E+03  1.451589E+01  1.291579E+01  7.418650E-02  6.952997E+01  6.950136E+01  1.089775E-01  9.523539E-02  1.089775E-01  6.955836E+01  7.065995E-02  9.523539E-02  7.065995E-02  6.953019E+01  1.066732E+00  1.450131E+00  3.030013E+00  4.476178E-01
  7.150000E+03  1.449445E+01  1.291236E+01  7.397327E-02  6.962274E+01  6.961839E+01 -8.707818E-02  1.552424E-02 -8.707818E-02  6.964267E+01 -4.399795E-02  1.552424E-02 -4.399795E-02  6.960716E+01  1.054730E+00  1.442249E+00  3.315628E+00  3.500565E-01
  7.200000E+03  1.449745E+01  1.292128E+01  6.956042E-02  6.959954E+01  6.964052E+01 -2.389841E-04  6.243310E-02 -2.389841E-04  6.946381E+01 -8.689232E-02  6.243310E-02 -8.689232E-02  6.969430E+01  1.050779E+00  1.424212E+00  3.000250E+00  3.720094E-01
  7.250000E+03  1.448423E+01  1.290266E+01  7.209226E-02  6.964671E+01  6.962645E+01 -4.000620E-02 -2.143619E-02 -4.000620E-02  6.970460E+01  1.481578E-01 -2.143619E-02  1.481578E-01  6.960909E+01  1.054377E+00  1.430686E+00  3.266495E+00  4.310955E-01
  7.300000E+03  1.450361E+01  1.291404E+01  7.183848E-02  6.955531E+01  6.952057E+01 -7.330095E-02 -5.104949E-02 -7.330095E-02  6.952374E+01 -7.669561E-02 -5.104949E-02 -7.669561E-02  6.962162E+01  1.059715E+00  1.441793E+00  2.952370E+00  4.695378E-01
  7.350000E+03  1.449860E+01  1.290909E+01  7.174398E-02  6.960356E+01  6.959497E+01 -8.044617E-03 -1.111103E-02 -8.044617E-03  6.957745E+01 -1.094763E-01 -1.111103E-02 -1.094763E-01  6.963826E+01  1.059673E+00  1.432855E+00  2.996243E+00  3.659025E-01
  7.400000E+03  1.451031E+01  1.292117E+01  7.265986E-02  6.951367E+01  6.951676E+01  1.450241E-02 -1.012946E-02  1.450241E-02  6.948911E+01 -3.356868E-02 -1.012946E-02 -3.356868E-02  6.953515E+01  1.059426E+00  1.438009E+00  3.328064E+00  4.444379E-01
  7.450000E+03  1.451274E+01  1.292313E+01  7.246419E-02  6.959937E+01  6.965317E+01  6.197567E-02  6.542313E-02  6.197567E-02  6.960121E+01 -2.468481E-02  6.542313E-02 -2.468481E-02  6.954372E+01  1.059740E+00  1.438848E+00  3.077020E+00  2.825599E-01
  7.500000E+03  1.450069E+01  1.290975E+01  7.203429E-02  6.957648E+01  6.959297E+01 -7.653727E-02  2.825843E-02 -7.653727E-02  6.967454E+01 -2.739822E-02  2.825843E-02 -2.739822E-02  6.946192E+01  1.060626E+00  1.436210E+00  3.245755E+00  3.564509E-01
  7.550000E+03  1.448278E+01  1.290963E+01  7.415326E-02  6.951889E+01  6.956517E+01  4.966071E-02  2.610250E-02  4.966071E-02  6.951387E+01  1.245288E-02  2.610250E-02  1.245288E-02  6.947764E+01  1.048766E+00  1.455023E+00  2.990314E+00  3.972215E-01
  7.600000E+03  1.447833E+01  1.290265E+01  6.850894E-02  6.957216E+01  6.957211E+01  3.287211E-02  3.385202E-02  3.287211E-02  6.958992E+01  2.657377E-02  3.385202E-02  2.657377E-02  6.955445E+01  1.050456E+00  1.421252E+00  3.174965E+00  4.110362E-01
  7.650000E+03  1.450816E+01  1.291803E+01  7.679003E-02  6.968647E+01  6.966597E+01 -2.361930E-02  4.301037E-02 -2.361930E-02  6.973792E+01 -5.350549E-02  4.301037E-02 -5.350549E-02  6.965551E+01  1.060085E+00  1.453492E+00  3.232265E+00  4.594074E-01
  7.700000E+03  1.448547E+01  1.290986E+01  6.892447E-02  6.957705E+01  6.952416E+01 -2.571502E-02  1.227502E-01 -2.571502E-02  6.954441E+01 -4.555546E-02  1.227502E-01 -4.555546E-02  6.966260E+01  1.050404E+00  1.428045E+00  3.474346E+00  4.687096E-01
  7.750000E+03  1.450431E+01  1.291788E+01  7.266112E-02  6.951021E+01  6.950071E+01 -2.357909E-02  4.871753E-02 -2.357909E-02  6.956001E+01 -4.909247E-02  4.871753E-02 -4.909247E-02  6.946990E+01  1.057621E+00  1.441669E+00  2.770061E+00  4.091154E-01
  7.800000E+03  1.449987E+01  1.291101E+01  7.563725E-02  6.949990E+01  6.950205E+01  3.405543E-02 -2.129179E-02  3.405543E-02  6.947681E+01 -7.136316E-02 -2.129179E-02 -7.136316E-02  6.952084E+01  1.059236E+00  1.455718E+00  3.154305E+00  3.210925E-01
  7.850000E+03  1.448390E+01  1.289908E+01  7.185533E-02  6.966174E+01  6.965286E+01 -3.370680E-02 -2.409456E-02 -3.370680E-02  6.968548E+01 -5.929348E-02 -2.409456E-02 -5.929348E-02  6.964687E+01  1.056546E+00  1.440590E+00  3.115971E+00  4.675338E-01
  7.900000E+03  1.449124E+01  1.291087E+01  7.078495E-02  6.955902E+01  6.956741E+01 -7.649258E-02  9.396338E-02 -7.649258E-02  6.944674E+01 -3.382573E-02  9.396338E-02 -3.382573E-02  6.966290E+01  1.053574E+00  1.432434E+00  3.322073E+00  4.306092E-01
  7.950000E+03  1.451838E+01  1.292139E+01  7.109628E-02  6.955878E+01  6.955032E+01 -9.414046E-03  3.515840E-02 -9.414046E-03  6.953338E+01  5.499581E-02  3.515840E-02  5.499581E-02  6.959265E+01  1.064658E+00  1.433085E+00  3.228866E+00  3.775774E-01
  8.000000E+03  1.449042E+01  1.291102E+01  7.465982E-02  6.955360E+01  6.960919E+01 -6.119948E-02  1.351297E-02 -6.119948E-02  6.953770E+01 -8.139436E-02  1.351297E-02 -8.139436E-02  6.951389E+01  1.052933E+00  1.453404E+00  3.015355E+00  4.489274E-01
  8.050000E+03  1.452458E+01  1.293701E+01  7.243907E-02  6.956195E+01  6.950500E+01  1.390579E-01  2.931505E-02  1.390579E-01  6.959007E+01  3.949683E-02  2.931505E-02  3.949683E-02  6.959078E+01  1.058380E+00  1.439020E+00  2.893179E+00  3.924046E-01
  8.100000E+03  1.448723E+01  1.290858E+01  7.519046E-02  6.961333E+01  6.949228E+01  1.286750E-02  8.922077E-02  1.286750E-02  6.967348E+01 -8.606960E-02  8.922077E-02 -8.606960E-02  6.967422E+01  1.052435E+00  1.459000E+00  3.213039E+00  4.682534E-01
  8.150000E+03  1.450847E+01  1.291653E+01  7.074377E-02  6.961556E+01  6.963776E+01  3.325784E-03 -1.961227E-02  3.325784E-03  6.963054E+01 -1.253379E-01 -1.961227E-02 -1.253379E-01  6.957838E+01  1.061297E+00  1.440658E+00  3.080061E+00  4.015206E-01
  8.200000E+03  1.450601E+01  1.290824E+01  7.133466E-02  6.968421E+01  6.958352E+01  3.113755E-02 -1.014482E-02  3.113755E-02  6.981516E+01  5.824885E-02 -1.014482E-02  5.824885E-02  6.965394E+01  1.065178E+00  1.436084E+00  3.108688E+00  4.094650E-01
  8.250000E+03  1.448812E+01  1.290736E+01  7.244052E-02  6.952194E+01  6.952934E+01  4.554912E-02 -5.366557E-02  4.554912E-02  6.952076E+01  9.312346E-02 -5.366557E-02  9.312346E-02  6.951572E+01  1.053838E+00  1.443516E+00  3.066319E+00  4.132621E-01
  8.300000E+03  1.448651E+01  1.290962E+01  7.116788E-02  6.958643E+01  6.959297E+01 -1.205334E-02 -1.905015E-02 -1.205334E-02  6.963292E+01  7.192195E-02 -1.905015E-02  7.192195E-02  6.953340E+01  1.051259E+00  1.431617E+00  2.842658E+00  4.032647E-01
  8.350000E+03  1.449696E+01  1.291814E+01  7.409483E-02  6.964951E+01  6.966213E+01 -7.009600E-02  2.152225E-02 -7.009600E-02  6.960121E+01 -8.426167E-02  2.152225E-02 -8.426167E-02  6.968520E+01  1.052550E+00  1.443004E+00  3.245754E+00  3.257327E-01
  8.400000E+03  1.448850E+01  1.289870E+01  7.114011E-02  6.960556E+01  6.966504E+01  6.369788E-02  2.818488E-02  6.369788E-02  6.965712E+01  4.843955E-02  2.818488E-02  4.843955E-02  6.949452E+01  1.059867E+00  1.437376E+00  3.354247E+00  3.942841E-01
  8.450000E+03  1.449510E+01  1.292354E+01  7.161608E-02  6.957900E+01  6.960308E+01  2.917864E-03  2.384164E-02  2.917864E-03  6.952514E+01  1.955568E-02  2.384164E-02  1.955568E-02  6.960878E+01  1.047707E+00  1.432938E+00  3.393039E+00  4.150108E-01
  8.500000E+03  1.449617E+01  1.290471E+01  6.993830E-02  6.958340E+01  6.953584E+01  6.340262E-02  1.002958E-01  6.340262E-02  6.959517E+01  1.010177E-01  1.002958E-01  1.010177E-01  6.961920E+01  1.060968E+00  1.423269E+00  2.963700E+00  4.371261E-01
  8.550000E+03  1.450021E+01  1.290908E+01  7.167125E-02  6.961053E+01  6.952936E+01 -7.168591E-03 -5.454766E-04 -7.168591E-03  6.968349E+01  1.322156E-02 -5.454766E-04  1.322156E-02  6.961875E+01  1.060757E+00  1.432333E+00  3.452566E+00  3.814723E-01
  8.600000E+03  1.447993E+01  1.290580E+01  7.278167E-02  6.948920E+01  6.945844E+01  5.457930E-02  4.492786E-02  5.457930E-02  6.937472E+01 -9.155598E-02  4.492786E-02 -9.155598E-02  6.963442E+01  1.049419E+00  1.448361E+00  3.131254E+00  4.318156E-01
  8.650000E+03  1.448501E+01  1.290329E+01  7.320393E-02  6.962320E+01  6.967159E+01 -9.261884E-02  6.876089E-02 -9.261884E-02  6.957213E+01  1.855049E-02  6.876089E-02  1.855049E-02  6.962589E+01  1.054483E+00  1.445805E+00  2.951294E+00  4.526543E-01
  8.700000E+03  1.450503E+01  1.291332E+01  7.163579E-02  6.955125E+01  6.940235E+01  7.878062E-02  1.172450E-02  7.878062E-02  6.958532E+01  9.799072E-02  1.172450E-02  9.799072E-02  6.966609E+01  1.061136E+00  1.439564E+00  3.039720E+00  4.522279E-01
  8.750000E+03  1.450592E+01  1.290899E+01  7.167462E-02  6.948336E+01  6.960378E+01  3.730818E-02  1.800037E-02  3.730818E-02  6.940357E+01  3.799738E-02  1.800037E-02  3.799738E-02  6.944273E+01  1.064620E+00  1.446067E+00  3.002786E+00  4.194691E-01
  8.800000E+03  1.449287E+01  1.290206E+01  7.260836E-02  6.957238E+01  6.963585E+01 -6.238608E-02 -2.289142E-02 -6.238608E-02  6.954813E+01  6.338493E-02 -2.289142E-02  6.338493E-02  6.953317E+01  1.060544E+00  1.441393E+00  3.008843E+00  3.835157E-01
  8.850000E+03  1.449885E+01  1.291650E+01  7.041911E-02  6.960660E+01  6.963620E+01 -2.743660E-02 -5.326220E-02 -2.743660E-02  6.968369E+01 -1.167928E-01 -5.326220E-02 -1.167928E-01  6.949991E+01  1.054898E+00  1.432986E+00  3.001555E+00  4.004924E-01
  8.900000E+03  1.452146E+01  1.293267E+01  7.523869E-02  6.957317E+01  6.955128E+01  9.296806E-02 -8.873025E-02  9.296806E-02  6.959653E+01  9.456267E-02 -8.873025E-02  9.456267E-02  6.957169E+01  1.059193E+00  1.450838E+00  3.186675E+00  3.198081E-01
  8.950000E+03  1.451344E+01  1.292662E+01  7.328057E-02  6.956278E+01  6.960201E+01 -1.073837E-01 -4.103457E-02 -1.073837E-01  6.955317E+01  4.216290E-03 -4.103457E-02  4.216290E-03  6.953315E+01  1.057878E+00  1.435537E+00  2.876510E+00  4.331066E-01
  9.000000E+03  1.451960E+01  1.292088E+01  7.402774E-02  6.959738E+01  6.959673E+01 -2.597054E-02 -3.834358E-02 -2.597054E-02  6.961458E+01 -1.588204E-02 -3.834358E-02 -1.588204E-02  6.958084E+01  1.065812E+00  1.441705E+00  3.558302E+00  4.079586E-01
  9.050000E+03  1.448413E+01  1.291078E+01  6.991187E-02  6.952367E+01  6.951752E+01  1.236184E-01 -5.052429E-02  1.236184E-01  6.958141E+01 -2.324832E-02 -5.052429E-02 -2.324832E-02  6.947208E+01  1.048899E+00  1.430535E+00  3.151716E+00  4.184373E-01
  9.100000E+03  1.449737E+01  1.291013E+01  6.935870E-02  6.966847E+01  6.964834E+01  3.362195E-02 -2.810159E-02  3.362195E-02  6.966636E+01 -2.309807E-03 -2.810159E-02 -2.309807E-03  6.969070E+01  1.058160E+00  1.432685E+00  2.961097E+00  3.025440E-01
  9.150000E+03  1.450545E+01  1.291599E+01  7.044038E-02  6.952521E+01  6.961163E+01 -2.705059E-02 -1.243270E-01 -2.705059E-02  6.946777E+01  4.195327E-02 -1.243270E-01  4.195327E-02  6.949623E+01  1.059642E+00  1.432123E+00  2.969546E+00  3.812979E-01
  9.200000E+03  1.450666E+01  1.292965E+01  7.395890E-02  6.950853E+01  6.949148E+01 -8.411355E-02  5.657162E-02 -8.411355E-02  6.956639E+01 -1.422891E-02  5.657162E-02 -1.422891E-02  6.946773E+01  1.051336E+00  1.442723E+00  2.974639E+00  3.793576E-01
  9.250000E+03  1.450958E+01  1.291593E+01  7.413359E-02  6.959528E+01  6.949036E+01  7.649924E-03  1.236142E-01  7.649924E-03  6.960798E+01 -4.242978E-02  1.236142E-01 -4.242978E-02  6.968752E+01  1.062431E+00  1.448183E+00  3.051732E+00  4.029669E-01
  9.300000E+03  1.448046E+01  1.290755E+01  7.197249E-02  6.953179E+01  6.953716E+01 -6.003249E-02  1.473630E-02 -6.003249E-02  6.954325E+01  7.014780E-02  1.473630E-02  7.014780E-02  6.951497E+01  1.048602E+00  1.438430E+00  2.923127E+00  3.732975E-01
  9.350000E+03  1.450176E+01  1.291953E+01  7.216622E-02  6.966146E+01  6.966467E+01 -1.232407E-02 -1.177772E-02 -1.232407E-02  6.966817E+01 -5.443515E-02 -1.177772E-02 -5.443515E-02  6.965153E+01  1.054815E+00  1.437703E+00  2.819761E+00  3.626995E-01
  9.400000E+03  1.450442E+01  1.292285E+01  7.145512E-02  6.952141E+01  6.936142E+01 -1.521661E-02  3.359811E-03 -1.521661E-02  6.947824E+01  2.329613E-02  3.359811E-03  2.329613E-02  6.972458E+01  1.054379E+00  1.430231E+00  3.200253E+00  3.850144E-01
  9.450000E+03  1.449968E+01  1.291758E+01  6.955515E-02  6.959373E+01  6.949405E+01 -1.582613E-01  4.644517E-02 -1.582613E-01  6.959968E+01 -4.647446E-02  4.644517E-02 -4.647446E-02  6.968748E+01  1.054733E+00  1.421159E+00  2.917392E+00  4.471790E-01
  9.500000E+03  1.449027E+01  1.290440E+01  7.130547E-02  6.967598E+01  6.952500E+01 -1.731759E-02  1.517849E-02 -1.731759E-02  6.978001E+01  2.099690E-02  1.517849E-02  2.099690E-02  6.972292E+01  1.057246E+00  1.432208E+00  2.887864E+00  3.921087E-01
  9.550000E+03  1.448208E+01  1.289607E+01  7.038346E-02  6.963374E+01  6.962880E+01  1.114012E-02 -7.544928E-02  1.114012E-02  6.959882E+01  9.649866E-02 -7.544928E-02  9.649866E-02  6.967361E+01  1.057340E+00  1.439606E+00  2.963495E+00  4.321446E-01
  9.600000E+03  1.450331E+01  1.291474E+01  7.305069E-02  6.959453E+01  6.960247E+01  7.444862E-02  8.799866E-03  7.444862E-02  6.966676E+01  1.573041E-03  8.799866E-03  1.573041E-03  6.951436E+01  1.059049E+00  1.439426E+00  3.257927E+00  4.210234E-01
  9.650000E+03  1.449636E+01  1.291505E+01  7.265449E-02  6.960322E+01  6.953633E+01  5.111917E-02 -4.955986E-02  5.111917E-02  6.965404E+01 -3.203296E-02 -4.955986E-02 -3.203296E-02  6.961928E+01  1.054209E+00  1.441537E+00  3.271500E+00  3.597356E-01
  9.700000E+03  1.450470E+01  1.292230E+01  7.644122E-02  6.946044E+01  6.932993E+01  7.526128E-03  1.872523E-02  7.526128E-03  6.940813E+01  2.682786E-03  1.872523E-02  2.682786E-03  6.964325E+01  1.054937E+00  1.455699E+00  3.160309E+00  3.396053E-01
  9.750000E+03  1.450825E+01  1.292199E+01  7.631411E-02  6.955059E+01  6.953795E+01 -1.954108E-02  7.872253E-02 -1.954108E-02  6.953333E+01 -9.243422E-02  7.872253E-02 -9.243422E-02  6.958049E+01  1.057505E+00  1.456642E+00  3.099626E+00  3.951427E-01
  9.800000E+03  1.449485E+01  1.292095E+01  7.485030E-02  6.962314E+01  6.961736E+01  2.621337E-02  8.232469E-03  2.621337E-02  6.965658E+01  1.518521E-02  8.232469E-03  1.518521E-02  6.959549E+01  1.049266E+00  1.437090E+00  3.419219E+00  4.124741E-01
  9.850000E+03  1.448652E+01  1.291444E+01  7.420443E-02  6.947020E+01  6.943511E+01 -2.937254E-02 -5.992751E-03 -2.937254E-02  6.955721E+01 -5.445574E-02 -5.992751E-03 -5.445574E-02  6.941829E+01  1.048055E+00  1.450989E+00  3.214505E+00  4.753228E-01
  9.900000E+03  1.451163E+01  1.292541E+01  7.483158E-02  6.961984E+01  6.954452E+01  1.705982E-02 -1.816289E-02  1.705982E-02  6.970224E+01  1.302342E-02 -1.816289E-02  1.302342E-02  6.961277E+01  1.057479E+00  1.450916E+00  3.145039E+00  4.185430E-01
  9.950000E+03  1.450226E+01  1.291990E+01  7.341773E-02  6.957595E+01  6.957643E+01 -4.977881E-02  8.692217E-02 -4.977881E-02  6.956094E+01 -4.490049E-02  8.692217E-02 -4.490049E-02  6.959047E+01  1.054910E+00  1.435418E+00  3.140294E+00  4.048585E-01
  1.000000E+04  1.449474E+01  1.290169E+01  7.216461E-02  6.961908E+01  6.972162E+01  1.055824E-01  2.432373E-02  1.055824E-01  6.950792E+01  3.965941E-02  2.432373E-02  3.965941E-02  6.962770E+01  1.062031E+00  1.442839E+00  2.953228E+00  2.849342E-01
  1.005000E+04  1.450574E+01  1.291666E+01  7.279268E-02  6.962321E+01  6.963478E+01  2.709840E-03 -4.282078E-02  2.709840E-03  6.955636E+01  4.155475E-02 -4.282078E-02  4.155475E-02  6.967850E+01  1.059385E+00  1.441472E+00  3.019533E+00  4.239316E-01
  1.010000E+04  1.450845E+01  1.292285E+01  7.273368E-02  6.951160E+01  6.946108E+01  7.129932E-02 -6.725600E-02  7.129932E-02  6.967322E+01 -2.025365E-02 -6.725600E-02 -2.025365E-02  6.940049E+01  1.057070E+00  1.441895E+00  3.080537E+00  4.018596E-01
  1.015000E+04  1.448679E+01  1.291414E+01  7.164664E-02  6.959743E+01  6.962150E+01 -6.476479E-02  8.337811E-02 -6.476479E-02  6.955255E+01 -6.919426E-03  8.337811E-02 -6.919426E-03  6.961824E+01  1.048438E+00  1.431266E+00  2.982420E+00  4.382297E-01
  1.020000E+04  1.449670E+01  1.290405E+01  7.268513E-02  6.964975E+01  6.966318E+01 -2.618083E-03 -6.664561E-02 -2.618083E-03  6.967929E+01  6.720449E-02 -6.664561E-02  6.720449E-02  6.960679E+01  1.061769E+00  1.440667E+00  3.017835E+00  4.081345E-01
  1.025000E+04  1.448799E+01  1.290371E+01  7.396796E-02  6.955322E+01  6.954288E+01  8.157699E-02 -9.753000E-03  8.157699E-02  6.951656E+01  4.541463E-02 -9.753000E-03  4.541463E-02  6.960021E+01  1.056184E+00  1.444764E+00  3.206893E+00  3.956658E-01
  1.030000E+04  1.449681E+01  1.291151E+01  7.336040E-02  6.957862E+01  6.957235E+01  8.132802E-02  2.147492E-02  8.132802E-02  6.949008E+01  9.261213E-02  2.147492E-02  9.261213E-02  6.967344E+01  1.056866E+00  1.445096E+00  2.887418E+00  4.902622E-01
  1.035000E+04  1.449947E+01  1.291018E+01  7.205684E-02  6.956155E+01  6.958186E+01 -1.279828E-03  8.382371E-02 -1.279828E-03  6.954176E+01 -1.165453E-01  8.382371E-02 -1.165453E-01  6.956102E+01  1.059526E+00  1.442379E+00  3.187706E+00  4.737570E-01
  1.040000E+04  1.450235E+01  1.291699E+01  7.437828E-02  6.955472E+01  6.965398E+01  1.493124E-02  1.047694E-02  1.493124E-02  6.953214E+01 -1.128544E-02  1.047694E-02 -1.128544E-02  6.947803E+01  1.056907E+00  1.452544E+00  3.090592E+00  4.547683E-01
  1.045000E+04  1.448761E+01  1.291223E+01  7.264972E-02  6.960840E+01  6.964257E+01 -4.302618E-02  6.763509E-02 -4.302618E-02  6.967194E+01 -9.475647E-04  6.763509E-02 -9.475647E-04  6.951068E+01  1.050254E+00  1.444029E+00  3.276608E+00  4.075410E-01
  1.050000E+04  1.449508E+01  1.290842E+01  6.863414E-02  6.954418E+01  6.956504E+01  4.631184E-03  1.218654E-02  4.631184E-03  6.953460E+01 -5.912382E-02  1.218654E-02 -5.912382E-02  6.953290E+01  1.057772E+00  1.424962E+00  3.116098E+00  3.916989E-01
  1.055000E+04  1.448519E+01  1.291165E+01  7.178553E-02  6.958273E+01  6.955619E+01 -4.984535E-02 -4.555727E-02 -4.984535E-02  6.959391E+01 -7.508927E-02 -4.555727E-02 -7.508927E-02  6.959811E+01  1.049030E+00  1.433674E+00  3.031844E+00  4.555504E-01
  1.060000E+04  1.450387E+01  1.291280E+01  7.469311E-02  6.955096E+01  6.962817E+01  1.160665E-01  6.614172E-02  1.160665E-01  6.946191E+01 -5.772516E-02  6.614172E-02 -5.772516E-02  6.956281E+01  1.060707E+00  1.449276E+00  3.124461E+00  4.482644E-01
  1.065000E+04  1.450014E+01  1.292044E+01  7.313453E-02  6.953881E+01  6.943382E+01 -7.208002E-02 -4.714308E-02 -7.208002E-02  6.964460E+01  1.401797E-02 -4.714308E-02  1.401797E-02  6.953802E+01  1.053128E+00  1.438231E+00  3.143591E+00  3.360401E-01
  1.070000E+04  1.450345E+01  1.292128E+01  7.358129E-02  6.956334E+01  6.947378E+01  1.092113E-01  3.313295E-02  1.092113E-01  6.964414E+01 -2.389104E-03  3.313295E-02 -2.389104E-03  6.957212E+01  1.054778E+00  1.449227E+00  2.984909E+00  4.517154E-01
  1.075000E+04  1.448259E+01  1.290381E+01  7.143411E-02  6.954628E+01  6.967353E+01 -1.786504E-02  1.055861E-02 -1.786504E-02  6.942541E+01  9.086317E-02  1.055861E-02  9.086317E-02  6.953990E+01  1.052520E+00  1.439479E+00  3.073320E+00  4.079264E-01
  1.080000E+04  1.448630E+01  1.290584E+01  7.272866E-02  6.961698E+01  6.964556E+01  2.275052E-02  1.158173E-02  2.275052E-02  6.962650E+01 -1.516289E-02  1.158173E-02 -1.516289E-02  6.957887E+01  1.053642E+00  1.440933E+00  2.973569E+00  4.161170E-01
  1.085000E+04  1.447864E+01  1.290358E+01  7.215737E-02  6.968120E+01  6.967022E+01 -9.116769E-02  1.031028E-01 -9.116769E-02  6.978678E+01 -4.163533E-02  1.031028E-01 -4.163533E-02  6.958660E+01  1.050040E+00  1.444570E+00  3.138568E+00  3.546269E-01
  1.090000E+04  1.452797E+01  1.292593E+01  7.623094E-02  6.950460E+01  6.953675E+01  8.253567E-02 -3.158868E-03  8.253567E-02  6.950567E+01  4.592103E-02 -3.158868E-03  4.592103E-02  6.947139E+01  1.068027E+00  1.454596E+00  3.007448E+00  4.004121E-01
  1.095000E+04  1.451473E+01  1.290821E+01  7.467637E-02  6.960446E+01  6.961192E+01  3.326937E-02  5.334343E-02  3.326937E-02  6.958726E+01 -6.651695E-02  5.334343E-02 -6.651695E-02  6.961421E+01  1.071014E+00  1.449435E+00  3.150554E+00  4.023195E-01
  1.100000E+04  1.449466E+01  1.291075E+01  7.223541E-02  6.953672E+01  6.949233E+01  3.568002E-02 -7.089942E-02  3.568002E-02  6.949324E+01 -1.901625E-02 -7.089942E-02 -1.901625E-02  6.962458E+01  1.055936E+00  1.431325E+00  3.286442E+00  3.838807E-01
  1.105000E+04  1.449804E+01  1.291493E+01  7.424044E-02  6.963662E+01  6.965431E+01  1.335682E-02  4.329145E-02  1.335682E-02  6.961541E+01  4.064342E-02  4.329145E-02  4.064342E-02  6.964015E+01  1.055404E+00  1.438144E+00  3.054523E+00  3.656922E-01
  1.110000E+04  1.449783E+01  1.291650E+01  7.475437E-02  6.952674E+01  6.957318E+01  8.967583E-02  1.063339E-01  8.967583E-02  6.948451E+01 -1.031360E-02  1.063339E-01 -1.031360E-02  6.952252E+01  1.054216E+00  1.455378E+00  3.054747E+00  3.847452E-01
  1.115000E+04  1.450380E+01  1.291865E+01  7.289704E-02  6.953077E+01  6.953799E+01  1.497568E-01  4.490448E-02  1.497568E-01  6.950102E+01  5.014125E-02  4.490448E-02  5.014125E-02  6.955331E+01  1.056768E+00  1.446692E+00  3.077800E+00  4.473738E-01
  1.120000E+04  1.448651E+01  1.291413E+01  7.280206E-02  6.965199E+01  6.968281E+01 -1.318541E-02 -1.131221E-01 -1.318541E-02  6.962198E+01  1.825524E-02 -1.131221E-01  1.825524E-02  6.965116E+01  1.048251E+00  1.442086E+00  3.015703E+00  4.442025E-01
  1.125000E+04  1.447707E+01  1.290562E+01  7.033486E-02  6.957948E+01  6.963349E+01 -7.074300E-02 -6.103739E-02 -7.074300E-02  6.961608E+01  2.732582E-02 -6.103739E-02  2.732582E-02  6.948887E+01  1.047638E+00  1.430162E+00  2.926893E+00  3.832682E-01
  1.130000E+04  1.450047E+01  1.290327E+01  7.386886E-02  6.965920E+01  6.981206E+01  3.148132E-02 -9.425316E-03  3.148132E-02  6.967634E+01 -5.160402E-02 -9.425316E-03 -5.160402E-02  6.948922E+01  1.064803E+00  1.449680E+00  3.353414E+00  4.276487E-01
  1.135000E+04  1.449479E+01  1.291354E+01  7.003163E-02  6.960159E+01  6.976443E+01  8.087971E-02  2.984340E-02  8.087971E-02  6.948972E+01 -2.504103E-02  2.984340E-02 -2.504103E-02  6.955063E+01  1.054171E+00  1.424975E+00  3.276508E+00  3.918273E-01
  1.140000E+04  1.451226E+01  1.291855E+01  7.549773E-02  6.955842E+01  6.963151E+01 -5.780295E-03  1.847905E-02 -5.780295E-03  6.952104E+01  9.258992E-02  1.847905E-02  9.258992E-02  6.952270E+01  1.062473E+00  1.451134E+00  3.073318E+00  3.529968E-01
  1.145000E+04  1.449090E+01  1.291696E+01  7.036026E-02  6.958424E+01  6.969633E+01 -2.331833E-02 -4.075141E-02 -2.331833E-02  6.945628E+01 -7.078508E-02 -4.075141E-02 -7.078508E-02  6.960011E+01  1.049292E+00  1.425638E+00  3.364997E+00  2.142684E-01
  1.150000E+04  1.450836E+01  1.292396E+01  7.523652E-02  6.958859E+01  6.944197E+01  6.613722E-02  5.537348E-02  6.613722E-02  6.967066E+01  3.260639E-02  5.537348E-02  3.260639E-02  6.965315E+01  1.056263E+00  1.450933E+00  3.242631E+00  4.037423E-01
  1.155000E+04  1.450103E+01  1.292676E+01  7.128097E-02  6.949853E+01  6.962727E+01  8.128208E-02  6.198728E-02  8.128208E-02  6.940485E+01 -2.528720E-03  6.198728E-02 -2.528720E-03  6.946348E+01  1.049512E+00  1.431034E+00  3.074985E+00  3.883428E-01
  1.160000E+04  1.452770E+01  1.293133E+01  7.146089E-02  6.960067E+01  6.966434E+01  5.316697E-02  1.732914E-02  5.316697E-02  6.957177E+01 -1.210296E-02  1.732914E-02 -1.210296E-02  6.956589E+01  1.064243E+00  1.431955E+00  3.461114E+00  3.062379E-01
  1.165000E+04  1.451242E+01  1.292417E+01  7.483826E-02  6.952955E+01  6.954567E+01  1.588474E-02  1.113677E-01  1.588474E-02  6.943436E+01  4.214203E-02  1.113677E-01  4.214203E-02  6.960862E+01  1.058829E+00  1.437021E+00  3.209375E+00  3.939931E-01
  1.170000E+04  1.449691E+01  1.291255E+01  6.818147E-02  6.955340E+01  6.948856E+01  6.102723E-02 -3.096717E-02  6.102723E-02  6.960737E+01  8.528384E-02 -3.096717E-02  8.528384E-02  6.956426E+01  1.056244E+00  1.425091E+00  3.148613E+00  4.520724E-01
  1.175000E+04  1.450351E+01  1.292415E+01  7.250627E-02  6.964400E+01  6.966596E+01 -1.489274E-02 -7.669339E-02 -1.489274E-02  6.966566E+01  9.642000E-02 -7.669339E-02  9.642000E-02  6.960037E+01  1.052903E+00  1.438748E+00  3.515193E+00  3.928530E-01
  1.180000E+04  1.448890E+01  1.291670E+01  7.210323E-02  6.963268E+01  6.954691E+01 -7.617177E-02 -1.718664E-02 -7.617177E-02  6.964547E+01  5.493548E-02 -1.718664E-02  5.493548E-02  6.970567E+01  1.048137E+00  1.438200E+00  2.962728E+00  3.813819E-01
  1.185000E+04  1.450398E+01  1.291656E+01  6.983660E-02  6.959528E+01  6.970861E+01 -1.046575E-02  4.205507E-02 -1.046575E-02  6.958508E+01  7.175307E-02  4.205507E-02  7.175307E-02  6.949214E+01  1.058279E+00  1.432839E+00  3.381859E+00  4.284527E-01
  1.190000E+04  1.450595E+01  1.292390E+01  7.271171E-02  6.970393E+01  6.965042E+01  3.181158E-02 -1.289128E-02  3.181158E-02  6.969995E+01 -3.613009E-02 -1.289128E-02 -3.613009E-02  6.976141E+01  1.054704E+00  1.431313E+00  3.036307E+00  2.988684E-01
  1.195000E+04  1.449224E+01  1.290364E+01  7.456908E-02  6.955090E+01  6.951763E+01  2.873796E-02  3.244974E-02  2.873796E-02  6.963338E+01  3.258445E-02  3.244974E-02  3.258445E-02  6.950170E+01  1.059068E+00  1.451230E+00  3.014308E+00  4.345267E-01
  1.200000E+04  1.450001E+01  1.291735E+01  7.462502E-02  6.948114E+01  6.940883E+01  9.709188E-02  6.722857E-03  9.709188E-02  6.950453E+01  7.688263E-02  6.722857E-03  7.688263E-02  6.953007E+01  1.055108E+00  1.447263E+00  3.318661E+00  3.967715E-01
  1.205000E+04  1.448131E+01  1.290326E+01  7.144056E-02  6.961102E+01  6.963870E+01 -1.251391E-02  2.051974E-02 -1.251391E-02  6.963138E+01 -3.432894E-03  2.051974E-02 -3.432894E-03  6.956297E+01  1.052036E+00  1.442330E+00  3.265710E+00  3.756921E-01
  1.210000E+04  1.450653E+01  1.291894E+01  7.358656E-02  6.960500E+01  6.956526E+01 -2.603789E-02 -1.541676E-02 -2.603789E-02  6.963704E+01 -2.450404E-02 -1.541676E-02 -2.450404E-02  6.961271E+01  1.058392E+00  1.439641E+00  3.142086E+00  3.935071E-01
  1.215000E+04  1.451615E+01  1.292121E+01  7.176643E-02  6.953653E+01  6.953929E+01 -2.676228E-02 -2.045777E-02 -2.676228E-02  6.955318E+01 -7.622381E-02 -2.045777E-02 -7.622381E-02  6.951713E+01  1.063293E+00  1.440778E+00  3.702871E+00  4.086090E-01
  1.220000E+04  1.450383E+01  1.290679E+01  7.305129E-02  6.961270E+01  6.952712E+01 -1.612288E-02 -5.221485E-02 -1.612288E-02  6.975246E+01  2.330463E-02 -5.221485E-02  2.330463E-02  6.955850E+01  1.064695E+00  1.439873E+00  2.886250E+00  3.784863E-01
  1.225000E+04  1.450511E+01  1.291951E+01  7.283146E-02  6.957218E+01  6.950128E+01  2.359889E-02 -2.822340E-03  2.359889E-02  6.960827E+01  4.434507E-02 -2.822340E-03  4.434507E-02  6.960699E+01  1.057062E+00  1.442656E+00  3.108890E+00  4.370407E-01
  1.230000E+04  1.450534E+01  1.291363E+01  7.376887E-02  6.945468E+01  6.941066E+01  4.362445E-02 -3.810740E-02  4.362445E-02  6.942733E+01 -7.622312E-03 -3.810740E-02 -7.622312E-03  6.952606E+01  1.061136E+00  1.440969E+00  3.091076E+00  4.669543E-01
  1.235000E+04  1.450819E+01  1.291498E+01  7.303758E-02  6.959401E+01  6.967711E+01 -3.542664E-02 -6.307747E-03 -3.542664E-02  6.961579E+01 -4.198802E-02 -6.307747E-03 -4.198802E-02  6.948913E+01  1.062141E+00  1.437870E+00  3.587572E+00  3.719033E-01
  1.240000E+04  1.448687E+01  1.289946E+01  7.040447E-02  6.958198E+01  6.964528E+01  4.146732E-02  2.872485E-02  4.146732E-02  6.957378E+01  4.788843E-02  2.872485E-02  4.788843E-02  6.952688E+01  1.058272E+00  1.433175E+00  3.320722E+00  4.289130E-01
  1.245000E+04  1.449940E+01  1.290957E+01  7.275408E-02  6.953457E+01  6.948378E+01 -1.502410E-01 -4.522423E-02 -1.502410E-01  6.957710E+01 -2.597816E-02 -4.522423E-02 -2.597816E-02  6.954283E+01  1.059888E+00  1.442770E+00  3.243072E+00  4.050338E-01
  1.250000E+04  1.449835E+01  1.291634E+01  7.468085E-02  6.948950E+01  6.945346E+01 -4.556824E-02  8.161321E-02 -4.556824E-02  6.955085E+01  4.651193E-02  8.161321E-02  4.651193E-02  6.946419E+01  1.054679E+00  1.439394E+00  3.234481E+00  4.430051E-01
  1.255000E+04  1.449087E+01  1.290991E+01  7.235877E-02  6.971004E+01  6.968013E+01  1.807944E-02 -1.040519E-01  1.807944E-02  6.966239E+01  5.289837E-03 -1.040519E-01  5.289837E-03  6.978761E+01  1.053970E+00  1.440003E+00  3.020753E+00  4.085099E-01
  1.260000E+04  1.449088E+01  1.291669E+01  7.534643E-02  6.958048E+01  6.967235E+01 -3.645439E-02 -8.526323E-03 -3.645439E-02  6.953876E+01  6.838847E-02 -8.526323E-03  6.838847E-02  6.953034E+01  1.049458E+00  1.447041E+00  3.248175E+00  3.678072E-01
  1.265000E+04  1.452310E+01  1.292409E+01  7.285905E-02  6.962546E+01  6.955535E+01  2.443507E-02 -1.276917E-01  2.443507E-02  6.968027E+01  3.630853E-02 -1.276917E-01  3.630853E-02  6.964076E+01  1.066004E+00  1.438834E+00  3.027694E+00  4.197274E-01
  1.270000E+04  1.449832E+01  1.290448E+01  7.197085E-02  6.964947E+01  6.971361E+01  8.236407E-02  2.045561E-02  8.236407E-02  6.962537E+01  1.417552E-02  2.045561E-02  1.417552E-02  6.960945E+01  1.062560E+00  1.439306E+00  3.126499E+00  4.181193E-01
  1.275000E+04  1.448103E+01  1.290536E+01  7.068762E-02  6.951099E+01  6.947420E+01 -5.166246E-02  9.254062E-02 -5.166246E-02  6.957367E+01  4.369874E-02  9.254062E-02  4.369874E-02  6.948510E+01  1.050446E+00  1.443605E+00  3.256515E+00  4.632099E-01
  1.280000E+04  1.451706E+01  1.291884E+01  7.366533E-02  6.957482E+01  6.959775E+01  1.607593E-01  8.061125E-03  1.607593E-01  6.947420E+01 -1.384270E-02  8.061125E-03 -1.384270E-02  6.965253E+01  1.065476E+00  1.445464E+00  3.119488E+00  3.879041E-01
  1.285000E+04  1.451910E+01  1.293032E+01  7.536978E-02  6.962310E+01  6.958028E+01 -8.360580E-02 -5.524831E-02 -8.360580E-02  6.965514E+01  1.770675E-02 -5.524831E-02  1.770675E-02  6.963389E+01  1.059181E+00  1.441038E+00  3.292023E+00  3.579316E-01
  1.290000E+04  1.449612E+01  1.291363E+01  7.193229E-02  6.961859E+01  6.964421E+01  4.762884E-03  2.279438E-02  4.762884E-03  6.964682E+01  2.348230E-02  2.279438E-02  2.348230E-02  6.956474E+01  1.054997E+00  1.435933E+00  2.984376E+00  3.751279E-01
  1.295000E+04  1.448602E+01  1.289961E+01  7.261883E-02  6.965516E+01  6.970133E+01 -6.763963E-02 -1.531182E-01 -6.763963E-02  6.969623E+01  9.010697E-03 -1.531182E-01  9.010697E-03  6.956792E+01  1.057606E+00  1.443553E+00  3.023296E+00  4.079495E-01
  1.300000E+04  1.451203E+01  1.292603E+01  7.474151E-02  6.958494E+01  6.970813E+01  9.227436E-02 -1.068219E-01  9.227436E-02  6.949493E+01 -1.186112E-01 -1.068219E-01 -1.186112E-01  6.955176E+01  1.057333E+00  1.447027E+00  3.058943E+00  4.499700E-01
  1.305000E+04  1.450492E+01  1.290501E+01  7.422944E-02  6.953020E+01  6.949048E+01  4.943567E-02  1.466010E-02  4.943567E-02  6.951970E+01  1.453131E-02  1.466010E-02  1.453131E-02  6.958042E+01  1.066610E+00  1.441357E+00  3.075881E+00  3.928363E-01
  1.310000E+04  1.450076E+01  1.291312E+01  7.193057E-02  6.950239E+01  6.948252E+01 -1.432193E-02 -3.043389E-02 -1.432193E-02  6.956437E+01  1.918272E-02 -3.043389E-02  1.918272E-02  6.946027E+01  1.058429E+00  1.436385E+00  3.175351E+00  3.930535E-01
  1.315000E+04  1.451289E+01  1.293066E+01  7.387768E-02  6.951254E+01  6.959847E+01 -6.544597E-02 -2.396176E-02 -6.544597E-02  6.945169E+01 -6.293385E-02 -2.396176E-02 -6.293385E-02  6.948747E+01  1.054817E+00  1.449397E+00  3.003413E+00  4.481563E-01
  1.320000E+04  1.450879E+01  1.292143E+01  7.275336E-02  6.958866E+01  6.954398E+01 -7.124395E-03 -4.143511E-02 -7.124395E-03  6.957297E+01  5.449536E-02 -4.143511E-02  5.449536E-02  6.964902E+01  1.058240E+00  1.445455E+00  2.957695E+00  4.505325E-01
  1.325000E+04  1.448152E+01  1.290186E+01  7.223967E-02  6.964250E+01  6.961250E+01 -6.432850E-02 -6.860015E-02 -6.432850E-02  6.960415E+01  7.566784E-02 -6.860015E-02  7.566784E-02  6.971086E+01  1.053105E+00  1.440638E+00  2.916620E+00  4.252532E-01
  1.330000E+04  1.451164E+01  1.291964E+01  7.454756E-02  6.950210E+01  6.942034E+01  2.479285E-02 -2.194732E-02  2.479285E-02  6.951259E+01 -1.879149E-02 -2.194732E-02 -1.879149E-02  6.957339E+01  1.061331E+00  1.443091E+00  3.199896E+00  4.153538E-01
  1.335000E+04  1.450865E+01  1.291618E+01  7.506238E-02  6.964447E+01  6.966979E+01  2.675639E-03 -2.771675E-02  2.675639E-03  6.966194E+01  1.143187E-02 -2.771675E-02  1.143187E-02  6.960168E+01  1.061647E+00  1.441919E+00  3.229135E+00  3.333013E-01
  1.340000E+04  1.452004E+01  1.292038E+01  7.271634E-02  6.955708E+01  6.957923E+01 -3.542423E-02 -1.730430E-03 -3.542423E-02  6.955209E+01 -5.043850E-02 -1.730430E-03 -5.043850E-02  6.953991E+01  1.066442E+00  1.437701E+00  3.019413E+00  3.327374E-01
  1.345000E+04  1.449643E+01  1.289785E+01  7.370248E-02  6.965052E+01  6.964478E+01  7.781551E-03  6.725918E-03  7.781551E-03  6.970655E+01  7.579297E-02  6.725918E-03  7.579297E-02  6.960024E+01  1.065718E+00  1.449577E+00  2.971721E+00  3.015898E-01
  1.350000E+04  1.450199E+01  1.292273E+01  7.122112E-02  6.969234E+01  6.973908E+01  3.975386E-02 -3.095851E-02  3.975386E-02  6.974686E+01  2.614972E-02 -3.095851E-02  2.614972E-02  6.959109E+01  1.052840E+00  1.435957E+00  2.988494E+00  4.126339E-01
  1.355000E+04  1.451550E+01  1.292481E+01  7.361566E-02  6.955684E+01  6.946530E+01 -8.621521E-04  9.771331E-02 -8.621521E-04  6.963096E+01 -1.109731E-02  9.771331E-02 -1.109731E-02  6.957427E+01  1.060454E+00  1.454644E+00  3.858864E+00  4.077455E-01
  1.360000E+04  1.450441E+01  1.292371E+01  7.514564E-02  6.965744E+01  6.961210E+01  1.424603E-04  1.025349E-01  1.424603E-04  6.959711E+01  9.966818E-03  1.025349E-01  9.966818E-03  6.976313E+01  1.053803E+00  1.438289E+00  3.182488E+00  3.740058E-01
  1.365000E+04  1.448556E+01  1.290783E+01  7.171028E-02  6.970764E+01  6.959301E+01  2.210267E-02  2.957391E-02  2.210267E-02  6.968319E+01 -2.538929E-03  2.957391E-02 -2.538929E-03  6.984671E+01  1.051818E+00  1.438766E+00  3.103932E+00  3.752604E-01
  1.370000E+04  1.449007E+01  1.291836E+01  7.283461E-02  6.962089E+01  6.957283E+01  5.360032E-02 -3.082204E-02  5.360032E-02  6.974719E+01 -1.637270E-02 -3.082204E-02 -1.637270E-02  6.954267E+01  1.047811E+00  1.429513E+00  3.117974E+00  4.152366E-01
  1.375000E+04  1.450043E+01  1.291754E+01  7.055558E-02  6.946386E+01  6.944085E+01 -1.396824E-02  1.212217E-03 -1.396824E-02  6.958185E+01  9.471273E-03  1.212217E-03  9.471273E-03  6.936887E+01  1.055260E+00  1.431181E+00  3.051898E+00  3.651536E-01
  1.380000E+04  1.449310E+01  1.291121E+01  7.104699E-02  6.962300E+01  6.969717E+01 -4.292345E-02 -7.039852E-02 -4.292345E-02  6.962674E+01  9.122971E-02 -7.039852E-02  9.122971E-02  6.954510E+01  1.054595E+00  1.428427E+00  2.794599E+00  4.001257E-01
  1.385000E+04  1.449437E+01  1.291379E+01  7.328607E-02  6.968747E+01  6.969481E+01  1.101295E-01 -8.142933E-02  1.101295E-01  6.959975E+01 -6.065539E-02 -8.142933E-02 -6.065539E-02  6.976785E+01  1.053722E+00  1.442357E+00  3.120921E+00  3.910750E-01
  1.390000E+04  1.450088E+01  1.291219E+01  7.294334E-02  6.961112E+01  6.956369E+01 -1.359755E-01  1.480973E-02 -1.359755E-01  6.963703E+01  2.042046E-02  1.480973E-02  2.042046E-02  6.963265E+01  1.059126E+00  1.438765E+00  2.851133E+00  3.582880E-01
  1.395000E+04  1.448907E+01  1.290669E+01  7.075619E-02  6.965331E+01  6.955365E+01 -3.042601E-02  1.446436E-01 -3.042601E-02  6.968241E+01  4.892373E-03  1.446436E-01  4.892373E-03  6.972387E+01  1.054916E+00  1.429089E+00  3.120791E+00  3.776696E-01
  1.400000E+04  1.451297E+01  1.292537E+01  7.393497E-02  6.960747E+01  6.973968E+01  7.005899E-02 -8.839574E-03  7.005899E-02  6.958457E+01  2.375040E-02 -8.839574E-03  2.375040E-02  6.949818E+01  1.058404E+00  1.439973E+00  3.190274E+00  4.705893E-01
  1.405000E+04  1.449766E+01  1.291920E+01  6.947231E-02  6.960537E+01  6.959724E+01 -8.992394E-05 -6.653408E-02 -8.992394E-05  6.968249E+01 -9.145770E-02 -6.653408E-02 -9.145770E-02  6.953637E+01  1.052311E+00  1.428902E+00  2.967909E+00  4.285778E-01
  1.410000E+04  1.449877E+01  1.291235E+01  7.436834E-02  6.942488E+01  6.941504E+01 -3.794714E-02 -1.474430E-01 -3.794714E-02  6.930219E+01  8.278056E-03 -1.474430E-01  8.278056E-03  6.955742E+01  1.057613E+00  1.445780E+00  3.474802E+00  3.836955E-01
  1.415000E+04  1.449185E+01  1.291542E+01  7.511158E-02  6.953211E+01  6.954728E+01 -3.198750E-02  4.136349E-03 -3.198750E-02  6.952573E+01  6.385203E-02  4.136349E-03  6.385203E-02  6.952332E+01  1.050957E+00  1.450214E+00  3.502033E+00  4.460667E-01
  1.420000E+04  1.449403E+01  1.291386E+01  7.219110E-02  6.957554E+01  6.949067E+01 -2.324880E-02  4.493660E-02 -2.324880E-02  6.961468E+01  2.922831E-02  4.493660E-02  2.922831E-02  6.962126E+01  1.053449E+00  1.436892E+00  3.236172E+00  3.343467E-01
  1.425000E+04  1.451521E+01  1.292501E+01  7.192147E-02  6.953777E+01  6.953755E+01 -6.083107E-02 -8.371596E-03 -6.083107E-02  6.946049E+01  5.762835E-02 -8.371596E-03  5.762835E-02  6.961526E+01  1.060137E+00  1.440397E+00  2.947799E+00  4.596315E-01
  1.430000E+04  1.449471E+01  1.290884E+01  7.541608E-02  6.960501E+01  6.964070E+01 -1.152425E-01 -7.239197E-02 -1.152425E-01  6.948572E+01 -7.453742E-03 -7.239197E-02 -7.453742E-03  6.968859E+01  1.057246E+00  1.453047E+00  3.224086E+00  4.163961E-01
  1.435000E+04  1.451047E+01  1.292975E+01  7.155914E-02  6.953353E+01  6.953525E+01  3.254080E-02 -9.506288E-02  3.254080E-02  6.938804E+01 -6.041436E-02 -9.506288E-02 -6.041436E-02  6.967729E+01  1.053811E+00  1.428625E+00  3.040673E+00  3.737179E-01
  1.440000E+04  1.449972E+01  1.291763E+01  7.007944E-02  6.957252E+01  6.947064E+01 -4.536447E-03  9.302545E-03 -4.536447E-03  6.965671E+01 -7.288846E-02  9.302545E-03 -7.288846E-02  6.959021E+01  1.054724E+00  1.423948E+00  3.409955E+00  4.017252E-01
  1.445000E+04  1.449533E+01  1.291978E+01  7.195254E-02  6.965954E+01  6.969039E+01  4.178962E-02 -3.337684E-03  4.178962E-02  6.958339E+01 -1.591065E-02 -3.337684E-03 -1.591065E-02  6.970483E+01  1.050367E+00  1.441376E+00  3.437856E+00  4.322202E-01
  1.450000E+04  1.450643E+01  1.291215E+01  7.107546E-02  6.966548E+01  6.971315E+01  6.586729E-02  8.741021E-02  6.586729E-02  6.954328E+01  5.606324E-02  8.741021E-02  5.606324E-02  6.974002E+01  1.062855E+00  1.445368E+00  3.051758E+00  3.958673E-01
  1.455000E+04  1.449153E+01  1.291221E+01  7.066881E-02  6.958929E+01  6.960150E+01  3.152376E-02 -1.622680E-02  3.152376E-02  6.941840E+01  1.268185E-02 -1.622680E-02  1.268185E-02  6.974797E+01  1.052879E+00  1.423671E+00  3.222557E+00  4.068018E-01
  1.460000E+04  1.450106E+01  1.292205E+01  7.211866E-02  6.962726E+01  6.971430E+01  5.459263E-02 -1.033266E-01  5.459263E-02  6.962530E+01 -7.818426E-02 -1.033266E-01 -7.818426E-02  6.954217E+01  1.052673E+00  1.444707E+00  3.012231E+00  4.319314E-01
  1.465000E+04  1.450830E+01  1.292656E+01  7.296189E-02  6.954010E+01  6.960457E+01 -3.253233E-02  4.425299E-03 -3.253233E-02  6.950634E+01  3.785910E-02  4.425299E-03  3.785910E-02  6.950940E+01  1.054489E+00  1.442987E+00  3.245063E+00  4.532219E-01
  1.470000E+04  1.450961E+01  1.291532E+01  7.240785E-02  6.967213E+01  6.969265E+01  1.906466E-02  4.501377E-02  1.906466E-02  6.961785E+01  3.090366E-02  4.501377E-02  3.090366E-02  6.970588E+01  1.062858E+00  1.444542E+00  3.082257E+00  3.725906E-01
  1.475000E+04  1.450313E+01  1.292208E+01  7.195520E-02  6.959454E+01  6.954935E+01  2.133764E-03 -2.982917E-02  2.133764E-03  6.970039E+01 -1.944700E-02 -2.982917E-02 -1.944700E-02  6.953388E+01  1.054037E+00  1.442841E+00  3.035173E+00  4.647894E-01
  1.480000E+04  1.448664E+01  1.291091E+01  7.059231E-02  6.950933E+01  6.939467E+01 -8.571316E-02  2.263633E-02 -8.571316E-02  6.948815E+01  2.637168E-02  2.263633E-02  2.637168E-02  6.964516E+01  1.050488E+00  1.426188E+00  3.328150E+00  3.242139E-01
  1.485000E+04  1.449162E+01  1.290884E+01  6.863282E-02  6.953793E+01  6.964970E+01  8.607227E-03 -1.053538E-02  8.607227E-03  6.952955E+01  1.425858E-02 -1.053538E-02  1.425858E-02  6.943455E+01  1.055187E+00  1.416052E+00  3.022126E+00  4.089957E-01
  1.490000E+04  1.449670E+01  1.291512E+01  7.380185E-02  6.957447E+01  6.949711E+01  3.883428E-02  6.541814E-02  3.883428E-02  6.960980E+01  9.405270E-02  6.541814E-02  9.405270E-02  6.961650E+01  1.054386E+00  1.445619E+00  3.457365E+00  3.850575E-01
  1.495000E+04  1.450820E+01  1.291910E+01  7.348884E-02  6.958971E+01  6.959153E+01 -3.507290E-03  2.529881E-02 -3.507290E-03  6.951602E+01 -1.703019E-02  2.529881E-02 -1.703019E-02  6.966157E+01  1.059399E+00  1.441580E+00  2.976773E+00  4.084596E-01
  1.500000E+04  1.449973E+01  1.292272E+01  7.018305E-02  6.957932E+01  6.948243E+01 -6.585159E-02 -6.598663E-02 -6.585159E-02  6.964948E+01  6.242536E-02 -6.598663E-02  6.242536E-02  6.960605E+01  1.051340E+00  1.427529E+00  3.190937E+00  4.040956E-01
