#         time      en-total      pe-total      be-total      pressure          s_xx          s_xy          s_xz          s_yx          s_yy          s_yz          s_zx          s_zy          s_zz   temperature     bndlen-av    bndlen-max    bndlen-min
  0.000000E+00  1.499590E+01  1.340873E+01  2.992803E-01  7.009561E+01  7.005854E+01  1.572517E-01  1.657627E-02  1.572517E-01  7.012016E+01  1.321914E-02  1.657627E-02  1.321914E-02  7.010813E+01  1.058112E+00  1.453081E+00  3.498345E+00  3.126792E-01
  5.000000E+01  1.497898E+01  1.339190E+01  3.025960E-01  7.001998E+01  7.010225E+01 -2.443767E-02  4.538631E-02 -2.443767E-02  6.999421E+01  4.489098E-02  4.538631E-02  4.489098E-02  6.996349E+01  1.058047E+00  1.458802E+00  3.304877E+00  3.411316E-01
  1.000000E+02  1.497473E+01  1.338555E+01  2.996493E-01  7.011226E+01  7.009310E+01  1.467145E-02 -5.072085E-03  1.467145E-02  7.021070E+01 -1.171850E-02 -5.072085E-03 -1.171850E-02  7.003297E+01  1.059453E+00  1.454855E+00  3.228790E+00  3.728250E-01
  1.500000E+02  1.498654E+01  1.339323E+01  3.024564E-01  7.009191E+01  7.013103E+01 -1.337011E-01 -4.650852E-02 -1.337011E-01  7.015079E+01  2.108303E-03 -4.650852E-02  2.108303E-03  6.999390E+01  1.062205E+00  1.457487E+00  3.206780E+00  3.711021E-01
  2.000000E+02  1.497187E+01  1.337696E+01  2.990839E-01  7.011191E+01  7.021606E+01 -3.686733E-02 -3.105002E-02 -3.686733E-02  7.004147E+01 -4.311309E-03 -3.105002E-02 -4.311309E-03  7.007819E+01  1.063271E+00  1.451663E+00  3.333355E+00  3.171897E-01
  2.500000E+02  1.496233E+01  1.337775E+01  3.011618E-01  7.006374E+01  7.006479E+01  1.032164E-01 -3.678085E-02  1.032164E-01  7.021198E+01 -5.767181E-02 -3.678085E-02 -5.767181E-02  6.991446E+01  1.056389E+00  1.452744E+00  3.182504E+00  3.375004E-01
  3.000000E+02  1.498270E+01  1.338931E+01  3.023324E-01  7.021604E+01  7.014564E+01  8.165629E-02  6.345648E-03  8.165629E-02  7.029388E+01 -6.176236E-02  6.345648E-03 -6.176236E-02  7.020858E+01  1.062264E+00  1.453894E+00  3.297043E+00  3.707340E-01
  3.500000E+02  1.498038E+01  1.339108E+01  3.033260E-01  7.013279E+01  7.015812E+01  1.090761E-01  6.239246E-02  1.090761E-01  7.009002E+01  6.770606E-02  6.239246E-02  6.770606E-02  7.015024E+01  1.059535E+00  1.457429E+00  3.278447E+00  3.129176E-01
  4.000000E+02  1.498621E+01  1.339517E+01  3.061958E-01  6.999369E+01  7.002811E+01  1.525163E-01 -1.516150E-04  1.525163E-01  6.993828E+01 -2.654065E-02 -1.516150E-04 -2.654065E-02  7.001469E+01  1.060692E+00  1.460671E+00  3.202489E+00  3.691224E-01
  4.500000E+02  1.498244E+01  1.339273E+01  3.007118E-01  7.008610E+01  7.011537E+01  7.092425E-02 -6.466543E-02  7.092425E-02  7.018054E+01 -1.301522E-02 -6.466543E-02 -1.301522E-02  6.996238E+01  1.059807E+00  1.452776E+00  3.533771E+00  3.435605E-01
  5.000000E+02  1.497667E+01  1.338327E+01  2.980185E-01  7.007810E+01  6.996343E+01  2.014234E-02 -5.487122E-02  2.014234E-02  7.018408E+01 -8.870619E-02 -5.487122E-02 -8.870619E-02  7.008678E+01  1.062263E+00  1.454766E+00  3.317386E+00  3.209124E-01
  5.500000E+02  1.499552E+01  1.339201E+01  3.053769E-01  7.014570E+01  7.007714E+01  6.189865E-03  1.616755E-02  6.189865E-03  7.024754E+01  9.597915E-03  1.616755E-02  9.597915E-03  7.011242E+01  1.069010E+00  1.461768E+00  3.574380E+00  3.041811E-01
  6.000000E+02  1.497741E+01  1.339293E+01  2.990220E-01  7.008196E+01  6.999008E+01  8.115339E-02 -4.634278E-02  8.115339E-02  7.006022E+01 -2.588145E-02 -4.634278E-02 -2.588145E-02  7.019558E+01  1.056316E+00  1.450464E+00  3.232841E+00  3.718467E-01
  6.500000E+02  1.499220E+01  1.339139E+01  3.060783E-01  7.010699E+01  7.024012E+01  4.123530E-02 -1.327397E-02  4.123530E-02  7.003054E+01 -1.054817E-01 -1.327397E-02 -1.054817E-01  7.005032E+01  1.067203E+00  1.460543E+00  3.458075E+00  3.974786E-01
  7.000000E+02  1.498290E+01  1.339144E+01  2.906141E-01  7.018348E+01  7.006580E+01 -4.011340E-02 -2.097022E-02 -4.011340E-02  7.025598E+01  1.897381E-02 -2.097022E-02  1.897381E-02  7.022867E+01  1.060976E+00  1.442212E+00  3.546083E+00  3.574329E-01
  7.500000E+02  1.497751E+01  1.338574E+01  3.053494E-01  7.004658E+01  6.992687E+01 -3.312126E-02 -5.269036E-02 -3.312126E-02  7.009693E+01  1.662123E-02 -5.269036E-02  1.662123E-02  7.011594E+01  1.061177E+00  1.462303E+00  3.323831E+00  2.574624E-01
  8.000000E+02  1.498247E+01  1.339259E+01  3.004105E-01  6.998293E+01  6.992088E+01 -8.106037E-02 -6.215440E-03 -8.106037E-02  7.004626E+01 -1.745675E-01 -6.215440E-03 -1.745675E-01  6.998164E+01  1.059922E+00  1.452266E+00  3.604419E+00  3.431396E-01
  8.500000E+02  1.495468E+01  1.337426E+01  3.022815E-01  7.012104E+01  7.018874E+01 -1.061784E-01  7.121668E-03 -1.061784E-01  6.996476E+01  7.244509E-02  7.121668E-03  7.244509E-02  7.020961E+01  1.053614E+00  1.453528E+00  3.313533E+00  3.437338E-01
  9.000000E+02  1.498276E+01  1.339143E+01  2.978770E-01  7.009411E+01  7.005333E+01 -7.240142E-02 -2.381070E-02 -7.240142E-02  7.009237E+01 -1.345468E-02 -2.381070E-02 -1.345468E-02  7.013662E+01  1.060888E+00  1.449267E+00  3.689791E+00  2.582731E-01
  9.500000E+02  1.497374E+01  1.339371E+01  2.992020E-01  7.001286E+01  6.987823E+01 -5.048349E-02  1.112479E-02 -5.048349E-02  7.007569E+01  1.766388E-02  1.112479E-02  1.766388E-02  7.008466E+01  1.053355E+00  1.453432E+00  3.243211E+00  4.085648E-01
  1.000000E+03  1.499502E+01  1.339926E+01  3.033070E-01  7.009869E+01  7.010413E+01 -4.707332E-02 -2.484673E-02 -4.707332E-02  7.004216E+01  8.093964E-02 -2.484673E-02  8.093964E-02  7.014979E+01  1.063843E+00  1.455050E+00  3.310681E+00  4.076173E-01
  1.050000E+03  1.498282E+01  1.339548E+01  2.980836E-01  7.015198E+01  7.019020E+01 -1.627604E-03 -2.685719E-03 -1.627604E-03  7.013126E+01  3.955683E-02 -2.685719E-03  3.955683E-02  7.013448E+01  1.058225E+00  1.456051E+00  3.941461E+00  3.831203E-01
  1.100000E+03  1.496876E+01  1.338945E+01  3.040825E-01  7.020920E+01  7.009294E+01  4.401918E-02 -1.136450E-01  4.401918E-02  7.024615E+01 -4.774630E-02 -1.136450E-01 -4.774630E-02  7.028851E+01  1.052872E+00  1.462076E+00  3.432243E+00  3.542228E-01
  1.150000E+03  1.497774E+01  1.340024E+01  3.055296E-01  6.998856E+01  6.995429E+01 -8.857638E-03  3.557782E-02 -8.857638E-03  6.992454E+01  3.587685E-02  3.557782E-02  3.587685E-02  7.008686E+01  1.051665E+00  1.459687E+00  3.571705E+00  3.769727E-01
  1.200000E+03  1.497935E+01  1.338392E+01  3.001556E-01  7.000615E+01  6.991720E+01  5.777364E-02 -1.532098E-02  5.777364E-02  7.007718E+01 -6.336417E-02 -1.532098E-02 -6.336417E-02  7.002406E+01  1.063616E+00  1.453877E+00  3.621415E+00  3.286216E-01
  1.250000E+03  1.498828E+01  1.339246E+01  3.056511E-01  7.006832E+01  7.008678E+01  7.989194E-02 -5.962606E-02  7.989194E-02  7.005306E+01 -3.286739E-03 -5.962606E-02 -3.286739E-03  7.006511E+01  1.063875E+00  1.461146E+00  3.108923E+00  4.288067E-01
  1.300000E+03  1.498071E+01  1.337467E+01  2.985395E-01  7.011849E+01  7.016410E+01  2.444890E-02 -6.009088E-02  2.444890E-02  7.004357E+01 -1.064379E-01 -6.009088E-02 -1.064379E-01  7.014779E+01  1.070698E+00  1.455828E+00  3.818695E+00  3.631703E-01
  1.350000E+03  1.501034E+01  1.341564E+01  3.092867E-01  7.012315E+01  7.008006E+01  1.031582E-02 -6.246098E-03  1.031582E-02  7.028316E+01 -6.871116E-03 -6.246098E-03 -6.871116E-03  7.000624E+01  1.063138E+00  1.461374E+00  3.374384E+00  3.567053E-01
  1.400000E+03  1.497925E+01  1.338768E+01  3.014372E-01  7.010618E+01  7.015622E+01 -1.633382E-02 -1.051513E-01 -1.633382E-02  7.004841E+01  6.214439E-02 -1.051513E-01  6.214439E-02  7.011392E+01  1.061044E+00  1.456857E+00  3.458763E+00  3.571337E-01
  1.450000E+03  1.500263E+01  1.341782E+01  3.013937E-01  7.002080E+01  7.002157E+01 -3.136987E-02  2.641507E-02 -3.136987E-02  7.002714E+01 -1.493535E-02  2.641507E-02 -1.493535E-02  7.001368E+01  1.056543E+00  1.461048E+00  3.445354E+00  3.375848E-01
  1.500000E+03  1.496348E+01  1.338723E+01  3.041731E-01  7.006565E+01  7.006186E+01  2.506002E-02  3.775226E-02  2.506002E-02  7.000985E+01  5.339209E-02  3.775226E-02  5.339209E-02  7.012526E+01  1.050834E+00  1.457169E+00  3.225781E+00  3.655451E-01
  1.550000E+03  1.495576E+01  1.337424E+01  2.975365E-01  7.008202E+01  7.007292E+01 -9.424210E-02 -1.917464E-02 -9.424210E-02  7.026086E+01  6.147546E-02 -1.917464E-02  6.147546E-02  6.991227E+01  1.054345E+00  1.451872E+00  3.520494E+00  3.720718E-01
  1.600000E+03  1.498810E+01  1.338729E+01  2.971826E-01  7.016668E+01  7.015928E+01  8.753943E-02  2.226671E-02  8.753943E-02  7.013262E+01 -2.539542E-02  2.226671E-02 -2.539542E-02  7.020813E+01  1.067203E+00  1.453660E+00  3.524764E+00  2.974601E-01
  1.650000E+03  1.498169E+01  1.339321E+01  2.994207E-01  7.000538E+01  7.003092E+01 -4.270952E-02  1.515687E-02 -4.270952E-02  7.007089E+01  6.002603E-02  1.515687E-02  6.002603E-02  6.991432E+01  1.058987E+00  1.455774E+00  3.006014E+00  3.830012E-01
  1.700000E+03  1.499226E+01  1.338824E+01  3.013826E-01  7.007431E+01  7.006186E+01  7.335389E-02 -5.522165E-02  7.335389E-02  7.008875E+01  2.377406E-02 -5.522165E-02  2.377406E-02  7.007234E+01  1.069345E+00  1.454236E+00  3.330546E+00  3.510421E-01
  1.750000E+03  1.497261E+01  1.337963E+01  2.984249E-01  7.012762E+01  7.012409E+01  4.558719E-02  4.142213E-02  4.558719E-02  7.020280E+01  7.251090E-02  4.142213E-02  7.251090E-02  7.005597E+01  1.061981E+00  1.452208E+00  3.457506E+00  3.491462E-01
  1.800000E+03  1.498859E+01  1.340397E+01  3.021606E-01  7.009701E+01  7.008959E+01  1.771628E-03 -1.559474E-02  1.771628E-03  7.018130E+01  3.935755E-03 -1.559474E-02  3.935755E-03  7.002015E+01  1.056419E+00  1.455176E+00  3.265296E+00  3.931141E-01
  1.850000E+03  1.500811E+01  1.340925E+01  3.069757E-01  7.009502E+01  7.017379E+01  2.512192E-02 -6.862032E-03  2.512192E-02  7.014086E+01  4.648169E-02 -6.862032E-03  4.648169E-02  6.997042E+01  1.065904E+00  1.459849E+00  3.524880E+00  3.568863E-01
  1.900000E+03  1.500803E+01  1.340959E+01  2.998558E-01  6.997082E+01  7.008730E+01 -5.488266E-02  4.985041E-02 -5.488266E-02  6.991517E+01  4.055140E-02  4.985041E-02  4.055140E-02  6.990999E+01  1.065627E+00  1.456659E+00  3.221248E+00  3.640261E-01
  1.950000E+03  1.498161E+01  1.338935E+01  2.978987E-01  7.019213E+01  7.009227E+01 -1.444624E-02 -5.524747E-02 -1.444624E-02  7.029738E+01  1.810228E-02 -5.524747E-02  1.810228E-02  7.018675E+01  1.061503E+00  1.451171E+00  3.274678E+00  2.661333E-01
  2.000000E+03  1.498036E+01  1.339669E+01  3.022466E-01  7.009587E+01  7.012083E+01  6.138705E-02 -3.895243E-02  6.138705E-02  7.013412E+01 -1.008590E-02 -3.895243E-02 -1.008590E-02  7.003265E+01  1.055776E+00  1.454068E+00  3.299872E+00  3.961405E-01
  2.050000E+03  1.498537E+01  1.338423E+01  3.001512E-01  6.999163E+01  7.005316E+01 -2.796057E-02 -5.290185E-02 -2.796057E-02  7.004254E+01 -2.306220E-02 -5.290185E-02 -2.306220E-02  6.987918E+01  1.067425E+00  1.453840E+00  3.399936E+00  3.098746E-01
  2.100000E+03  1.498542E+01  1.338701E+01  3.055658E-01  7.010214E+01  6.998751E+01  1.425533E-01  9.466060E-02  1.425533E-01  7.020741E+01  4.041650E-02  9.466060E-02  4.041650E-02  7.011151E+01  1.065602E+00  1.457932E+00  3.143047E+00  3.125809E-01
  2.150000E+03  1.500950E+01  1.341115E+01  3.078787E-01  7.008462E+01  7.000672E+01 -5.270603E-02 -1.277140E-01 -5.270603E-02  7.021848E+01 -1.036584E-01 -1.277140E-01 -1.036584E-01  7.002868E+01  1.065569E+00  1.460441E+00  3.440236E+00  3.016180E-01
  2.200000E+03  1.500026E+01  1.340231E+01  3.027628E-01  7.011993E+01  7.023493E+01  5.710519E-03 -2.342047E-02  5.710519E-03  7.009489E+01 -5.070956E-02 -2.342047E-02 -5.070956E-02  7.002996E+01  1.065301E+00  1.454587E+00  3.441050E+00  3.078708E-01
  2.250000E+03  1.499950E+01  1.340559E+01  3.005785E-01  7.010484E+01  7.003749E+01 -2.908224E-02  6.211988E-02 -2.908224E-02  7.022637E+01  1.148046E-01  6.211988E-02  1.148046E-01  7.005066E+01  1.062607E+00  1.448388E+00  3.289301E+00  4.192116E-01
  2.300000E+03  1.497461E+01  1.340002E+01  3.039471E-01  7.014882E+01  7.011281E+01 -3.522094E-02  2.173645E-03 -3.522094E-02  7.015173E+01  2.017606E-02  2.173645E-03  2.017606E-02  7.018192E+01  1.049726E+00  1.462327E+00  3.382130E+00  3.932637E-01
  2.350000E+03  1.497162E+01  1.337794E+01  2.962976E-01  7.020353E+01  7.013469E+01  6.289227E-02  9.581337E-03  6.289227E-02  7.028944E+01  1.278243E-02  9.581337E-03  1.278243E-02  7.018646E+01  1.062459E+00  1.448549E+00  3.195703E+00  3.786025E-01
  2.400000E+03  1.498958E+01  1.338842E+01  3.022494E-01  7.008324E+01  7.008607E+01 -3.511827E-02 -1.173458E-01 -3.511827E-02  7.013467E+01  9.402835E-02 -1.173458E-01  9.402835E-02  7.002898E+01  1.067440E+00  1.457254E+00  3.522863E+00  3.376397E-01
  2.450000E+03  1.498282E+01  1.338457E+01  2.975651E-01  7.011607E+01  7.024081E+01 -2.644220E-03 -4.148666E-02 -2.644220E-03  7.014001E+01  4.500417E-03 -4.148666E-02  4.500417E-03  6.996738E+01  1.065495E+00  1.448295E+00  3.461781E+00  3.505516E-01
  2.500000E+03  1.495364E+01  1.338222E+01  2.972224E-01  7.003207E+01  7.007412E+01 -1.197424E-01  5.873212E-02 -1.197424E-01  7.004052E+01  1.646102E-02  5.873212E-02  1.646102E-02  6.998156E+01  1.047613E+00  1.448786E+00  3.297657E+00  3.410623E-01
  2.550000E+03  1.500322E+01  1.339701E+01  2.962770E-01  7.014245E+01  7.004291E+01 -5.520574E-02 -8.411749E-02 -5.520574E-02  7.026331E+01 -2.163197E-02 -8.411749E-02 -2.163197E-02  7.012113E+01  1.070806E+00  1.449029E+00  3.115096E+00  3.222881E-01
  2.600000E+03  1.497791E+01  1.338469E+01  2.976530E-01  7.007464E+01  7.015454E+01  1.613470E-01  1.082755E-02  1.613470E-01  7.012815E+01  3.132311E-02  1.082755E-02  3.132311E-02  6.994122E+01  1.062146E+00  1.446038E+00  3.271373E+00  3.485775E-01
  2.650000E+03  1.495946E+01  1.337943E+01  2.994596E-01  7.018376E+01  7.007754E+01  1.942772E-03  2.457503E-02  1.942772E-03  7.022473E+01 -6.339458E-03  2.457503E-02 -6.339458E-03  7.024901E+01  1.053354E+00  1.456906E+00  3.565493E+00  3.473195E-01
  2.700000E+03  1.497404E+01  1.337960E+01  2.931708E-01  7.002872E+01  7.004870E+01  3.769551E-02 -2.871212E-02  3.769551E-02  6.996774E+01  5.133657E-02 -2.871212E-02  5.133657E-02  7.006972E+01  1.062959E+00  1.448179E+00  3.407051E+00  4.329198E-01
  2.750000E+03  1.498380E+01  1.339254E+01  3.018708E-01  7.010551E+01  7.010760E+01  1.174663E-02 -1.491273E-02  1.174663E-02  7.004963E+01 -2.888428E-02 -1.491273E-02 -2.888428E-02  7.015932E+01  1.060838E+00  1.453440E+00  3.468104E+00  3.954027E-01
  2.800000E+03  1.498140E+01  1.339007E+01  2.951151E-01  7.010449E+01  7.017226E+01 -4.314203E-03 -4.413029E-02 -4.314203E-03  6.996859E+01 -6.122240E-02 -4.413029E-02 -6.122240E-02  7.017261E+01  1.060891E+00  1.448732E+00  3.574166E+00  4.155571E-01
  2.850000E+03  1.496963E+01  1.337815E+01  3.040893E-01  7.013530E+01  7.010519E+01 -3.885720E-02 -4.765134E-02 -3.885720E-02  7.012240E+01  8.235945E-02 -4.765134E-02  8.235945E-02  7.017831E+01  1.060986E+00  1.461594E+00  3.139199E+00  3.566914E-01
  2.900000E+03  1.498545E+01  1.338394E+01  2.982896E-01  7.009903E+01  7.008389E+01  1.330464E-01  1.381876E-01  1.330464E-01  7.007792E+01 -5.094515E-02  1.381876E-01 -5.094515E-02  7.013528E+01  1.067676E+00  1.453824E+00  3.516834E+00  2.634545E-01
  2.950000E+03  1.498556E+01  1.338737E+01  3.070539E-01  6.999507E+01  6.996088E+01 -4.333329E-02  2.680669E-02 -4.333329E-02  6.996968E+01  1.661539E-02  2.680669E-02  1.661539E-02  7.005464E+01  1.065465E+00  1.463641E+00  3.162386E+00  4.081045E-01
  3.000000E+03  1.497352E+01  1.338521E+01  2.987856E-01  7.007246E+01  7.001742E+01  1.493810E-02 -6.504796E-02  1.493810E-02  7.005260E+01 -1.021023E-01 -6.504796E-02 -1.021023E-01  7.014737E+01  1.058875E+00  1.449860E+00  3.241820E+00  3.105611E-01
  3.050000E+03  1.500145E+01  1.340755E+01  3.064098E-01  7.009616E+01  7.001216E+01  1.677685E-02 -3.890361E-02  1.677685E-02  7.017845E+01  1.487866E-01 -3.890361E-02  1.487866E-01  7.009789E+01  1.062602E+00  1.457329E+00  3.314686E+00  4.220759E-01
  3.100000E+03  1.498822E+01  1.339624E+01  3.015723E-01  7.006600E+01  7.006058E+01 -6.405595E-02  1.709576E-02 -6.405595E-02  7.005232E+01  2.331808E-02  1.709576E-02  2.331808E-02  7.008511E+01  1.061316E+00  1.456793E+00  3.387555E+00  3.321954E-01
  3.150000E+03  1.497821E+01  1.339717E+01  3.004317E-01  6.999577E+01  6.999238E+01 -6.997267E-02  4.233341E-03 -6.997267E-02  7.002730E+01 -5.907008E-02  4.233341E-03 -5.907008E-02  6.996761E+01  1.054025E+00  1.454018E+00  3.280247E+00  2.520431E-01
  3.200000E+03  1.498158E+01  1.339189E+01  3.070954E-01  7.007686E+01  7.016148E+01  5.888476E-02  2.346381E-03  5.888476E-02  7.005579E+01 -6.913855E-03  2.346381E-03 -6.913855E-03  7.001331E+01  1.059793E+00  1.459311E+00  3.162094E+00  4.048148E-01
  3.250000E+03  1.497288E+01  1.339498E+01  3.014443E-01  7.009652E+01  7.007373E+01 -1.029984E-01  8.771525E-02 -1.029984E-01  7.013775E+01 -3.281839E-02  8.771525E-02 -3.281839E-02  7.007808E+01  1.051932E+00  1.458422E+00  3.229304E+00  3.480967E-01
  3.300000E+03  1.497756E+01  1.338223E+01  2.990103E-01  7.014046E+01  6.999347E+01 -1.347773E-02 -9.948745E-02 -1.347773E-02  7.021657E+01  6.737901E-02 -9.948745E-02  6.737901E-02  7.021134E+01  1.063553E+00  1.452623E+00  3.459330E+00  3.501823E-01
  3.350000E+03  1.498536E+01  1.339378E+01  3.038007E-01  7.014832E+01  7.011424E+01 -3.908919E-02 -4.756879E-02 -3.908919E-02  7.028266E+01  1.186659E-01 -4.756879E-02  1.186659E-01  7.004807E+01  1.061050E+00  1.459417E+00  3.370339E+00  3.539757E-01
  3.400000E+03  1.497671E+01  1.338556E+01  3.076471E-01  7.001194E+01  6.989925E+01 -7.669070E-02  3.342899E-02 -7.669070E-02  7.000136E+01  6.412084E-02  3.342899E-02  6.412084E-02  7.013520E+01  1.060764E+00  1.460323E+00  3.288022E+00  4.267600E-01
  3.450000E+03  1.498635E+01  1.339924E+01  3.056027E-01  6.994103E+01  6.986485E+01  9.967326E-02 -6.296473E-03  9.967326E-02  6.993855E+01  2.255781E-02 -6.296473E-03  2.255781E-02  7.001968E+01  1.058077E+00  1.459766E+00  3.714967E+00  4.074004E-01
  3.500000E+03  1.494579E+01  1.336875E+01  2.992503E-01  7.017368E+01  7.019119E+01 -2.645772E-02 -2.346216E-02 -2.645772E-02  7.014301E+01 -5.347339E-02 -2.346216E-02 -5.347339E-02  7.018683E+01  1.051359E+00  1.461445E+00  3.416521E+00  3.330588E-01
  3.550000E+03  1.496815E+01  1.338112E+01  2.986860E-01  7.008447E+01  7.014514E+01  7.822088E-02 -4.695136E-02  7.822088E-02  7.013064E+01 -2.687543E-02 -4.695136E-02 -2.687543E-02  6.997762E+01  1.058019E+00  1.454178E+00  3.545426E+00  4.081869E-01
  3.600000E+03  1.498035E+01  1.339344E+01  3.052987E-01  7.007135E+01  7.014761E+01  1.614291E-02 -4.635283E-03  1.614291E-02  7.003940E+01  6.169456E-02 -4.635283E-03  6.169456E-02  7.002703E+01  1.057937E+00  1.458611E+00  3.537617E+00  2.759794E-01
  3.650000E+03  1.497413E+01  1.337281E+01  3.090307E-01  7.013800E+01  7.012488E+01  3.732676E-02 -5.881256E-02  3.732676E-02  7.014768E+01 -3.355189E-03 -5.881256E-02 -3.355189E-03  7.014146E+01  1.067550E+00  1.466436E+00  3.265870E+00  3.713534E-01
  3.700000E+03  1.496434E+01  1.339281E+01  3.010895E-01  7.009120E+01  7.021975E+01  8.139909E-03  2.720213E-02  8.139909E-03  6.997139E+01  1.902783E-03  2.720213E-02  1.902783E-03  7.008247E+01  1.047690E+00  1.452224E+00  3.216830E+00  3.984704E-01
  3.750000E+03  1.497156E+01  1.338563E+01  2.998464E-01  7.004266E+01  7.004570E+01 -9.145009E-02  2.728202E-02 -9.145009E-02  7.015627E+01  1.027407E-02  2.728202E-02  1.027407E-02  6.992603E+01  1.057284E+00  1.455166E+00  3.299232E+00  3.050137E-01
  3.800000E+03  1.497504E+01  1.339886E+01  3.059207E-01  7.006335E+01  7.008944E+01 -2.930713E-02  3.413809E-02 -2.930713E-02  7.003478E+01  7.076257E-02  3.413809E-02  7.076257E-02  7.006582E+01  1.050787E+00  1.459233E+00  3.274198E+00  3.766496E-01
  3.850000E+03  1.496611E+01  1.338920E+01  3.028848E-01  7.010450E+01  7.020309E+01 -2.168611E-02  1.514583E-02 -2.168611E-02  7.015625E+01 -2.454559E-02  1.514583E-02 -2.454559E-02  6.995415E+01  1.051277E+00  1.459241E+00  3.110505E+00  3.619522E-01
  3.900000E+03  1.498316E+01  1.338428E+01  2.936083E-01  7.012883E+01  7.008537E+01 -1.993536E-02 -2.693015E-02 -1.993536E-02  7.008778E+01  6.818489E-02 -2.693015E-02  6.818489E-02  7.021335E+01  1.065923E+00  1.446795E+00  3.374852E+00  3.753501E-01
  3.950000E+03  1.497086E+01  1.338709E+01  2.960287E-01  7.011365E+01  7.018544E+01 -1.464961E-02  2.922285E-02 -1.464961E-02  7.004164E+01  4.578531E-02  2.922285E-02  4.578531E-02  7.011388E+01  1.055847E+00  1.454994E+00  3.255117E+00  3.377711E-01
  4.000000E+03  1.497728E+01  1.339588E+01  3.011562E-01  7.017271E+01  7.014436E+01  2.620442E-02 -4.336594E-02  2.620442E-02  7.029803E+01  3.896984E-02 -4.336594E-02  3.896984E-02  7.007574E+01  1.054267E+00  1.455137E+00  3.255505E+00  4.083183E-01
  4.050000E+03  1.498878E+01  1.339243E+01  3.024693E-01  7.016217E+01  7.009263E+01  7.723136E-02 -2.956173E-03  7.723136E-02  7.027846E+01  4.450632E-02 -2.956173E-03  4.450632E-02  7.011542E+01  1.064234E+00  1.457689E+00  3.295813E+00  3.868531E-01
  4.100000E+03  1.496518E+01  1.338435E+01  3.020937E-01  7.002725E+01  7.011792E+01 -7.609226E-02 -1.739930E-03 -7.609226E-02  6.993906E+01 -1.692401E-02 -1.739930E-03 -1.692401E-02  7.002477E+01  1.053884E+00  1.455479E+00  3.226951E+00  2.683890E-01
  4.150000E+03  1.498950E+01  1.339893E+01  2.992527E-01  7.004082E+01  7.002230E+01 -3.042064E-02 -8.283333E-02 -3.042064E-02  7.016390E+01  9.413513E-02 -8.283333E-02  9.413513E-02  6.993627E+01  1.060378E+00  1.450984E+00  3.061871E+00  3.111269E-01
  4.200000E+03  1.498295E+01  1.338675E+01  2.981854E-01  7.012205E+01  7.010486E+01  3.923693E-02  3.009423E-02  3.923693E-02  7.012169E+01  1.014609E-02  3.009423E-02  1.014609E-02  7.013959E+01  1.064134E+00  1.455167E+00  3.383383E+00  3.885907E-01
  4.250000E+03  1.497481E+01  1.337902E+01  2.985943E-01  7.019859E+01  7.029595E+01 -5.424490E-02 -4.165639E-02 -5.424490E-02  7.023973E+01  2.158174E-02 -4.165639E-02  2.158174E-02  7.006009E+01  1.063860E+00  1.453076E+00  3.126119E+00  3.554418E-01
  4.300000E+03  1.498857E+01  1.339846E+01  2.987971E-01  7.004723E+01  7.013725E+01  8.106474E-02 -2.976600E-02  8.106474E-02  7.010553E+01  5.452322E-02 -2.976600E-02  5.452322E-02  6.989892E+01  1.060075E+00  1.448149E+00  3.754090E+00  3.169325E-01
  4.350000E+03  1.495444E+01  1.337917E+01  2.933929E-01  7.012149E+01  7.010903E+01  1.332702E-02 -6.860340E-02  1.332702E-02  7.015518E+01 -8.852483E-02 -6.860340E-02 -8.852483E-02  7.010025E+01  1.050177E+00  1.448764E+00  3.351969E+00  4.234602E-01
  4.400000E+03  1.499158E+01  1.338783E+01  3.043891E-01  7.015808E+01  7.021614E+01  7.928069E-02  5.249281E-02  7.928069E-02  7.008220E+01 -5.806731E-02  5.249281E-02 -5.806731E-02  7.017589E+01  1.069167E+00  1.458087E+00  3.357842E+00  2.450241E-01
  4.450000E+03  1.498193E+01  1.338776E+01  2.948136E-01  7.017500E+01  7.021664E+01  3.045137E-02 -9.175280E-03  3.045137E-02  7.015093E+01 -6.754927E-02 -9.175280E-03 -6.754927E-02  7.015745E+01  1.062783E+00  1.453251E+00  3.393460E+00  4.150954E-01
  4.500000E+03  1.498128E+01  1.339106E+01  2.975927E-01  7.009243E+01  7.011696E+01  4.658383E-02 -5.452965E-02  4.658383E-02  7.014764E+01  3.130097E-02 -5.452965E-02  3.130097E-02  7.001269E+01  1.060146E+00  1.452829E+00  3.441575E+00  3.194651E-01
  4.550000E+03  1.496520E+01  1.338013E+01  2.929447E-01  7.011585E+01  7.013288E+01  5.049691E-02  7.433055E-03  5.049691E-02  7.021637E+01 -1.892478E-02  7.433055E-03 -1.892478E-02  6.999829E+01  1.056716E+00  1.448872E+00  3.324652E+00  4.147199E-01
  4.600000E+03  1.495725E+01  1.337659E+01  2.991095E-01  7.008363E+01  7.011011E+01  1.833533E-02 -7.864677E-02  1.833533E-02  6.999398E+01 -2.449816E-02 -7.864677E-02 -2.449816E-02  7.014682E+01  1.053773E+00  1.456163E+00  3.215378E+00  3.355577E-01
  4.650000E+03  1.500356E+01  1.340502E+01  3.050346E-01  7.000063E+01  7.007619E+01  8.881305E-03  2.568190E-02  8.881305E-03  7.001934E+01  1.000247E-02  2.568190E-02  1.000247E-02  6.990635E+01  1.065687E+00  1.453927E+00  3.417352E+00  3.129885E-01
  4.700000E+03  1.496201E+01  1.338276E+01  2.930498E-01  7.008805E+01  7.015808E+01 -1.033950E-01  5.499047E-02 -1.033950E-01  7.007727E+01  7.169844E-02  5.499047E-02  7.169844E-02  7.002879E+01  1.052835E+00  1.445376E+00  3.312978E+00  3.607787E-01
  4.750000E+03  1.498410E+01  1.340061E+01  3.032790E-01  6.996009E+01  6.996550E+01 -2.905697E-02 -1.213184E-01 -2.905697E-02  7.002919E+01  1.144247E-01 -1.213184E-01  1.144247E-01  6.988558E+01  1.055660E+00  1.455840E+00  3.256455E+00  3.685661E-01
  4.800000E+03  1.500814E+01  1.341356E+01  3.048917E-01  7.007199E+01  7.011093E+01 -7.234776E-02 -3.838265E-02 -7.234776E-02  7.001654E+01 -1.041672E-01 -3.838265E-02 -1.041672E-01  7.008849E+01  1.063055E+00  1.461866E+00  3.386601E+00  3.301299E-01
  4.850000E+03  1.496766E+01  1.337827E+01  2.967364E-01  7.007224E+01  7.000965E+01 -4.577217E-02 -1.877294E-01 -4.577217E-02  7.011150E+01  4.130292E-02 -1.877294E-01  4.130292E-02  7.009558E+01  1.059595E+00  1.452156E+00  3.334104E+00  3.375685E-01
  4.900000E+03  1.499623E+01  1.339736E+01  2.953628E-01  7.013286E+01  7.013498E+01 -2.161094E-02 -1.414027E-01 -2.161094E-02  7.015868E+01  3.318614E-02 -1.414027E-01  3.318614E-02  7.010493E+01  1.065914E+00  1.448497E+00  3.149499E+00  2.451243E-01
  4.950000E+03  1.497950E+01  1.339192E+01  3.055949E-01  7.011164E+01  7.013820E+01 -1.632335E-02  2.026197E-02 -1.632335E-02  7.014613E+01 -5.549710E-02  2.026197E-02 -5.549710E-02  7.005058E+01  1.058383E+00  1.461834E+00  3.353873E+00  3.448373E-01
  5.000000E+03  1.499185E+01  1.339542E+01  2.968185E-01  7.006693E+01  7.014462E+01  2.307485E-02  1.823440E-01  2.307485E-02  7.009525E+01  1.396197E-01  1.823440E-01  1.396197E-01  6.996093E+01  1.064291E+00  1.449414E+00  3.220705E+00  4.050517E-01
  5.050000E+03  1.497556E+01  1.338894E+01  2.964348E-01  7.008487E+01  7.004586E+01 -7.858146E-03 -1.779323E-01 -7.858146E-03  7.007979E+01  6.771350E-02 -1.779323E-01  6.771350E-02  7.012897E+01  1.057742E+00  1.455212E+00  3.164312E+00  4.083843E-01
  5.100000E+03  1.498959E+01  1.339417E+01  3.048666E-01  7.010444E+01  7.013580E+01  4.756196E-02 -5.117238E-02  4.756196E-02  7.025045E+01 -9.685686E-03 -5.117238E-02 -9.685686E-03  6.992708E+01  1.063612E+00  1.455989E+00  3.368907E+00  3.493974E-01
  5.150000E+03  1.499122E+01  1.340981E+01  2.990995E-01  7.001637E+01  7.013171E+01  1.936633E-02 -3.368538E-02  1.936633E-02  6.998464E+01 -1.005801E-02 -3.368538E-02 -1.005801E-02  6.993277E+01  1.054273E+00  1.456486E+00  3.494821E+00  3.954846E-01
  5.200000E+03  1.496832E+01  1.338403E+01  3.018527E-01  7.010251E+01  7.024988E+01  1.257469E-02 -2.396451E-02  1.257469E-02  7.000728E+01  9.563554E-02 -2.396451E-02  9.563554E-02  7.005036E+01  1.056198E+00  1.451599E+00  3.090860E+00  4.484409E-01
  5.250000E+03  1.497280E+01  1.338539E+01  2.948679E-01  7.010955E+01  7.018239E+01  5.023084E-02 -4.229337E-02  5.023084E-02  7.013950E+01 -1.450375E-02 -4.229337E-02 -1.450375E-02  7.000675E+01  1.058272E+00  1.450832E+00  3.177051E+00  2.903323E-01
  5.300000E+03  1.496329E+01  1.337631E+01  2.976545E-01  7.004027E+01  7.001182E+01 -5.268994E-02 -1.432996E-03 -5.268994E-02  7.014358E+01 -4.121287E-02 -1.432996E-03 -4.121287E-02  6.996540E+01  1.057987E+00  1.455280E+00  3.549172E+00  3.106230E-01
  5.350000E+03  1.498326E+01  1.340875E+01  3.008556E-01  7.015590E+01  7.020212E+01 -5.059561E-02 -3.992058E-02 -5.059561E-02  7.011910E+01 -6.962981E-02 -3.992058E-02 -6.962981E-02  7.014649E+01  1.049674E+00  1.452956E+00  3.229163E+00  3.643514E-01
  5.400000E+03  1.498031E+01  1.339789E+01  2.974869E-01  7.013531E+01  7.011460E+01 -6.202202E-03  2.144027E-02 -6.202202E-03  7.004211E+01  7.377374E-02  2.144027E-02  7.377374E-02  7.024922E+01  1.054945E+00  1.448766E+00  3.321840E+00  3.879053E-01
  5.450000E+03  1.497234E+01  1.338796E+01  2.993313E-01  7.015012E+01  7.012342E+01  5.951191E-02 -4.387006E-03  5.951191E-02  7.026221E+01 -3.684676E-03 -4.387006E-03 -3.684676E-03  7.006472E+01  1.056253E+00  1.452807E+00  3.224863E+00  3.683012E-01
  5.500000E+03  1.496243E+01  1.337579E+01  2.907980E-01  7.003531E+01  7.009727E+01 -1.569992E-02  4.961072E-02 -1.569992E-02  6.994618E+01  2.626555E-02  4.961072E-02  2.626555E-02  7.006248E+01  1.057759E+00  1.445008E+00  2.994582E+00  3.592406E-01
  5.550000E+03  1.497023E+01  1.338784E+01  2.990467E-01  7.003703E+01  7.004393E+01 -3.359471E-02 -5.930535E-03 -3.359471E-02  7.010254E+01 -8.590935E-02 -5.930535E-03 -8.590935E-02  6.996461E+01  1.054932E+00  1.451282E+00  3.152163E+00  3.621825E-01
  5.600000E+03  1.496603E+01  1.338125E+01  2.974800E-01  7.005172E+01  7.012109E+01  2.559768E-02  7.161159E-02  2.559768E-02  7.014073E+01 -9.520349E-02  7.161159E-02 -9.520349E-02  6.989334E+01  1.056522E+00  1.453009E+00  3.524997E+00  3.976207E-01
  5.650000E+03  1.498362E+01  1.339101E+01  3.021384E-01  7.006829E+01  6.996746E+01  3.166059E-02 -2.317647E-02  3.166059E-02  7.019886E+01 -3.168650E-02 -2.317647E-02 -3.168650E-02  7.003854E+01  1.061739E+00  1.456856E+00  3.245427E+00  3.598937E-01
  5.700000E+03  1.499091E+01  1.341251E+01  3.045081E-01  7.003891E+01  7.002776E+01 -3.089765E-02  8.267635E-02 -3.089765E-02  7.009735E+01 -4.011625E-02  8.267635E-02 -4.011625E-02  6.999163E+01  1.052271E+00  1.460739E+00  3.416493E+00  3.478668E-01
  5.750000E+03  1.496774E+01  1.338212E+01  3.040484E-01  7.010111E+01  7.014534E+01 -8.377491E-02 -8.301788E-02 -8.377491E-02  7.007267E+01 -5.127827E-02 -8.301788E-02 -5.127827E-02  7.008533E+01  1.057086E+00  1.458286E+00  3.420374E+00  2.590859E-01
  5.800000E+03  1.496742E+01  1.338841E+01  3.063329E-01  6.992185E+01  6.989428E+01  1.211866E-01  4.239466E-02  1.211866E-01  6.999703E+01  2.684869E-03  4.239466E-02  2.684869E-03  6.987424E+01  1.052676E+00  1.461449E+00  3.247207E+00  3.826130E-01
  5.850000E+03  1.498568E+01  1.340042E+01  3.091415E-01  7.005776E+01  7.005010E+01  7.153881E-02 -6.426649E-02  7.153881E-02  7.007871E+01 -1.459459E-02 -6.426649E-02 -1.459459E-02  7.004446E+01  1.056839E+00  1.461851E+00  3.410299E+00  3.803199E-01
  5.900000E+03  1.500536E+01  1.339443E+01  3.020798E-01  7.015090E+01  7.017632E+01 -9.436242E-02 -1.504877E-02 -9.436242E-02  7.015998E+01  9.590407E-02 -1.504877E-02  9.590407E-02  7.011641E+01  1.073949E+00  1.450592E+00  3.155843E+00  3.998406E-01
  5.950000E+03  1.499251E+01  1.340032E+01  2.993725E-01  7.014788E+01  7.014277E+01 -5.918653E-03 -1.905756E-02 -5.918653E-03  7.013143E+01 -1.650223E-02 -1.905756E-02 -1.650223E-02  7.016942E+01  1.061462E+00  1.453237E+00  3.278025E+00  3.816737E-01
  6.000000E+03  1.500115E+01  1.340148E+01  2.978421E-01  7.012731E+01  7.018467E+01  4.502035E-03 -1.020710E-02  4.502035E-03  7.017868E+01  5.871336E-02 -1.020710E-02  5.871336E-02  7.001858E+01  1.066447E+00  1.452972E+00  3.298135E+00  3.696324E-01
  6.050000E+03  1.498027E+01  1.339733E+01  3.012319E-01  7.006248E+01  7.015313E+01  2.409508E-02 -8.145175E-02  2.409508E-02  7.005539E+01  1.622587E-02 -8.145175E-02  1.622587E-02  6.997893E+01  1.055291E+00  1.453266E+00  3.238095E+00  3.638462E-01
  6.100000E+03  1.499060E+01  1.340135E+01  2.993571E-01  7.015339E+01  7.017709E+01 -3.569890E-02 -8.442379E-02 -3.569890E-02  7.010059E+01  9.624668E-02 -8.442379E-02  9.624668E-02  7.018248E+01  1.059504E+00  1.455379E+00  3.284304E+00  3.451910E-01
  6.150000E+03  1.497608E+01  1.339104E+01  2.907282E-01  6.997595E+01  6.996427E+01 -7.376762E-02 -4.573416E-02 -7.376762E-02  6.999021E+01 -1.477898E-02 -4.573416E-02 -1.477898E-02  6.997338E+01  1.056691E+00  1.445713E+00  3.209075E+00  3.814434E-01
  6.200000E+03  1.498239E+01  1.340265E+01  3.011445E-01  7.012096E+01  7.020899E+01  4.414600E-02  1.360261E-02  4.414600E-02  7.002050E+01 -6.367297E-02  1.360261E-02 -6.367297E-02  7.013339E+01  1.053164E+00  1.456402E+00  3.352265E+00  3.562366E-01
  6.250000E+03  1.498233E+01  1.339353E+01  2.960788E-01  7.012708E+01  7.027043E+01  2.528456E-02 -8.180896E-02  2.528456E-02  7.009071E+01  2.167363E-02 -8.180896E-02  2.167363E-02  7.002009E+01  1.059202E+00  1.451251E+00  3.600862E+00  3.422461E-01
  6.300000E+03  1.496489E+01  1.337829E+01  2.938422E-01  7.012795E+01  7.019628E+01 -1.292804E-01  4.674700E-02 -1.292804E-01  7.014673E+01 -6.411558E-02  4.674700E-02 -6.411558E-02  7.004085E+01  1.057733E+00  1.449363E+00  3.401862E+00  3.719012E-01
  6.350000E+03  1.497593E+01  1.339110E+01  2.995917E-01  7.006693E+01  7.010233E+01 -2.647384E-02 -4.900545E-02 -2.647384E-02  7.007825E+01  7.400125E-03 -4.900545E-02  7.400125E-03  7.002020E+01  1.056554E+00  1.456559E+00  3.417264E+00  3.774721E-01
  6.400000E+03  1.498190E+01  1.339693E+01  2.994624E-01  6.998844E+01  6.999903E+01 -8.361023E-03  1.451441E-01 -8.361023E-03  7.006206E+01  1.311819E-02  1.451441E-01  1.311819E-02  6.990421E+01  1.056646E+00  1.449946E+00  3.357059E+00  3.208201E-01
  6.450000E+03  1.499242E+01  1.339736E+01  3.056469E-01  6.999577E+01  7.000998E+01  1.380484E-01 -5.322120E-02  1.380484E-01  6.990131E+01  2.059594E-02 -5.322120E-02  2.059594E-02  7.007602E+01  1.063374E+00  1.462412E+00  3.522232E+00  3.627862E-01
  6.500000E+03  1.498424E+01  1.339725E+01  3.044745E-01  7.004904E+01  7.012965E+01 -4.390951E-02 -2.697180E-02 -4.390951E-02  7.013070E+01 -1.271342E-02 -2.697180E-02 -1.271342E-02  6.988678E+01  1.057994E+00  1.461262E+00  3.300862E+00  3.765531E-01
  6.550000E+03  1.499457E+01  1.339320E+01  2.996540E-01  7.009904E+01  7.007045E+01  5.373373E-03  8.656623E-02  5.373373E-03  7.012401E+01 -6.882169E-02  8.656623E-02 -6.882169E-02  7.010266E+01  1.067575E+00  1.453763E+00  3.485339E+00  3.803712E-01
  6.600000E+03  1.497058E+01  1.338059E+01  3.013807E-01  6.999240E+01  7.003205E+01 -1.333095E-02 -3.240555E-03 -1.333095E-02  7.005270E+01 -5.470846E-02 -3.240555E-03 -5.470846E-02  6.989246E+01  1.059991E+00  1.459544E+00  3.438823E+00  3.144551E-01
  6.650000E+03  1.496428E+01  1.338673E+01  3.005126E-01  7.001688E+01  7.013739E+01  5.646910E-03 -1.720175E-03  5.646910E-03  6.997493E+01 -5.859324E-02 -1.720175E-03 -5.859324E-02  6.993833E+01  1.051701E+00  1.457997E+00  3.155303E+00  3.124711E-01
  6.700000E+03  1.497595E+01  1.338207E+01  3.003210E-01  7.015203E+01  7.021153E+01  5.308232E-02  4.066543E-03  5.308232E-02  7.011386E+01 -1.088470E-03  4.066543E-03 -1.088470E-03  7.013071E+01  1.062591E+00  1.452801E+00  3.241069E+00  3.288227E-01
  6.750000E+03  1.498201E+01  1.338972E+01  3.024531E-01  7.002609E+01  7.023711E+01 -1.376472E-01  9.132165E-02 -1.376472E-01  6.999445E+01  3.529216E-02  9.132165E-02  3.529216E-02  6.984671E+01  1.061522E+00  1.455124E+00  3.086608E+00  3.461180E-01
  6.800000E+03  1.493881E+01  1.336706E+01  2.912808E-01  7.004491E+01  7.011896E+01 -1.176077E-01 -4.041475E-02 -1.176077E-01  6.992194E+01 -7.575332E-03 -4.041475E-02 -7.575332E-03  7.009384E+01  1.047832E+00  1.447764E+00  3.244510E+00  3.696836E-01
  6.850000E+03  1.497263E+01  1.338395E+01  2.968631E-01  7.006404E+01  7.016262E+01 -2.767813E-02  6.408106E-03 -2.767813E-02  7.003705E+01  8.473272E-02  6.408106E-03  8.473272E-02  6.999246E+01  1.059119E+00  1.455514E+00  3.175892E+00  3.720716E-01
  6.900000E+03  1.497770E+01  1.337997E+01  2.996505E-01  6.998939E+01  6.998549E+01  3.954200E-02  7.631031E-02  3.954200E-02  7.008806E+01 -1.234879E-03  7.631031E-02 -1.234879E-03  6.989461E+01  1.065155E+00  1.452638E+00  3.346459E+00  4.186444E-01
  6.950000E+03  1.497044E+01  1.337703E+01  2.962349E-01  7.010181E+01  7.013693E+01 -1.616799E-01 -1.028571E-01 -1.616799E-01  7.008649E+01  3.386089E-02 -1.028571E-01  3.386089E-02  7.008202E+01  1.062273E+00  1.448445E+00  3.411836E+00  3.346767E-01
  7.000000E+03  1.496294E+01  1.337749E+01  2.991014E-01  7.008663E+01  7.026332E+01  6.693876E-02  9.615679E-03  6.693876E-02  7.001199E+01  4.621473E-03  9.615679E-03  4.621473E-03  6.998457E+01  1.056968E+00  1.455501E+00  3.350008E+00  3.581498E-01
  7.050000E+03  1.496651E+01  1.338261E+01  3.014409E-01  6.998449E+01  6.995295E+01  7.267976E-02 -1.681754E-01  7.267976E-02  7.003136E+01 -4.428922E-02 -1.681754E-01 -4.428922E-02  6.996915E+01  1.055934E+00  1.455881E+00  3.474447E+00  3.368922E-01
  7.100000E+03  1.498000E+01  1.339378E+01  3.017717E-01  7.007713E+01  7.010960E+01  8.568675E-02  2.596799E-02  8.568675E-02  7.008028E+01 -8.693407E-02  2.596799E-02 -8.693407E-02  7.004150E+01  1.057478E+00  1.454153E+00  3.506223E+00  4.028956E-01
  7.150000E+03  1.498978E+01  1.339675E+01  2.937976E-01  7.012435E+01  7.020676E+01  1.018733E-01  2.281281E-02  1.018733E-01  7.006834E+01  7.735723E-02  2.281281E-02  7.735723E-02  7.009794E+01  1.062020E+00  1.442578E+00  3.294065E+00  3.488939E-01
  7.200000E+03  1.496734E+01  1.337132E+01  3.025743E-01  7.013053E+01  7.026652E+01  5.069241E-02 -7.657789E-02  5.069241E-02  6.993979E+01 -1.070696E-01 -7.657789E-02 -1.070696E-01  7.018529E+01  1.064011E+00  1.454320E+00  3.238281E+00  3.594544E-01
  7.250000E+03  1.497448E+01  1.338502E+01  3.042165E-01  7.004946E+01  7.009357E+01  2.005290E-02  2.484258E-02  2.005290E-02  7.000758E+01 -1.410458E-01  2.484258E-02 -1.410458E-01  7.004723E+01  1.059637E+00  1.456627E+00  3.278198E+00  3.223437E-01
  7.300000E+03  1.497818E+01  1.337500E+01  2.949245E-01  7.004786E+01  7.018288E+01 -4.664765E-02 -2.399908E-02 -4.664765E-02  6.997260E+01  3.789234E-02 -2.399908E-02  3.789234E-02  6.998811E+01  1.068791E+00  1.449297E+00  3.348443E+00  3.971216E-01
  7.350000E+03  1.498060E+01  1.338879E+01  3.006241E-01  7.010963E+01  7.018952E+01 -9.346642E-02 -2.023193E-02 -9.346642E-02  7.000252E+01  6.148415E-02 -2.023193E-02  6.148415E-02  7.013684E+01  1.061203E+00  1.453550E+00  3.698825E+00  3.408378E-01
  7.400000E+03  1.497741E+01  1.338852E+01  3.039285E-01  6.999359E+01  7.011336E+01 -1.280993E-02 -2.681191E-02 -1.280993E-02  6.995736E+01  7.275369E-02 -2.681191E-02  7.275369E-02  6.991006E+01  1.059265E+00  1.457499E+00  3.548795E+00  3.552147E-01
  7.450000E+03  1.497525E+01  1.337903E+01  3.012581E-01  6.997054E+01  7.009572E+01  5.089641E-02 -1.353520E-01  5.089641E-02  6.980514E+01  5.243636E-02 -1.353520E-01  5.243636E-02  7.001074E+01  1.064147E+00  1.455280E+00  3.208410E+00  3.829423E-01
  7.500000E+03  1.493963E+01  1.336580E+01  3.011844E-01  7.002359E+01  7.005372E+01  3.864636E-02 -7.947381E-02  3.864636E-02  7.001514E+01 -7.098930E-02 -7.947381E-02 -7.098930E-02  7.000193E+01  1.049216E+00  1.455790E+00  3.165798E+00  3.328948E-01
  7.550000E+03  1.496735E+01  1.337504E+01  2.981686E-01  7.004123E+01  7.013764E+01 -1.053844E-01  1.089464E-01 -1.053844E-01  6.998264E+01 -6.496391E-02  1.089464E-01 -6.496391E-02  7.000341E+01  1.061537E+00  1.453592E+00  3.400693E+00  3.656195E-01
  7.600000E+03  1.498000E+01  1.338063E+01  2.962634E-01  7.020067E+01  7.024989E+01 -3.801925E-02  5.373289E-02 -3.801925E-02  7.011586E+01 -2.907008E-02  5.373289E-02 -2.907008E-02  7.023627E+01  1.066245E+00  1.455080E+00  3.220739E+00  3.079678E-01
  7.650000E+03  1.497469E+01  1.337856E+01  3.008642E-01  7.002981E+01  7.017076E+01 -7.409428E-02  8.408476E-02 -7.409428E-02  6.991962E+01 -6.807124E-02  8.408476E-02 -6.807124E-02  6.999905E+01  1.064087E+00  1.457008E+00  3.392576E+00  3.488815E-01
  7.700000E+03  1.499675E+01  1.340175E+01  3.050461E-01  7.002811E+01  7.014663E+01 -5.075023E-02  5.092647E-02 -5.075023E-02  7.002149E+01 -4.110024E-02  5.092647E-02 -4.110024E-02  6.991620E+01  1.063336E+00  1.459140E+00  3.412470E+00  2.835702E-01
  7.750000E+03  1.495252E+01  1.336764E+01  2.991529E-01  7.007260E+01  7.009164E+01 -3.413793E-03  2.794015E-02 -3.413793E-03  7.009137E+01 -4.189021E-02  2.794015E-02 -4.189021E-02  7.003479E+01  1.056589E+00  1.454128E+00  3.183448E+00  3.673705E-01
  7.800000E+03  1.495360E+01  1.337092E+01  2.980789E-01  7.013575E+01  7.019304E+01 -1.242936E-02  8.193396E-02 -1.242936E-02  7.009688E+01  1.740033E-02  8.193396E-02  1.740033E-02  7.011732E+01  1.055116E+00  1.450820E+00  3.374067E+00  3.264018E-01
  7.850000E+03  1.498530E+01  1.338938E+01  2.956485E-01  7.016155E+01  7.026829E+01  4.100331E-03  4.158901E-02  4.100331E-03  7.007589E+01  7.270233E-02  4.158901E-02  7.270233E-02  7.014048E+01  1.063948E+00  1.452046E+00  3.183618E+00  4.271654E-01
  7.900000E+03  1.499717E+01  1.340391E+01  3.060141E-01  7.003230E+01  7.003905E+01  2.254852E-02 -7.434409E-02  2.254852E-02  7.009272E+01 -6.033959E-03 -7.434409E-02 -6.033959E-03  6.996513E+01  1.062178E+00  1.463012E+00  3.135362E+00  3.735318E-01
  7.950000E+03  1.495947E+01  1.337564E+01  2.943210E-01  7.008978E+01  7.031223E+01  3.691185E-03 -9.294593E-02  3.691185E-03  6.989775E+01  2.047563E-01 -9.294593E-02  2.047563E-01  7.005937E+01  1.055884E+00  1.450505E+00  3.244218E+00  3.749796E-01
  8.000000E+03  1.498267E+01  1.339693E+01  3.022522E-01  7.007389E+01  7.015001E+01  5.484876E-02  2.715493E-02  5.484876E-02  7.004248E+01 -5.052872E-02  2.715493E-02 -5.052872E-02  7.002918E+01  1.057157E+00  1.457143E+00  3.726004E+00  3.568025E-01
  8.050000E+03  1.495310E+01  1.338183E+01  2.967117E-01  6.998066E+01  7.006200E+01 -2.330710E-02  9.268808E-03 -2.330710E-02  6.991268E+01  1.495982E-02  9.268808E-03  1.495982E-02  6.996730E+01  1.047510E+00  1.450777E+00  3.007125E+00  3.536611E-01
  8.100000E+03  1.497452E+01  1.338417E+01  3.069598E-01  7.003711E+01  7.016118E+01 -9.688494E-03 -2.765317E-02 -9.688494E-03  6.995910E+01 -2.505984E-02 -2.765317E-02 -2.505984E-02  6.999104E+01  1.060233E+00  1.462869E+00  3.343989E+00  3.955784E-01
  8.150000E+03  1.496810E+01  1.338732E+01  3.006746E-01  7.013986E+01  7.019040E+01 -1.804824E-02  1.009956E-01 -1.804824E-02  7.014168E+01  6.627292E-02  1.009956E-01  6.627292E-02  7.008748E+01  1.053857E+00  1.456772E+00  3.282052E+00  3.646564E-01
  8.200000E+03  1.499538E+01  1.339712E+01  3.043985E-01  7.005074E+01  7.006928E+01 -1.307158E-01 -5.986765E-02 -1.307158E-01  7.004356E+01 -6.336268E-03 -5.986765E-02 -6.336268E-03  7.003939E+01  1.065509E+00  1.459032E+00  3.104101E+00  3.695561E-01
  8.250000E+03  1.496971E+01  1.337839E+01  2.970058E-01  7.007338E+01  7.001481E+01 -1.413846E-02 -2.978639E-02 -1.413846E-02  7.012852E+01 -3.360123E-02 -2.978639E-02 -3.360123E-02  7.007681E+01  1.060878E+00  1.449660E+00  3.223256E+00  3.179112E-01
  8.300000E+03  1.496362E+01  1.337352E+01  3.014954E-01  7.012782E+01  7.026341E+01 -8.632924E-02  1.588212E-03 -8.632924E-02  7.001820E+01 -3.508331E-02  1.588212E-03 -3.508331E-02  7.010184E+01  1.060060E+00  1.453706E+00  3.203956E+00  3.659688E-01
  8.350000E+03  1.499264E+01  1.339133E+01  3.081401E-01  7.009159E+01  7.017491E+01  2.205291E-02 -1.194405E-02  2.205291E-02  6.995989E+01 -9.646756E-02 -1.194405E-02 -9.646756E-02  7.013997E+01  1.067545E+00  1.459480E+00  3.241743E+00  3.976991E-01
  8.400000E+03  1.494746E+01  1.337036E+01  3.000078E-01  7.005103E+01  7.017315E+01 -4.707541E-02 -1.948815E-02 -4.707541E-02  7.006130E+01  7.243439E-03 -1.948815E-02  7.243439E-03  6.991864E+01  1.051399E+00  1.456618E+00  3.590797E+00  3.798497E-01
  8.450000E+03  1.497309E+01  1.337632E+01  2.963957E-01  7.002896E+01  7.012333E+01  6.653929E-02  3.714318E-02  6.653929E-02  7.001537E+01 -1.122270E-01  3.714318E-02 -1.122270E-01  6.994817E+01  1.064508E+00  1.451369E+00  3.456485E+00  3.235162E-01
  8.500000E+03  1.497239E+01  1.338494E+01  3.072804E-01  6.998092E+01  7.015849E+01 -9.339423E-03  2.366795E-02 -9.339423E-03  6.981804E+01  1.005430E-02  2.366795E-02  1.005430E-02  6.996623E+01  1.058301E+00  1.457968E+00  3.589961E+00  3.220520E-01
  8.550000E+03  1.498744E+01  1.339216E+01  3.021804E-01  7.012812E+01  7.014191E+01 -4.022749E-02  4.622725E-02 -4.022749E-02  7.022824E+01 -7.106435E-02  4.622725E-02 -7.106435E-02  7.001421E+01  1.063519E+00  1.453378E+00  3.213257E+00  3.396771E-01
  8.600000E+03  1.497272E+01  1.338558E+01  2.969294E-01  7.004513E+01  7.018228E+01 -5.642779E-02 -3.225673E-06 -5.642779E-02  7.006085E+01  6.647469E-02 -3.225673E-06  6.647469E-02  6.989227E+01  1.058094E+00  1.452090E+00  3.389261E+00  3.459302E-01
  8.650000E+03  1.498242E+01  1.339264E+01  2.997298E-01  6.995950E+01  7.002544E+01 -8.162585E-02 -2.441498E-02 -8.162585E-02  6.996570E+01 -4.567410E-02 -2.441498E-02 -4.567410E-02  6.988736E+01  1.059851E+00  1.454041E+00  3.183882E+00  3.750891E-01
  8.700000E+03  1.498493E+01  1.338908E+01  3.027739E-01  7.017270E+01  7.027022E+01  2.995584E-02 -2.184183E-02  2.995584E-02  7.016699E+01 -9.771759E-02 -2.184183E-02 -9.771759E-02  7.008090E+01  1.063899E+00  1.459666E+00  3.252723E+00  3.229874E-01
  8.750000E+03  1.497993E+01  1.339364E+01  3.037159E-01  7.001852E+01  7.006941E+01 -8.837971E-02  1.032888E-01 -8.837971E-02  6.998029E+01 -1.138547E-02  1.032888E-01 -1.138547E-02  7.000586E+01  1.057528E+00  1.460152E+00  3.206710E+00  3.040136E-01
  8.800000E+03  1.499419E+01  1.339087E+01  2.963277E-01  7.017561E+01  7.021737E+01 -2.243827E-02 -3.869197E-02 -2.243827E-02  7.016964E+01  1.084816E-01 -3.869197E-02  1.084816E-01  7.013983E+01  1.068884E+00  1.450922E+00  3.514689E+00  3.674858E-01
  8.850000E+03  1.495562E+01  1.336976E+01  2.965028E-01  7.006221E+01  7.015319E+01 -7.800517E-02  1.129893E-03 -7.800517E-02  7.001562E+01 -9.497205E-02  1.129893E-03 -9.497205E-02  7.001782E+01  1.057246E+00  1.448566E+00  3.255754E+00  3.214606E-01
  8.900000E+03  1.496564E+01  1.338065E+01  2.971854E-01  7.002339E+01  7.006488E+01  1.670737E-02  5.748884E-02  1.670737E-02  7.003271E+01 -6.727292E-02  5.748884E-02 -6.727292E-02  6.997257E+01  1.056659E+00  1.455529E+00  3.223919E+00  2.925093E-01
  8.950000E+03  1.496641E+01  1.338835E+01  3.014324E-01  7.006441E+01  7.010863E+01  4.142651E-03 -2.039764E-02  4.142651E-03  7.002685E+01 -1.022223E-02 -2.039764E-02 -1.022223E-02  7.005775E+01  1.052042E+00  1.455686E+00  3.192433E+00  3.685416E-01
  9.000000E+03  1.497621E+01  1.337567E+01  3.067002E-01  7.011144E+01  7.030924E+01  2.646987E-02  2.812712E-02  2.646987E-02  7.002273E+01 -5.667854E-02  2.812712E-02 -5.667854E-02  7.000236E+01  1.067023E+00  1.459625E+00  3.505973E+00  2.565872E-01
  9.050000E+03  1.497654E+01  1.338730E+01  3.037538E-01  7.007353E+01  7.019387E+01 -1.456031E-02  1.236613E-01 -1.456031E-02  6.997985E+01 -6.253441E-02  1.236613E-01 -6.253441E-02  7.004686E+01  1.059496E+00  1.456794E+00  3.109891E+00  3.681724E-01
  9.100000E+03  1.498285E+01  1.340466E+01  3.011533E-01  6.999433E+01  6.990312E+01  5.007567E-03  2.986860E-02  5.007567E-03  7.001051E+01 -1.652254E-02  2.986860E-02 -1.652254E-02  7.006936E+01  1.052125E+00  1.460783E+00  3.322458E+00  3.888950E-01
  9.150000E+03  1.497729E+01  1.338873E+01  3.062765E-01  7.008662E+01  7.014781E+01 -4.207524E-02 -1.086596E-01 -4.207524E-02  7.005355E+01 -1.072155E-01 -1.086596E-01 -1.072155E-01  7.005850E+01  1.059040E+00  1.462253E+00  3.381751E+00  3.961644E-01
  9.200000E+03  1.497933E+01  1.338242E+01  2.991043E-01  7.005238E+01  7.015340E+01  4.439195E-02 -9.594741E-03  4.439195E-02  6.999200E+01  5.446808E-02 -9.594741E-03  5.446808E-02  7.001172E+01  1.064604E+00  1.453503E+00  3.229589E+00  4.138336E-01
  9.250000E+03  1.498115E+01  1.338199E+01  3.041494E-01  7.006541E+01  7.000499E+01 -4.304540E-02  1.886827E-02 -4.304540E-02  7.011443E+01 -2.850508E-02  1.886827E-02 -2.850508E-02  7.007681E+01  1.066104E+00  1.460597E+00  3.167629E+00  4.466054E-01
  9.300000E+03  1.497588E+01  1.338342E+01  3.093786E-01  7.006927E+01  7.013247E+01 -7.857319E-02  5.015779E-02 -7.857319E-02  7.006214E+01 -1.322104E-03  5.015779E-02 -1.322104E-03  7.001320E+01  1.061639E+00  1.464956E+00  3.164645E+00  3.518928E-01
  9.350000E+03  1.499209E+01  1.338727E+01  3.007345E-01  7.014889E+01  7.027807E+01 -7.316713E-02 -5.102283E-02 -7.316713E-02  7.015421E+01  9.455409E-02 -5.102283E-02  9.455409E-02  7.001438E+01  1.069880E+00  1.454941E+00  3.215594E+00  3.733806E-01
  9.400000E+03  1.497284E+01  1.338960E+01  3.041729E-01  7.006325E+01  7.012650E+01  7.532467E-02 -2.913647E-02  7.532467E-02  6.996526E+01  3.368552E-02 -2.913647E-02  3.368552E-02  7.009799E+01  1.055496E+00  1.459962E+00  3.163562E+00  2.849319E-01
  9.450000E+03  1.498203E+01  1.338149E+01  3.078063E-01  7.000010E+01  7.007442E+01 -4.345192E-02  4.640749E-04 -4.345192E-02  6.991404E+01 -4.936073E-02  4.640749E-04 -4.936073E-02  7.001183E+01  1.067028E+00  1.464329E+00  3.309559E+00  3.212116E-01
  9.500000E+03  1.498546E+01  1.339929E+01  3.080990E-01  6.996950E+01  6.988061E+01  3.161726E-02 -4.229165E-02  3.161726E-02  7.011599E+01 -1.077096E-01 -4.229165E-02 -1.077096E-01  6.991189E+01  1.057449E+00  1.464245E+00  3.524959E+00  3.600752E-01
  9.550000E+03  1.496861E+01  1.337486E+01  3.014227E-01  7.008951E+01  7.031264E+01 -1.042580E-01  4.770250E-02 -1.042580E-01  6.999112E+01  3.556749E-02  4.770250E-02  3.556749E-02  6.996479E+01  1.062495E+00  1.459704E+00  3.229366E+00  3.203203E-01
  9.600000E+03  1.497073E+01  1.337429E+01  2.956302E-01  7.005383E+01  7.016107E+01  1.144525E-02  9.869822E-03  1.144525E-02  6.988735E+01 -8.307699E-03  9.869822E-03 -8.307699E-03  7.011308E+01  1.064290E+00  1.447397E+00  3.680297E+00  3.319383E-01
  9.650000E+03  1.497970E+01  1.338859E+01  2.980326E-01  7.006500E+01  7.003972E+01  5.416599E-03 -7.247587E-02  5.416599E-03  7.004718E+01  4.992585E-03 -7.247587E-02  4.992585E-03  7.010810E+01  1.060742E+00  1.452927E+00  3.372708E+00  3.393291E-01
  9.700000E+03  1.495302E+01  1.337380E+01  3.007457E-01  7.012672E+01  7.021094E+01 -1.393719E-02  2.522335E-02 -1.393719E-02  6.996910E+01 -1.697857E-01  2.522335E-02 -1.697857E-01  7.020012E+01  1.052810E+00  1.452709E+00  3.351258E+00  3.906891E-01
  9.750000E+03  1.495330E+01  1.336412E+01  3.014200E-01  7.006448E+01  7.001019E+01 -1.306735E-03 -8.054181E-02 -1.306735E-03  7.011712E+01  6.115172E-02 -8.054181E-02  6.115172E-02  7.006614E+01  1.059450E+00  1.457647E+00  3.143930E+00  3.564974E-01
  9.800000E+03  1.498938E+01  1.338740E+01  2.978498E-01  7.009672E+01  7.008699E+01 -8.821055E-02  7.425424E-03 -8.821055E-02  7.013328E+01 -8.731684E-02  7.425424E-03 -8.731684E-02  7.006988E+01  1.067989E+00  1.449961E+00  3.322264E+00  4.087638E-01
  9.850000E+03  1.497388E+01  1.337509E+01  3.066756E-01  6.998849E+01  7.008040E+01 -3.430593E-02 -4.149032E-02 -3.430593E-02  6.987043E+01 -5.423535E-02 -4.149032E-02 -5.423535E-02  7.001465E+01  1.065860E+00  1.460014E+00  3.564004E+00  3.498625E-01
  9.900000E+03  1.498278E+01  1.338629E+01  3.042245E-01  6.990799E+01  6.992050E+01 -9.290007E-02  3.693056E-02 -9.290007E-02  6.987793E+01  3.691590E-02  3.693056E-02  3.691590E-02  6.992555E+01  1.064325E+00  1.459351E+00  3.357767E+00  3.944300E-01
  9.950000E+03  1.496619E+01  1.337879E+01  3.004599E-01  7.003718E+01  7.007666E+01 -1.394525E-02  5.843850E-02 -1.394525E-02  7.007691E+01 -4.937199E-02  5.843850E-02 -4.937199E-02  6.995798E+01  1.058264E+00  1.456329E+00  3.149729E+00  4.044585E-01
  1.000000E+04  1.498273E+01  1.339227E+01  3.013430E-01  7.003529E+01  7.003931E+01  2.681035E-02  1.919819E-02  2.681035E-02  7.000648E+01  1.006348E-02  1.919819E-02  1.006348E-02  7.006007E+01  1.060305E+00  1.457073E+00  3.305242E+00  3.495641E-01
  1.005000E+04  1.496237E+01  1.337850E+01  2.962981E-01  7.013702E+01  7.030441E+01 -1.509129E-02  2.902359E-02 -1.509129E-02  6.996415E+01  1.414486E-02  2.902359E-02  1.414486E-02  7.014250E+01  1.055915E+00  1.450363E+00  3.205904E+00  3.265552E-01
  1.010000E+04  1.495810E+01  1.336810E+01  2.946266E-01  7.004575E+01  7.016887E+01 -2.518575E-02 -2.431353E-02 -2.518575E-02  6.992947E+01  4.571484E-03 -2.431353E-02  4.571484E-03  7.003892E+01  1.060003E+00  1.448122E+00  3.186754E+00  2.924986E-01
  1.015000E+04  1.495306E+01  1.337963E+01  2.980155E-01  7.003378E+01  7.004835E+01 -8.255540E-03  5.417456E-03 -8.255540E-03  6.995861E+01 -6.036397E-02  5.417456E-03 -6.036397E-02  7.009438E+01  1.048954E+00  1.455004E+00  3.179755E+00  2.441528E-01
  1.020000E+04  1.497571E+01  1.338691E+01  3.076050E-01  6.997324E+01  7.026520E+01 -9.729441E-02 -1.916193E-02 -9.729441E-02  6.988098E+01  4.372869E-02 -1.916193E-02  4.372869E-02  6.977355E+01  1.059197E+00  1.460726E+00  3.344215E+00  3.999585E-01
  1.025000E+04  1.495645E+01  1.337487E+01  2.982794E-01  7.008414E+01  7.012828E+01 -1.008760E-02  7.656144E-02 -1.008760E-02  7.000889E+01  1.539677E-02  7.656144E-02  1.539677E-02  7.011524E+01  1.054387E+00  1.452949E+00  3.306247E+00  3.529998E-01
  1.030000E+04  1.496348E+01  1.338531E+01  3.025384E-01  6.994148E+01  7.009074E+01 -1.345978E-02 -2.503007E-02 -1.345978E-02  6.979827E+01  5.020342E-02 -2.503007E-02  5.020342E-02  6.993543E+01  1.052116E+00  1.455312E+00  3.225419E+00  2.881869E-01
  1.035000E+04  1.498186E+01  1.339316E+01  3.053163E-01  7.006542E+01  7.009146E+01  9.067270E-02  8.587578E-02  9.067270E-02  7.013378E+01 -3.167267E-02  8.587578E-02 -3.167267E-02  6.997101E+01  1.059131E+00  1.455697E+00  3.255227E+00  3.914227E-01
  1.040000E+04  1.498629E+01  1.339087E+01  2.952574E-01  7.002590E+01  7.016931E+01 -5.436747E-03 -1.056676E-02 -5.436747E-03  6.986806E+01  9.335221E-02 -1.056676E-02  9.335221E-02  7.004033E+01  1.063616E+00  1.452642E+00  3.051285E+00  3.220623E-01
  1.045000E+04  1.497382E+01  1.338113E+01  3.004936E-01  7.013202E+01  7.036106E+01  6.349842E-02  5.060926E-02  6.349842E-02  6.995419E+01 -1.069606E-01  5.060926E-02 -1.069606E-01  7.008079E+01  1.061792E+00  1.458398E+00  3.238263E+00  3.816971E-01
  1.050000E+04  1.496905E+01  1.337180E+01  2.970733E-01  7.008093E+01  7.034214E+01  1.569508E-01 -8.512035E-02  1.569508E-01  6.997911E+01  1.157924E-01 -8.512035E-02  1.157924E-01  6.992153E+01  1.064833E+00  1.456386E+00  3.154081E+00  4.150209E-01
  1.055000E+04  1.498698E+01  1.338295E+01  2.980543E-01  7.002044E+01  7.013726E+01  2.069286E-02 -4.779483E-02  2.069286E-02  6.990950E+01  1.023541E-01 -4.779483E-02  1.023541E-01  7.001457E+01  1.069353E+00  1.452008E+00  3.062453E+00  3.019721E-01
  1.060000E+04  1.497139E+01  1.338675E+01  3.056122E-01  6.993812E+01  7.003223E+01 -2.604727E-02  4.977768E-02 -2.604727E-02  6.990397E+01 -8.760364E-02  4.977768E-02 -8.760364E-02  6.987814E+01  1.056424E+00  1.462506E+00  3.731750E+00  3.480768E-01
  1.065000E+04  1.495769E+01  1.339108E+01  3.068740E-01  6.999646E+01  7.012151E+01 -4.828406E-02 -4.031253E-02 -4.828406E-02  6.994269E+01  2.324217E-02 -4.031253E-02  2.324217E-02  6.992518E+01  1.044409E+00  1.462244E+00  3.155191E+00  3.175199E-01
  1.070000E+04  1.494431E+01  1.337204E+01  2.951973E-01  7.005145E+01  6.999958E+01  3.648458E-03 -1.409819E-02  3.648458E-03  7.014203E+01  2.142369E-02 -1.409819E-02  2.142369E-02  7.001276E+01  1.048184E+00  1.451781E+00  3.133161E+00  3.821925E-01
  1.075000E+04  1.497646E+01  1.339014E+01  3.032024E-01  6.998327E+01  7.005809E+01  4.386887E-02 -1.502945E-02  4.386887E-02  6.992864E+01 -6.100122E-04 -1.502945E-02 -6.100122E-04  6.996309E+01  1.057544E+00  1.456442E+00  3.585852E+00  3.421789E-01
  1.080000E+04  1.497290E+01  1.337742E+01  2.966289E-01  7.006394E+01  7.016945E+01 -2.273384E-02 -7.813344E-02 -2.273384E-02  6.995640E+01 -9.889066E-02 -7.813344E-02 -9.889066E-02  7.006598E+01  1.063659E+00  1.450933E+00  3.494068E+00  3.733367E-01
  1.085000E+04  1.498529E+01  1.338691E+01  3.051497E-01  7.018161E+01  7.024149E+01  6.054455E-02  4.643726E-02  6.054455E-02  7.007123E+01 -5.575669E-02  4.643726E-02 -5.575669E-02  7.023209E+01  1.065586E+00  1.456527E+00  3.316859E+00  4.027397E-01
  1.090000E+04  1.494927E+01  1.336949E+01  3.015296E-01  7.010927E+01  7.016997E+01  2.230206E-03 -5.250795E-03  2.230206E-03  7.009247E+01 -5.343783E-02 -5.250795E-03 -5.343783E-02  7.006537E+01  1.053187E+00  1.457656E+00  3.193046E+00  3.424116E-01
  1.095000E+04  1.498829E+01  1.339208E+01  3.042451E-01  7.004522E+01  7.002293E+01  1.652791E-02  4.408928E-02  1.652791E-02  7.010234E+01  5.338210E-02  4.408928E-02  5.338210E-02  7.001041E+01  1.064136E+00  1.458753E+00  3.301262E+00  3.530791E-01
  1.100000E+04  1.495129E+01  1.337587E+01  3.003310E-01  7.000608E+01  7.002381E+01  1.036515E-02 -1.094666E-01  1.036515E-02  7.006976E+01  1.228612E-01 -1.094666E-01  1.228612E-01  6.992466E+01  1.050280E+00  1.450354E+00  3.129418E+00  3.719892E-01
  1.105000E+04  1.496570E+01  1.337805E+01  3.009556E-01  7.011876E+01  7.012884E+01  3.789863E-02 -4.051888E-02  3.789863E-02  7.010527E+01 -1.411263E-02 -4.051888E-02 -1.411263E-02  7.012219E+01  1.058433E+00  1.461233E+00  3.268693E+00  3.679199E-01
  1.110000E+04  1.498433E+01  1.338382E+01  2.989831E-01  7.010632E+01  7.021810E+01 -9.060081E-03 -3.197331E-02 -9.060081E-03  7.007651E+01  2.321957E-02 -3.197331E-02  2.321957E-02  7.002436E+01  1.067005E+00  1.452787E+00  3.333863E+00  3.048629E-01
  1.115000E+04  1.498486E+01  1.338601E+01  3.015173E-01  7.006725E+01  7.018969E+01  2.633793E-02  3.151533E-02  2.633793E-02  7.003993E+01 -1.553886E-02  3.151533E-02 -1.553886E-02  6.997211E+01  1.065898E+00  1.456528E+00  3.154544E+00  3.494483E-01
  1.120000E+04  1.497679E+01  1.338659E+01  3.014338E-01  7.004295E+01  7.004199E+01  2.552587E-02  4.700741E-02  2.552587E-02  6.998215E+01  4.371527E-02  4.700741E-02  4.371527E-02  7.010473E+01  1.060134E+00  1.455114E+00  3.443476E+00  2.856471E-01
  1.125000E+04  1.496102E+01  1.337721E+01  3.071555E-01  6.999040E+01  7.012184E+01 -4.864162E-02 -1.056512E-01 -4.864162E-02  6.996062E+01  6.969918E-03 -1.056512E-01  6.969918E-03  6.988875E+01  1.055875E+00  1.461381E+00  3.246042E+00  2.923283E-01
  1.130000E+04  1.498723E+01  1.339074E+01  3.084537E-01  7.004091E+01  7.006943E+01  1.670744E-02 -9.646894E-03  1.670744E-02  7.010800E+01  1.354292E-01 -9.646894E-03  1.354292E-01  6.994529E+01  1.064324E+00  1.462371E+00  3.313919E+00  4.031133E-01
  1.135000E+04  1.496142E+01  1.337281E+01  2.943190E-01  7.008221E+01  7.025728E+01  7.093266E-02  6.897152E-03  7.093266E-02  7.009628E+01  4.032231E-02  6.897152E-03  4.032231E-02  6.989306E+01  1.059076E+00  1.446881E+00  3.427600E+00  3.473101E-01
  1.140000E+04  1.498520E+01  1.339338E+01  3.068821E-01  6.999150E+01  7.007600E+01 -6.694970E-02  1.008890E-01 -6.694970E-02  6.995465E+01 -7.517882E-02  1.008890E-01 -7.517882E-02  6.994385E+01  1.061215E+00  1.460914E+00  3.499815E+00  3.757391E-01
  1.145000E+04  1.497481E+01  1.339177E+01  2.994212E-01  7.001956E+01  7.014850E+01 -4.871825E-02 -1.229824E-01 -4.871825E-02  6.996077E+01  1.331937E-03 -1.229824E-01  1.331937E-03  6.994942E+01  1.055361E+00  1.452985E+00  3.405930E+00  3.716685E-01
  1.150000E+04  1.495079E+01  1.337560E+01  2.987666E-01  7.005651E+01  6.998082E+01 -9.380856E-03  8.681115E-03 -9.380856E-03  7.007749E+01 -3.531467E-02  8.681115E-03 -3.531467E-02  7.011122E+01  1.050130E+00  1.452075E+00  3.145408E+00  3.748336E-01
  1.155000E+04  1.496792E+01  1.338708E+01  3.027810E-01  7.009550E+01  7.003694E+01  8.831900E-02 -6.280613E-02  8.831900E-02  7.017552E+01  2.338608E-02 -6.280613E-02  2.338608E-02  7.007403E+01  1.053890E+00  1.457726E+00  3.369648E+00  3.944063E-01
  1.160000E+04  1.497932E+01  1.338377E+01  3.065955E-01  7.004121E+01  7.012058E+01  3.804660E-02  6.988420E-02  3.804660E-02  6.997826E+01 -2.793688E-02  6.988420E-02 -2.793688E-02  7.002479E+01  1.063697E+00  1.462538E+00  3.391919E+00  3.900390E-01
  1.165000E+04  1.496411E+01  1.338161E+01  3.066659E-01  7.003923E+01  7.024943E+01  7.883494E-02  6.576465E-02  7.883494E-02  6.990632E+01  8.859773E-02  6.576465E-02  8.859773E-02  6.996195E+01  1.054997E+00  1.463668E+00  3.191603E+00  3.855530E-01
  1.170000E+04  1.500524E+01  1.339564E+01  3.086783E-01  7.001999E+01  7.030983E+01 -1.136539E-01 -6.746678E-02 -1.136539E-01  6.985365E+01 -3.292660E-02 -6.746678E-02 -3.292660E-02  6.989647E+01  1.073068E+00  1.465100E+00  3.185239E+00  3.884364E-01
  1.175000E+04  1.497851E+01  1.338584E+01  3.010534E-01  7.002950E+01  7.024756E+01 -7.631965E-02 -2.666179E-02 -7.631965E-02  7.000308E+01  4.292223E-02 -2.666179E-02  4.292223E-02  6.983785E+01  1.061786E+00  1.457637E+00  3.226160E+00  3.398989E-01
  1.180000E+04  1.499872E+01  1.338682E+01  3.048381E-01  7.001309E+01  7.021156E+01  5.227444E-02  4.817792E-02  5.227444E-02  6.995494E+01 -9.060063E-02  4.817792E-02 -9.060063E-02  6.987277E+01  1.074600E+00  1.458330E+00  3.147082E+00  3.617088E-01
  1.185000E+04  1.497201E+01  1.336170E+01  2.978987E-01  7.006715E+01  7.016660E+01  1.354968E-02  8.216267E-03  1.354968E-02  6.999630E+01 -1.303153E-01  8.216267E-03 -1.303153E-01  7.003856E+01  1.073544E+00  1.451873E+00  3.290419E+00  3.121184E-01
  1.190000E+04  1.496223E+01  1.338619E+01  3.050737E-01  6.998907E+01  7.009872E+01 -3.038349E-02  9.048570E-03 -3.038349E-02  6.987152E+01  4.496853E-02  9.048570E-03  4.496853E-02  6.999695E+01  1.050689E+00  1.457265E+00  3.237435E+00  3.439164E-01
  1.195000E+04  1.496903E+01  1.337984E+01  2.993622E-01  7.008068E+01  7.020892E+01 -8.787243E-02 -5.663127E-02 -8.787243E-02  7.010788E+01  6.369565E-02 -5.663127E-02  6.369565E-02  6.992523E+01  1.059462E+00  1.453901E+00  3.372349E+00  4.252930E-01
  1.200000E+04  1.498273E+01  1.339193E+01  2.978226E-01  7.002825E+01  7.012648E+01 -8.725363E-03 -8.348163E-02 -8.725363E-03  6.992113E+01  1.370381E-01 -8.348163E-02  1.370381E-01  7.003713E+01  1.060537E+00  1.450696E+00  3.497591E+00  4.019525E-01
  1.205000E+04  1.499048E+01  1.339478E+01  3.110010E-01  7.001773E+01  7.014607E+01 -5.343103E-02  1.471844E-03 -5.343103E-02  7.002473E+01  1.227997E-02  1.471844E-03  1.227997E-02  6.988240E+01  1.063798E+00  1.461690E+00  3.714673E+00  4.025085E-01
  1.210000E+04  1.498936E+01  1.339214E+01  3.049448E-01  7.005785E+01  7.015551E+01 -3.578770E-02  9.268893E-03 -3.578770E-02  6.989901E+01  5.013564E-02  9.268893E-03  5.013564E-02  7.011903E+01  1.064815E+00  1.456108E+00  3.199705E+00  3.815374E-01
  1.215000E+04  1.493981E+01  1.336223E+01  2.978385E-01  7.017867E+01  7.029059E+01 -6.844902E-02 -3.198328E-02 -6.844902E-02  7.009909E+01  4.616266E-02 -3.198328E-02  4.616266E-02  7.014633E+01  1.051724E+00  1.453635E+00  3.071441E+00  3.817979E-01
  1.220000E+04  1.498107E+01  1.337708E+01  2.976704E-01  7.014434E+01  7.029789E+01  1.664116E-03 -8.614779E-02  1.664116E-03  7.001213E+01 -2.423582E-02 -8.614779E-02 -2.423582E-02  7.012300E+01  1.069326E+00  1.450289E+00  3.439999E+00  3.951908E-01
  1.225000E+04  1.497499E+01  1.338795E+01  3.017425E-01  7.008957E+01  7.001234E+01  5.708244E-03 -4.302434E-02  5.708244E-03  7.014105E+01  7.331551E-02 -4.302434E-02  7.331551E-02  7.011532E+01  1.058022E+00  1.456293E+00  3.353099E+00  3.431326E-01
  1.230000E+04  1.495581E+01  1.337643E+01  3.018570E-01  7.010837E+01  7.012150E+01 -2.428128E-02  2.267844E-02 -2.428128E-02  7.001419E+01  7.487957E-02  2.267844E-02  7.487957E-02  7.018941E+01  1.052922E+00  1.456451E+00  3.028260E+00  2.985261E-01
  1.235000E+04  1.496566E+01  1.338246E+01  3.021043E-01  6.993605E+01  7.002225E+01  1.162262E-02 -3.686008E-02  1.162262E-02  6.989682E+01  2.665789E-02 -3.686008E-02  2.665789E-02  6.988909E+01  1.055467E+00  1.455869E+00  3.407081E+00  3.457318E-01
  1.240000E+04  1.496398E+01  1.338110E+01  3.030136E-01  7.001003E+01  6.996339E+01 -4.026759E-02  8.967486E-03 -4.026759E-02  7.002992E+01 -6.161229E-02  8.967486E-03 -6.161229E-02  7.003680E+01  1.055253E+00  1.456878E+00  3.370706E+00  3.694994E-01
  1.245000E+04  1.499286E+01  1.340422E+01  3.050373E-01  6.992774E+01  6.996521E+01  3.926830E-02  8.917901E-02  3.926830E-02  6.998153E+01 -1.678770E-02  8.917901E-02 -1.678770E-02  6.983650E+01  1.059094E+00  1.460583E+00  3.433328E+00  4.017447E-01
  1.250000E+04  1.496791E+01  1.338188E+01  3.048920E-01  7.009828E+01  7.011313E+01  1.949973E-02 -5.121816E-02  1.949973E-02  7.006095E+01 -1.026893E-01 -5.121816E-02 -1.026893E-01  7.012076E+01  1.057353E+00  1.457631E+00  3.282558E+00  3.972099E-01
  1.255000E+04  1.497513E+01  1.339021E+01  3.087181E-01  7.005216E+01  7.008078E+01  3.263793E-03  1.341706E-02  3.263793E-03  6.993628E+01 -1.200448E-01  1.341706E-02 -1.200448E-01  7.013941E+01  1.056610E+00  1.459637E+00  3.325606E+00  3.990729E-01
  1.260000E+04  1.497994E+01  1.338764E+01  3.024078E-01  7.002548E+01  7.025072E+01  3.729935E-02  2.779701E-02  3.729935E-02  6.996825E+01  1.041470E-01  2.779701E-02  1.041470E-01  6.985748E+01  1.061533E+00  1.457492E+00  3.343798E+00  3.017335E-01
  1.265000E+04  1.496064E+01  1.337438E+01  2.923878E-01  7.004426E+01  7.007852E+01 -6.856194E-04 -5.013930E-02 -6.856194E-04  7.008235E+01  5.765253E-02 -5.013930E-02  5.765253E-02  6.997191E+01  1.057509E+00  1.451296E+00  3.490828E+00  3.451744E-01
  1.270000E+04  1.497956E+01  1.339562E+01  3.020317E-01  6.994514E+01  7.000117E+01  2.759125E-02  1.043494E-01  2.759125E-02  6.984613E+01  1.892009E-02  1.043494E-01  1.892009E-02  6.998811E+01  1.055958E+00  1.455004E+00  3.593673E+00  3.574551E-01
  1.275000E+04  1.498086E+01  1.338875E+01  3.025566E-01  7.006584E+01  7.019311E+01  4.553908E-02  1.211402E-02  4.553908E-02  7.000725E+01 -2.419890E-02  1.211402E-02 -2.419890E-02  6.999717E+01  1.061405E+00  1.457375E+00  3.221995E+00  3.201564E-01
  1.280000E+04  1.496187E+01  1.337161E+01  2.998915E-01  6.994758E+01  7.002738E+01  1.108759E-02 -1.019373E-01  1.108759E-02  6.979274E+01  4.499617E-02 -1.019373E-01  4.499617E-02  7.002263E+01  1.060172E+00  1.453316E+00  3.245497E+00  3.953214E-01
  1.285000E+04  1.495209E+01  1.336340E+01  3.080706E-01  6.997742E+01  6.997240E+01 -3.041525E-02 -2.051489E-02 -3.041525E-02  6.992904E+01  2.043764E-02 -2.051489E-02  2.043764E-02  7.003082E+01  1.059127E+00  1.464752E+00  3.394933E+00  3.322563E-01
  1.290000E+04  1.495550E+01  1.336724E+01  2.981983E-01  7.007564E+01  7.009299E+01 -1.986354E-02 -9.101991E-02 -1.986354E-02  7.003843E+01  1.300115E-02 -9.101991E-02  1.300115E-02  7.009550E+01  1.058841E+00  1.454561E+00  3.207186E+00  3.110296E-01
  1.295000E+04  1.497124E+01  1.338453E+01  3.012961E-01  7.000331E+01  7.012149E+01  8.626530E-02 -8.433527E-02  8.626530E-02  6.987174E+01  1.902043E-02 -8.433527E-02  1.902043E-02  7.001669E+01  1.057804E+00  1.458398E+00  3.255337E+00  3.487348E-01
  1.300000E+04  1.495996E+01  1.337982E+01  2.978635E-01  7.014789E+01  7.017807E+01  4.013498E-02 -2.086831E-02  4.013498E-02  7.007042E+01  3.137447E-02 -2.086831E-02  3.137447E-02  7.019519E+01  1.053429E+00  1.450324E+00  3.094664E+00  3.429509E-01
  1.305000E+04  1.497054E+01  1.339546E+01  3.059107E-01  6.990255E+01  6.990990E+01 -4.124707E-02 -1.508723E-01 -4.124707E-02  6.996104E+01  6.591754E-02 -1.508723E-01  6.591754E-02  6.983669E+01  1.050049E+00  1.459716E+00  3.508873E+00  2.830846E-01
  1.310000E+04  1.497882E+01  1.338817E+01  3.025873E-01  7.009447E+01  7.005635E+01 -7.212166E-02  1.810014E-02 -7.212166E-02  7.006981E+01 -8.220471E-02  1.810014E-02 -8.220471E-02  7.015726E+01  1.060432E+00  1.457552E+00  3.161877E+00  3.751226E-01
  1.315000E+04  1.500289E+01  1.339622E+01  3.022356E-01  7.003117E+01  7.015360E+01  4.502542E-02  6.848388E-02  4.502542E-02  6.995483E+01 -1.989133E-02  6.848388E-02 -1.989133E-02  6.998508E+01  1.071114E+00  1.458508E+00  3.346284E+00  3.359611E-01
  1.320000E+04  1.498324E+01  1.339416E+01  3.071960E-01  7.001398E+01  7.007957E+01 -3.239368E-02  9.916892E-03 -3.239368E-02  6.998730E+01 -1.823197E-02  9.916892E-03 -1.823197E-02  6.997507E+01  1.059382E+00  1.462133E+00  3.318257E+00  3.245874E-01
  1.325000E+04  1.498925E+01  1.339850E+01  3.012978E-01  7.006146E+01  7.021541E+01  6.174249E-02  1.009959E-01  6.174249E-02  7.000293E+01  2.235727E-02  1.009959E-01  2.235727E-02  6.996603E+01  1.060500E+00  1.457212E+00  3.185514E+00  3.462787E-01
  1.330000E+04  1.497507E+01  1.338248E+01  3.052646E-01  6.997447E+01  6.996922E+01 -1.359112E-01  2.255569E-02 -1.359112E-01  6.999594E+01 -2.833624E-02  2.255569E-02 -2.833624E-02  6.995826E+01  1.061725E+00  1.459043E+00  3.263746E+00  4.223128E-01
  1.335000E+04  1.497165E+01  1.338098E+01  2.968749E-01  7.011399E+01  7.017465E+01 -1.861195E-02  1.290721E-02 -1.861195E-02  7.007745E+01  1.178701E-01  1.290721E-02  1.178701E-01  7.008985E+01  1.060445E+00  1.456517E+00  3.479490E+00  3.182409E-01
  1.340000E+04  1.499326E+01  1.338966E+01  3.053552E-01  7.011898E+01  7.019036E+01  3.093371E-02 -5.131658E-02  3.093371E-02  6.997830E+01 -6.854717E-02 -5.131658E-02 -6.854717E-02  7.018828E+01  1.069072E+00  1.456527E+00  3.192830E+00  3.442872E-01
  1.345000E+04  1.498477E+01  1.339622E+01  3.045062E-01  7.003113E+01  7.008803E+01 -1.317847E-01  2.380384E-02 -1.317847E-01  7.009282E+01  6.993634E-02  2.380384E-02  6.993634E-02  6.991253E+01  1.059027E+00  1.460578E+00  3.142805E+00  3.941252E-01
  1.350000E+04  1.497405E+01  1.338603E+01  2.998883E-01  7.012558E+01  7.011400E+01  6.167463E-03 -4.397000E-02  6.167463E-03  7.012577E+01  5.901033E-02 -4.397000E-02  5.901033E-02  7.013697E+01  1.058680E+00  1.456956E+00  3.216098E+00  4.124868E-01
  1.355000E+04  1.495325E+01  1.337893E+01  3.035608E-01  7.000013E+01  7.011948E+01  1.127227E-01  1.956778E-02  1.127227E-01  6.989951E+01  2.277595E-02  1.956778E-02  2.277595E-02  6.998141E+01  1.049551E+00  1.454913E+00  3.379484E+00  3.469434E-01
  1.360000E+04  1.496092E+01  1.337548E+01  2.983564E-01  7.014180E+01  7.029496E+01  9.861575E-02 -1.087847E-01  9.861575E-02  7.000547E+01  4.232962E-02 -1.087847E-01  4.232962E-02  7.012497E+01  1.056959E+00  1.451253E+00  3.322186E+00  3.544721E-01
  1.365000E+04  1.497931E+01  1.338387E+01  3.060788E-01  7.011365E+01  7.020570E+01 -1.230060E-02 -5.786947E-02 -1.230060E-02  6.997516E+01 -7.540605E-02 -5.786947E-02 -7.540605E-02  7.016009E+01  1.063628E+00  1.462916E+00  3.222166E+00  3.539596E-01
  1.370000E+04  1.495952E+01  1.337436E+01  3.047361E-01  7.009158E+01  7.022812E+01 -4.397131E-02  2.636333E-02 -4.397131E-02  7.011958E+01 -2.306544E-02  2.636333E-02 -2.306544E-02  6.992705E+01  1.056771E+00  1.459773E+00  3.211274E+00  2.778623E-01
  1.375000E+04  1.495965E+01  1.337856E+01  3.004154E-01  7.010832E+01  7.020614E+01 -4.835634E-02  3.018687E-02 -4.835634E-02  6.996876E+01 -4.276477E-02  3.018687E-02 -4.276477E-02  7.015008E+01  1.054066E+00  1.454177E+00  3.367818E+00  3.592409E-01
  1.380000E+04  1.496101E+01  1.336693E+01  2.895796E-01  7.005561E+01  7.013112E+01  5.620166E-02  6.267048E-02  5.620166E-02  7.006330E+01  1.897719E-02  6.267048E-02  1.897719E-02  6.997242E+01  1.062724E+00  1.444122E+00  3.367534E+00  3.400949E-01
  1.385000E+04  1.497941E+01  1.338537E+01  3.021147E-01  7.014984E+01  7.037894E+01 -6.837587E-02 -2.903696E-02 -6.837587E-02  7.010854E+01  7.386710E-02 -2.903696E-02  7.386710E-02  6.996203E+01  1.062694E+00  1.455969E+00  3.272523E+00  4.208332E-01
  1.390000E+04  1.497200E+01  1.339233E+01  3.060412E-01  6.999806E+01  6.989910E+01 -1.190701E-02 -3.956953E-02 -1.190701E-02  7.000311E+01  4.575484E-02 -3.956953E-02  4.575484E-02  7.009197E+01  1.053116E+00  1.456154E+00  3.383495E+00  3.908682E-01
  1.395000E+04  1.497235E+01  1.338828E+01  3.015467E-01  7.003318E+01  7.011785E+01  1.399130E-02  1.170748E-01  1.399130E-02  6.994214E+01  1.608739E-01  1.170748E-01  1.608739E-01  7.003955E+01  1.056047E+00  1.446458E+00  3.376435E+00  2.471227E-01
  1.400000E+04  1.498689E+01  1.339572E+01  3.047443E-01  7.008702E+01  7.018792E+01  2.283577E-02 -4.828015E-03  2.283577E-02  7.003334E+01 -5.654609E-02 -4.828015E-03 -5.654609E-02  7.003979E+01  1.060782E+00  1.459868E+00  3.017022E+00  2.843419E-01
  1.405000E+04  1.497423E+01  1.339110E+01  3.003898E-01  6.996531E+01  7.005099E+01  6.858986E-03 -8.787608E-02  6.858986E-03  6.983492E+01  1.144625E-01 -8.787608E-02  1.144625E-01  7.001002E+01  1.055417E+00  1.453110E+00  3.383225E+00  3.425417E-01
  1.410000E+04  1.495794E+01  1.337361E+01  2.996479E-01  7.012425E+01  7.013143E+01 -3.351625E-02  8.846473E-02 -3.351625E-02  6.997323E+01  9.333742E-03  8.846473E-02  9.333742E-03  7.026808E+01  1.056220E+00  1.453747E+00  3.278836E+00  3.667212E-01
  1.415000E+04  1.496451E+01  1.337882E+01  3.020501E-01  7.010313E+01  7.014888E+01  8.261679E-02  3.796879E-02  8.261679E-02  7.003501E+01 -6.949445E-02  3.796879E-02 -6.949445E-02  7.012550E+01  1.057125E+00  1.457315E+00  3.100661E+00  3.472950E-01
  1.420000E+04  1.497767E+01  1.339134E+01  3.031461E-01  7.007522E+01  7.023199E+01  7.275969E-02  8.498683E-03  7.275969E-02  7.002472E+01  5.173558E-02  8.498683E-03  5.173558E-02  6.996894E+01  1.057554E+00  1.458435E+00  3.500940E+00  3.947336E-01
  1.425000E+04  1.496343E+01  1.337475E+01  2.951974E-01  7.007043E+01  7.022612E+01 -2.178074E-02  4.198108E-02 -2.178074E-02  7.001690E+01  9.376551E-02  4.198108E-02  9.376551E-02  6.996828E+01  1.059121E+00  1.452701E+00  3.038047E+00  2.921966E-01
  1.430000E+04  1.496785E+01  1.338397E+01  3.011747E-01  7.003802E+01  6.999719E+01  1.324074E-02 -8.716314E-02  1.324074E-02  7.003228E+01  3.433927E-02 -8.716314E-02  3.433927E-02  7.008460E+01  1.055923E+00  1.456950E+00  3.218580E+00  3.439460E-01
  1.435000E+04  1.498073E+01  1.337733E+01  2.983681E-01  7.010512E+01  7.017920E+01  4.088949E-02  3.203150E-02  4.088949E-02  7.002911E+01 -1.413617E-02  3.203150E-02 -1.413617E-02  7.010704E+01  1.068939E+00  1.449836E+00  3.168648E+00  3.243425E-01
  1.440000E+04  1.497440E+01  1.339487E+01  3.073139E-01  6.994543E+01  7.002563E+01 -4.474190E-02  2.701925E-02 -4.474190E-02  7.001134E+01  1.743457E-02  2.701925E-02  1.743457E-02  6.979932E+01  1.053024E+00  1.460571E+00  3.523132E+00  2.723226E-01
  1.445000E+04  1.499546E+01  1.339956E+01  3.120619E-01  7.002420E+01  7.013647E+01  8.796664E-03  7.085817E-02  8.796664E-03  6.996977E+01 -6.204069E-02  7.085817E-02 -6.204069E-02  6.996636E+01  1.063933E+00  1.468361E+00  3.443579E+00  3.195334E-01
  1.450000E+04  1.496024E+01  1.338049E+01  3.005071E-01  6.999975E+01  7.020966E+01 -6.193502E-02 -2.572154E-02 -6.193502E-02  6.987802E+01  2.074048E-02 -2.572154E-02  2.074048E-02  6.991156E+01  1.053168E+00  1.456288E+00  3.364144E+00  3.614710E-01
  1.455000E+04  1.500324E+01  1.340462E+01  3.129844E-01  7.002576E+01  7.003289E+01  4.088921E-02  5.373957E-02  4.088921E-02  7.013476E+01  4.376268E-02  5.373957E-02  4.376268E-02  6.990964E+01  1.065746E+00  1.469448E+00  3.337997E+00  3.772655E-01
  1.460000E+04  1.496722E+01  1.338903E+01  3.102462E-01  7.000497E+01  7.007900E+01 -3.097875E-02  1.257438E-01 -3.097875E-02  6.984438E+01 -5.398386E-02  1.257438E-01 -5.398386E-02  7.009154E+01  1.052125E+00  1.462918E+00  3.213326E+00  3.165218E-01
  1.465000E+04  1.496265E+01  1.336849E+01  3.003265E-01  7.004386E+01  7.002388E+01  4.349999E-02  2.757929E-02  4.349999E-02  7.001232E+01  1.014681E-02  2.757929E-02  1.014681E-02  7.009537E+01  1.062775E+00  1.451824E+00  3.585669E+00  3.949542E-01
  1.470000E+04  1.496230E+01  1.338127E+01  3.012234E-01  7.010055E+01  7.009172E+01  1.065044E-01  1.473548E-02  1.065044E-01  6.998036E+01  2.575040E-02  1.473548E-02  2.575040E-02  7.022956E+01  1.054018E+00  1.455076E+00  3.279459E+00  3.563751E-01
  1.475000E+04  1.494772E+01  1.334847E+01  2.973298E-01  7.015894E+01  7.030058E+01 -6.775827E-02 -8.437338E-02 -6.775827E-02  7.003476E+01  7.246801E-02 -8.437338E-02  7.246801E-02  7.014149E+01  1.066165E+00  1.453194E+00  3.204004E+00  4.288457E-01
  1.480000E+04  1.497896E+01  1.338723E+01  2.988264E-01  7.008447E+01  7.026115E+01 -6.487376E-02 -5.739078E-02 -6.487376E-02  6.993344E+01  4.651026E-02 -5.739078E-02  4.651026E-02  7.005883E+01  1.061151E+00  1.453545E+00  3.196871E+00  3.872194E-01
  1.485000E+04  1.496377E+01  1.337407E+01  2.975323E-01  7.003532E+01  7.018424E+01 -1.293955E-01 -2.318551E-04 -1.293955E-01  7.002177E+01 -5.223736E-02 -2.318551E-04 -5.223736E-02  6.989995E+01  1.059805E+00  1.448253E+00  3.494197E+00  3.527214E-01
  1.490000E+04  1.499943E+01  1.339067E+01  2.996916E-01  7.002343E+01  7.021849E+01  3.245624E-02 -9.568842E-02  3.245624E-02  6.993818E+01 -3.920052E-02 -9.568842E-02 -3.920052E-02  6.991363E+01  1.072512E+00  1.452006E+00  3.375938E+00  4.208260E-01
  1.495000E+04  1.497677E+01  1.338878E+01  3.020419E-01  7.012277E+01  7.023016E+01  2.989306E-02 -8.186221E-02  2.989306E-02  7.003809E+01 -7.699337E-02 -8.186221E-02 -7.699337E-02  7.010007E+01  1.058656E+00  1.456615E+00  3.207598E+00  3.746543E-01
  1.500000E+04  1.498151E+01  1.339139E+01  3.033330E-01  7.005831E+01  7.017938E+01 -9.159857E-02 -2.259753E-02 -9.159857E-02  7.010322E+01 -2.419539E-03 -2.259753E-02 -2.419539E-03  6.989233E+01  1.060082E+00  1.461057E+00  3.375688E+00  2.827575E-01
