#         time      en-total      pe-total      be-total      pressure          s_xx          s_xy          s_xz          s_yx          s_yy          s_yz          s_zx          s_zy          s_zz   temperature     bndlen-av    bndlen-max    bndlen-min
  0.000000E+00  1.435911E+01  1.278794E+01  1.529626E-02  6.945919E+01  6.941064E+01  9.337917E-04  5.585795E-02  9.337917E-04  6.942419E+01  2.401076E-02  5.585795E-02  2.401076E-02  6.954275E+01  1.047448E+00  1.378570E+00  2.583749E+00  4.735226E-01
  5.000000E+01  1.436336E+01  1.278344E+01  1.847139E-02  6.933759E+01  6.941018E+01 -7.911735E-03  3.133250E-02 -7.911735E-03  6.923213E+01 -5.066959E-02  3.133250E-02 -5.066959E-02  6.937046E+01  1.053278E+00  1.412375E+00  3.051875E+00  4.343410E-01
  1.000000E+02  1.438388E+01  1.279667E+01  1.727483E-02  6.936095E+01  6.940958E+01 -3.975311E-02  4.861886E-02 -3.975311E-02  6.933831E+01 -4.940283E-02  4.861886E-02 -4.940283E-02  6.933497E+01  1.058144E+00  1.411688E+00  3.006295E+00  4.539607E-01
  1.500000E+02  1.435916E+01  1.277469E+01  1.746113E-02  6.934845E+01  6.935354E+01 -5.780425E-02 -3.917728E-02 -5.780425E-02  6.930972E+01 -6.673089E-02 -3.917728E-02 -6.673089E-02  6.938209E+01  1.056310E+00  1.427319E+00  2.865970E+00  4.281490E-01
  2.000000E+02  1.434314E+01  1.278103E+01  1.600876E-02  6.937817E+01  6.943078E+01 -4.108288E-02  9.426598E-02 -4.108288E-02  6.938867E+01  2.091291E-01  9.426598E-02  2.091291E-01  6.931505E+01  1.041408E+00  1.401019E+00  2.847264E+00  4.247481E-01
  2.500000E+02  1.436987E+01  1.278762E+01  1.629323E-02  6.927293E+01  6.934689E+01 -5.589242E-02 -1.522324E-01 -5.589242E-02  6.922739E+01 -8.769080E-02 -1.522324E-01 -8.769080E-02  6.924449E+01  1.054832E+00  1.406826E+00  2.829487E+00  4.162297E-01
  3.000000E+02  1.435577E+01  1.277567E+01  1.710457E-02  6.942136E+01  6.949575E+01  7.361553E-02 -6.688201E-02  7.361553E-02  6.931006E+01 -8.258452E-04 -6.688201E-02 -8.258452E-04  6.945828E+01  1.053400E+00  1.403939E+00  3.127506E+00  4.441117E-01
  3.500000E+02  1.438446E+01  1.280461E+01  1.710419E-02  6.924041E+01  6.922066E+01  1.333647E-01  1.067415E-01  1.333647E-01  6.927735E+01  9.675564E-03  1.067415E-01  9.675564E-03  6.922321E+01  1.053238E+00  1.422796E+00  2.880198E+00  3.739342E-01
  4.000000E+02  1.436929E+01  1.278979E+01  1.771736E-02  6.936493E+01  6.943033E+01  1.982995E-02  4.929724E-03  1.982995E-02  6.934712E+01  1.282107E-02  4.929724E-03  1.282107E-02  6.931734E+01  1.052998E+00  1.437643E+00  2.638497E+00  4.480573E-01
  4.500000E+02  1.437213E+01  1.278911E+01  1.815932E-02  6.931704E+01  6.926364E+01 -4.165011E-02  1.241112E-01 -4.165011E-02  6.933347E+01  3.361746E-02  1.241112E-01  3.361746E-02  6.935400E+01  1.055347E+00  1.455676E+00  2.836715E+00  5.251406E-01
  5.000000E+02  1.438977E+01  1.278242E+01  1.768018E-02  6.953545E+01  6.954511E+01 -1.325336E-01  6.568185E-02 -1.325336E-01  6.960351E+01 -4.442383E-02  6.568185E-02 -4.442383E-02  6.945773E+01  1.071568E+00  1.422379E+00  2.722524E+00  3.656288E-01
  5.500000E+02  1.435358E+01  1.277566E+01  1.487216E-02  6.943233E+01  6.939057E+01 -6.633293E-02 -3.264593E-03 -6.633293E-02  6.952370E+01 -7.118998E-02 -3.264593E-03 -7.118998E-02  6.938271E+01  1.051949E+00  1.368765E+00  3.159447E+00  4.587267E-01
  6.000000E+02  1.437759E+01  1.278902E+01  1.728595E-02  6.937315E+01  6.936536E+01 -7.002358E-02 -1.010722E-01 -7.002358E-02  6.937790E+01  1.020319E-02 -1.010722E-01  1.020319E-02  6.937620E+01  1.059048E+00  1.429061E+00  2.683428E+00  4.294194E-01
  6.500000E+02  1.436617E+01  1.278221E+01  1.549631E-02  6.932950E+01  6.933789E+01 -4.750155E-02 -7.228927E-02 -4.750155E-02  6.946235E+01  6.500299E-02 -7.228927E-02  6.500299E-02  6.918827E+01  1.055975E+00  1.384362E+00  2.748617E+00  4.258697E-01
  7.000000E+02  1.437144E+01  1.279271E+01  1.639117E-02  6.943270E+01  6.933694E+01  3.218438E-03 -1.589393E-02  3.218438E-03  6.956290E+01  5.353540E-03 -1.589393E-02  5.353540E-03  6.939826E+01  1.052487E+00  1.421910E+00  2.851906E+00  4.815318E-01
  7.500000E+02  1.435006E+01  1.278241E+01  1.815574E-02  6.943968E+01  6.949729E+01  5.999960E-02 -8.863173E-03  5.999960E-02  6.937822E+01  3.987383E-02 -8.863173E-03  3.987383E-02  6.944353E+01  1.045095E+00  1.430843E+00  2.993643E+00  5.141251E-01
  8.000000E+02  1.437007E+01  1.278767E+01  1.699378E-02  6.938920E+01  6.943859E+01 -6.797243E-02  1.183057E-02 -6.797243E-02  6.932903E+01 -6.655845E-02  1.183057E-02 -6.655845E-02  6.939999E+01  1.054931E+00  1.419277E+00  2.670575E+00  4.667228E-01
  8.500000E+02  1.433505E+01  1.276886E+01  1.624722E-02  6.940927E+01  6.932166E+01  9.997880E-02  3.857610E-02  9.997880E-02  6.945855E+01 -2.405155E-03  3.857610E-02 -2.405155E-03  6.944759E+01  1.044126E+00  1.397356E+00  2.703863E+00  4.675257E-01
  9.000000E+02  1.439229E+01  1.279753E+01  1.930781E-02  6.935962E+01  6.925399E+01  6.396356E-02 -1.084602E-01  6.396356E-02  6.932909E+01 -2.901742E-02 -1.084602E-01 -2.901742E-02  6.949577E+01  1.063176E+00  1.459470E+00  3.046688E+00  5.135187E-01
  9.500000E+02  1.436032E+01  1.278316E+01  1.505298E-02  6.942232E+01  6.947770E+01 -6.877154E-02  4.003196E-02 -6.877154E-02  6.936876E+01  6.208671E-02  4.003196E-02  6.208671E-02  6.942050E+01  1.051439E+00  1.389351E+00  2.524829E+00  5.496365E-01
  1.000000E+03  1.435481E+01  1.277055E+01  1.599219E-02  6.946152E+01  6.943321E+01 -8.519013E-02 -4.415280E-02 -8.519013E-02  6.944881E+01  4.807828E-02 -4.415280E-02  4.807828E-02  6.950255E+01  1.056177E+00  1.429385E+00  2.615024E+00  4.402741E-01
  1.050000E+03  1.435447E+01  1.277802E+01  1.713242E-02  6.942799E+01  6.946463E+01 -5.149838E-02 -3.527725E-02 -5.149838E-02  6.933002E+01  2.951357E-02 -3.527725E-02  2.951357E-02  6.948931E+01  1.050962E+00  1.415309E+00  2.623065E+00  5.660747E-01
  1.100000E+03  1.437445E+01  1.278926E+01  1.827433E-02  6.942830E+01  6.946898E+01  8.221735E-02 -1.063663E-01  8.221735E-02  6.948508E+01 -1.668744E-02 -1.063663E-01 -1.668744E-02  6.933084E+01  1.056794E+00  1.425487E+00  3.115023E+00  3.932999E-01
  1.150000E+03  1.437215E+01  1.279064E+01  1.593956E-02  6.938376E+01  6.938589E+01 -4.120563E-03  1.915659E-03 -4.120563E-03  6.935852E+01  4.731980E-02  1.915659E-03  4.731980E-02  6.940687E+01  1.054337E+00  1.385946E+00  3.200525E+00  5.325413E-01
  1.200000E+03  1.437918E+01  1.279953E+01  1.796366E-02  6.944988E+01  6.943404E+01  2.816200E-02  8.851206E-02  2.816200E-02  6.948212E+01 -4.712416E-02  8.851206E-02 -4.712416E-02  6.943347E+01  1.053101E+00  1.442479E+00  2.940079E+00  4.903717E-01
  1.250000E+03  1.435781E+01  1.279167E+01  1.776230E-02  6.930860E+01  6.947691E+01  2.049729E-03 -3.054809E-02  2.049729E-03  6.913289E+01  1.643170E-02 -3.054809E-02  1.643170E-02  6.931601E+01  1.044098E+00  1.430827E+00  2.948804E+00  4.687275E-01
  1.300000E+03  1.436669E+01  1.277479E+01  1.593391E-02  6.954235E+01  6.962137E+01  5.914714E-02  4.658068E-03  5.914714E-02  6.952455E+01  6.458665E-03  4.658068E-03  6.458665E-03  6.948112E+01  1.061273E+00  1.409479E+00  2.612575E+00  5.321951E-01
  1.350000E+03  1.436070E+01  1.278423E+01  1.572251E-02  6.932432E+01  6.930783E+01 -4.330865E-02  8.175931E-03 -4.330865E-02  6.936185E+01  6.253285E-03  8.175931E-03  6.253285E-03  6.930328E+01  1.050979E+00  1.402554E+00  3.227816E+00  4.373248E-01
  1.400000E+03  1.436466E+01  1.278498E+01  1.614965E-02  6.944354E+01  6.949312E+01 -4.632450E-02  6.280872E-02 -4.632450E-02  6.944378E+01 -4.353132E-02  6.280872E-02 -4.353132E-02  6.939371E+01  1.053116E+00  1.392666E+00  3.030710E+00  5.314811E-01
  1.450000E+03  1.439369E+01  1.280156E+01  1.742137E-02  6.940193E+01  6.933025E+01  4.205171E-02 -4.538851E-03  4.205171E-02  6.937130E+01  1.137873E-01 -4.538851E-03  1.137873E-01  6.950426E+01  1.061420E+00  1.423990E+00  2.972855E+00  4.081823E-01
  1.500000E+03  1.437437E+01  1.278510E+01  1.779609E-02  6.936623E+01  6.923615E+01  2.646182E-02  1.273808E-01  2.646182E-02  6.943792E+01  8.515932E-02  1.273808E-01  8.515932E-02  6.942462E+01  1.059515E+00  1.431985E+00  3.005796E+00  4.927805E-01
  1.550000E+03  1.436824E+01  1.278411E+01  1.741749E-02  6.935082E+01  6.924589E+01  2.184787E-02  1.963479E-02  2.184787E-02  6.944313E+01  2.099256E-02  1.963479E-02  2.099256E-02  6.936344E+01  1.056089E+00  1.438112E+00  3.009552E+00  4.826297E-01
  1.600000E+03  1.438057E+01  1.278826E+01  1.715777E-02  6.940371E+01  6.923649E+01 -5.844946E-03 -6.744781E-02 -5.844946E-03  6.948245E+01  5.669439E-02 -6.744781E-02  5.669439E-02  6.949219E+01  1.061544E+00  1.422716E+00  3.079953E+00  3.903538E-01
  1.650000E+03  1.437048E+01  1.279154E+01  1.771832E-02  6.940955E+01  6.919747E+01  3.441822E-02 -2.839058E-02  3.441822E-02  6.950706E+01  2.648966E-02 -2.839058E-02  2.648966E-02  6.952412E+01  1.052628E+00  1.431234E+00  3.020083E+00  5.318004E-01
  1.700000E+03  1.438406E+01  1.278872E+01  1.696807E-02  6.938248E+01  6.938075E+01 -8.534800E-02  6.066387E-02 -8.534800E-02  6.940921E+01  1.942354E-02  6.066387E-02  1.942354E-02  6.935747E+01  1.063559E+00  1.415049E+00  3.060734E+00  3.479344E-01
  1.750000E+03  1.433438E+01  1.276972E+01  1.882655E-02  6.941367E+01  6.938113E+01  3.208501E-02 -1.025391E-02  3.208501E-02  6.942133E+01  8.830746E-02 -1.025391E-02  8.830746E-02  6.943855E+01  1.043105E+00  1.440684E+00  3.327230E+00  5.291599E-01
  1.800000E+03  1.436512E+01  1.278092E+01  1.790460E-02  6.940281E+01  6.935870E+01 -5.262377E-03  1.765279E-04 -5.262377E-03  6.934894E+01  3.432472E-02  1.765279E-04  3.432472E-02  6.950079E+01  1.056131E+00  1.423559E+00  3.048521E+00  3.658070E-01
  1.850000E+03  1.435790E+01  1.278585E+01  1.764408E-02  6.934487E+01  6.937694E+01 -1.163290E-01 -5.518126E-02 -1.163290E-01  6.925331E+01  7.979746E-02 -5.518126E-02  7.979746E-02  6.940437E+01  1.048032E+00  1.433467E+00  3.137287E+00  5.589687E-01
  1.900000E+03  1.432879E+01  1.276434E+01  1.749894E-02  6.941649E+01  6.951418E+01  5.717887E-02 -1.894789E-02  5.717887E-02  6.935542E+01  2.537960E-02 -1.894789E-02  2.537960E-02  6.937988E+01  1.042967E+00  1.421643E+00  2.651159E+00  4.685521E-01
  1.950000E+03  1.438977E+01  1.279434E+01  1.692794E-02  6.938878E+01  6.931743E+01 -4.681963E-02 -4.105017E-02 -4.681963E-02  6.947876E+01 -2.818545E-02 -4.105017E-02 -2.818545E-02  6.937015E+01  1.063619E+00  1.419429E+00  3.072360E+00  4.550899E-01
  2.000000E+03  1.437161E+01  1.278755E+01  1.652704E-02  6.944559E+01  6.931755E+01 -9.186549E-02  4.366039E-02 -9.186549E-02  6.952499E+01 -2.802879E-02  4.366039E-02 -2.802879E-02  6.949422E+01  1.056043E+00  1.411001E+00  2.688265E+00  5.413220E-01
  2.050000E+03  1.437666E+01  1.279004E+01  1.546829E-02  6.940953E+01  6.945766E+01 -5.894265E-02  1.001983E-02 -5.894265E-02  6.941632E+01 -2.504427E-02  1.001983E-02 -2.504427E-02  6.935461E+01  1.057745E+00  1.399253E+00  2.923590E+00  3.967412E-01
  2.100000E+03  1.438160E+01  1.280584E+01  1.665371E-02  6.930663E+01  6.926226E+01  3.306254E-02  2.504818E-02  3.306254E-02  6.927905E+01 -5.461753E-02  2.504818E-02 -5.461753E-02  6.937857E+01  1.050506E+00  1.411852E+00  2.762106E+00  4.405656E-01
  2.150000E+03  1.438691E+01  1.279617E+01  1.690608E-02  6.937288E+01  6.930953E+01  6.184496E-02 -4.691992E-02  6.184496E-02  6.932813E+01  4.171060E-02 -4.691992E-02  4.171060E-02  6.948097E+01  1.060491E+00  1.403239E+00  2.764508E+00  3.436652E-01
  2.200000E+03  1.437237E+01  1.278581E+01  1.624503E-02  6.946148E+01  6.942680E+01 -4.575843E-03  1.623598E-02 -4.575843E-03  6.940034E+01  9.922113E-02  1.623598E-02  9.922113E-02  6.955731E+01  1.057711E+00  1.397585E+00  2.768432E+00  4.187180E-01
  2.250000E+03  1.436873E+01  1.278697E+01  1.587361E-02  6.931144E+01  6.934131E+01 -3.186398E-02 -2.148175E-02 -3.186398E-02  6.934536E+01 -3.918177E-02 -2.148175E-02 -3.918177E-02  6.924766E+01  1.054504E+00  1.413171E+00  2.895831E+00  5.095079E-01
  2.300000E+03  1.437764E+01  1.278158E+01  1.571882E-02  6.935468E+01  6.936845E+01 -3.321261E-02  1.157046E-02 -3.321261E-02  6.937008E+01 -2.019713E-02  1.157046E-02 -2.019713E-02  6.932551E+01  1.064039E+00  1.401126E+00  3.002326E+00  4.897800E-01
  2.350000E+03  1.438050E+01  1.279206E+01  1.794763E-02  6.942240E+01  6.944876E+01 -7.379380E-02  6.396778E-02 -7.379380E-02  6.947983E+01 -3.385937E-02  6.396778E-02 -3.385937E-02  6.933861E+01  1.058963E+00  1.440024E+00  3.000761E+00  4.990413E-01
  2.400000E+03  1.437718E+01  1.278238E+01  1.650033E-02  6.953572E+01  6.955849E+01  5.296923E-02  7.664116E-02  5.296923E-02  6.952074E+01 -1.123743E-01  7.664116E-02 -1.123743E-01  6.952792E+01  1.063199E+00  1.410762E+00  2.736650E+00  5.345359E-01
  2.450000E+03  1.438381E+01  1.279633E+01  1.793259E-02  6.935745E+01  6.930456E+01  3.884003E-02  3.751193E-02  3.884003E-02  6.936154E+01 -2.439813E-02  3.751193E-02 -2.439813E-02  6.940627E+01  1.058325E+00  1.424268E+00  3.060384E+00  4.078874E-01
  2.500000E+03  1.435457E+01  1.278686E+01  1.622621E-02  6.932705E+01  6.920929E+01 -1.836759E-02  6.177250E-02 -1.836759E-02  6.926872E+01 -9.707388E-02  6.177250E-02 -9.707388E-02  6.950313E+01  1.045139E+00  1.399878E+00  2.735961E+00  4.278425E-01
  2.550000E+03  1.437296E+01  1.279445E+01  1.817965E-02  6.939684E+01  6.934440E+01 -2.748169E-03 -7.061725E-02 -2.748169E-03  6.939690E+01 -1.239629E-02 -7.061725E-02 -1.239629E-02  6.944923E+01  1.052346E+00  1.440081E+00  3.068506E+00  4.340938E-01
  2.600000E+03  1.437353E+01  1.277939E+01  1.645746E-02  6.938237E+01  6.948258E+01 -7.094551E-02  4.494452E-02 -7.094551E-02  6.941353E+01 -3.443206E-02  4.494452E-02 -3.443206E-02  6.925100E+01  1.062763E+00  1.419408E+00  2.669619E+00  5.689183E-01
  2.650000E+03  1.437702E+01  1.278687E+01  1.663069E-02  6.951588E+01  6.948868E+01  2.734213E-02  1.143092E-01  2.734213E-02  6.959535E+01 -2.087544E-02  1.143092E-01 -2.087544E-02  6.946360E+01  1.060099E+00  1.390060E+00  2.909498E+00  5.288782E-01
  2.700000E+03  1.438296E+01  1.279099E+01  1.683393E-02  6.941138E+01  6.937449E+01  2.291802E-02  1.495343E-02  2.291802E-02  6.939307E+01 -1.614593E-02  1.495343E-02 -1.614593E-02  6.946657E+01  1.061310E+00  1.404845E+00  2.782841E+00  3.978741E-01
  2.750000E+03  1.436488E+01  1.278432E+01  1.758454E-02  6.939232E+01  6.947711E+01  8.482830E-02  1.256158E-02  8.482830E-02  6.931685E+01 -4.021808E-02  1.256158E-02 -4.021808E-02  6.938300E+01  1.053706E+00  1.431645E+00  2.920690E+00  4.758333E-01
  2.800000E+03  1.437959E+01  1.278633E+01  1.581988E-02  6.941914E+01  6.933548E+01 -4.107453E-02  6.432599E-03 -4.107453E-02  6.936028E+01  2.889136E-02  6.432599E-03  2.889136E-02  6.956166E+01  1.062170E+00  1.405291E+00  2.894263E+00  5.401860E-01
  2.850000E+03  1.436675E+01  1.279750E+01  1.842499E-02  6.929866E+01  6.940966E+01  3.338335E-02 -8.490693E-03  3.338335E-02  6.929815E+01 -1.085947E-02 -8.490693E-03 -1.085947E-02  6.918816E+01  1.046164E+00  1.425928E+00  3.230250E+00  3.039005E-01
  2.900000E+03  1.438078E+01  1.279496E+01  1.638679E-02  6.933313E+01  6.931372E+01 -5.908253E-03 -2.890025E-02 -5.908253E-03  6.935396E+01  5.870931E-02 -2.890025E-02  5.870931E-02  6.933172E+01  1.057218E+00  1.401035E+00  2.673997E+00  4.213782E-01
  2.950000E+03  1.437701E+01  1.279227E+01  1.916397E-02  6.934229E+01  6.944863E+01 -7.786816E-02  3.477439E-02 -7.786816E-02  6.922263E+01  1.870213E-02  3.477439E-02  1.870213E-02  6.935560E+01  1.056492E+00  1.454610E+00  3.121365E+00  2.454668E-01
  3.000000E+03  1.436248E+01  1.277815E+01  1.698270E-02  6.941789E+01  6.944811E+01  5.128180E-02 -5.204846E-02  5.128180E-02  6.939451E+01  5.774371E-02 -5.204846E-02  5.774371E-02  6.941105E+01  1.056215E+00  1.423220E+00  2.751424E+00  4.081225E-01
  3.050000E+03  1.435661E+01  1.277892E+01  1.653608E-02  6.928800E+01  6.925956E+01 -3.373048E-02 -1.416261E-02 -3.373048E-02  6.933057E+01 -2.891049E-02 -1.416261E-02 -2.891049E-02  6.927388E+01  1.051790E+00  1.400751E+00  2.887576E+00  4.245629E-01
  3.100000E+03  1.437802E+01  1.278762E+01  1.703101E-02  6.941319E+01  6.947149E+01 -5.541201E-02  7.501034E-03 -5.541201E-02  6.934297E+01  2.359982E-02  7.501034E-03  2.359982E-02  6.942510E+01  1.060268E+00  1.412186E+00  3.136648E+00  3.995493E-01
  3.150000E+03  1.437321E+01  1.279280E+01  1.918220E-02  6.943653E+01  6.949861E+01  5.362528E-03 -1.135711E-01  5.362528E-03  6.944032E+01  6.947338E-02 -1.135711E-01  6.947338E-02  6.937067E+01  1.053606E+00  1.434595E+00  2.972154E+00  4.718818E-01
  3.200000E+03  1.438761E+01  1.280664E+01  1.853584E-02  6.936085E+01  6.939412E+01  2.626885E-02  3.841995E-03  2.626885E-02  6.928124E+01  3.148455E-02  3.841995E-03  3.148455E-02  6.940719E+01  1.053981E+00  1.441549E+00  2.821868E+00  5.066065E-01
  3.250000E+03  1.436703E+01  1.278025E+01  1.805901E-02  6.931059E+01  6.932127E+01  1.030062E-01  5.675928E-03  1.030062E-01  6.928072E+01 -3.368476E-02  5.675928E-03 -3.368476E-02  6.932979E+01  1.057852E+00  1.454009E+00  3.058748E+00  5.186380E-01
  3.300000E+03  1.438256E+01  1.278868E+01  1.917944E-02  6.941856E+01  6.941048E+01 -1.281011E-03  3.814717E-02 -1.281011E-03  6.936051E+01  1.417482E-02  3.814717E-02  1.417482E-02  6.948469E+01  1.062584E+00  1.447771E+00  2.985318E+00  5.310795E-01
  3.350000E+03  1.435452E+01  1.278049E+01  1.512804E-02  6.942852E+01  6.946688E+01  2.094895E-02  4.548085E-02  2.094895E-02  6.947812E+01 -8.476091E-02  4.548085E-02 -8.476091E-02  6.934055E+01  1.049355E+00  1.392260E+00  2.812749E+00  4.569505E-01
  3.400000E+03  1.435446E+01  1.277309E+01  1.724872E-02  6.946524E+01  6.950530E+01  2.329062E-02  4.315596E-02  2.329062E-02  6.944030E+01  1.975478E-02  4.315596E-02  1.975478E-02  6.945011E+01  1.054249E+00  1.414552E+00  2.840705E+00  4.035761E-01
  3.450000E+03  1.437511E+01  1.277900E+01  1.811806E-02  6.948958E+01  6.958981E+01 -6.236702E-02 -3.850929E-02 -6.236702E-02  6.941253E+01  1.553480E-02 -3.850929E-02  1.553480E-02  6.946638E+01  1.064073E+00  1.441960E+00  3.090000E+00  4.764587E-01
  3.500000E+03  1.436060E+01  1.277915E+01  1.763344E-02  6.945695E+01  6.944772E+01 -5.813975E-02  6.539503E-02 -5.813975E-02  6.948510E+01 -3.629876E-02  6.539503E-02 -3.629876E-02  6.943802E+01  1.054300E+00  1.429892E+00  2.881474E+00  4.693588E-01
  3.550000E+03  1.437417E+01  1.279333E+01  1.729663E-02  6.939434E+01  6.937290E+01  5.877909E-02 -4.898949E-02  5.877909E-02  6.946028E+01 -1.134935E-01 -4.898949E-02 -1.134935E-01  6.934983E+01  1.053895E+00  1.436360E+00  2.641460E+00  5.333153E-01
  3.600000E+03  1.437848E+01  1.278798E+01  1.622250E-02  6.947834E+01  6.947421E+01 -1.063123E-02 -3.763525E-02 -1.063123E-02  6.946331E+01 -1.098437E-01 -3.763525E-02 -1.098437E-01  6.949751E+01  1.060329E+00  1.410237E+00  2.707197E+00  4.264542E-01
  3.650000E+03  1.439105E+01  1.280336E+01  1.547584E-02  6.936365E+01  6.936893E+01 -3.902705E-02 -3.082581E-02 -3.902705E-02  6.943034E+01  9.908808E-02 -3.082581E-02  9.908808E-02  6.929167E+01  1.058457E+00  1.399707E+00  2.691572E+00  5.098206E-01
  3.700000E+03  1.436455E+01  1.278049E+01  1.787469E-02  6.939054E+01  6.935149E+01  7.555858E-02 -1.062291E-01  7.555858E-02  6.946098E+01  2.310520E-03 -1.062291E-01  2.310520E-03  6.935916E+01  1.056042E+00  1.432791E+00  2.854172E+00  5.361979E-01
  3.750000E+03  1.438664E+01  1.278609E+01  1.670852E-02  6.935187E+01  6.930569E+01 -5.210447E-03 -6.229397E-02 -5.210447E-03  6.946332E+01 -1.507225E-02 -6.229397E-02 -1.507225E-02  6.928660E+01  1.067038E+00  1.397767E+00  3.042550E+00  5.195258E-01
  3.800000E+03  1.438864E+01  1.279739E+01  1.867173E-02  6.943658E+01  6.951872E+01  4.771000E-02  2.605099E-02  4.771000E-02  6.939205E+01  1.767443E-02  2.605099E-02  1.767443E-02  6.939898E+01  1.060838E+00  1.456393E+00  2.753353E+00  5.415615E-01
  3.850000E+03  1.439124E+01  1.279619E+01  1.756788E-02  6.940788E+01  6.948475E+01  5.482469E-02 -9.209516E-03  5.482469E-02  6.926174E+01 -6.192872E-03 -9.209516E-03 -6.192872E-03  6.947714E+01  1.063365E+00  1.425817E+00  2.911905E+00  3.544939E-01
  3.900000E+03  1.437122E+01  1.279785E+01  1.634970E-02  6.938184E+01  6.941288E+01 -1.900811E-02 -8.315406E-02 -1.900811E-02  6.934710E+01  2.317367E-02 -8.315406E-02  2.317367E-02  6.938554E+01  1.048916E+00  1.402086E+00  2.695145E+00  3.652246E-01
  3.950000E+03  1.436219E+01  1.279242E+01  1.664068E-02  6.934131E+01  6.932243E+01 -2.228219E-02 -4.685885E-03 -2.228219E-02  6.938989E+01 -3.427828E-02 -4.685885E-03 -3.427828E-02  6.931160E+01  1.046510E+00  1.398101E+00  2.674872E+00  5.459234E-01
  4.000000E+03  1.436333E+01  1.277689E+01  1.810826E-02  6.939303E+01  6.943398E+01  3.469484E-02  1.425469E-02  3.469484E-02  6.933327E+01 -2.482548E-02  1.425469E-02 -2.482548E-02  6.941184E+01  1.057626E+00  1.443452E+00  2.768256E+00  4.946560E-01
  4.050000E+03  1.437207E+01  1.278777E+01  1.781266E-02  6.951824E+01  6.953424E+01 -8.237699E-02 -7.778524E-03 -8.237699E-02  6.955669E+01  6.418335E-02 -7.778524E-03  6.418335E-02  6.946380E+01  1.056198E+00  1.433806E+00  2.707183E+00  4.037667E-01
  4.100000E+03  1.437371E+01  1.278672E+01  1.627285E-02  6.939317E+01  6.941156E+01 -2.083725E-02 -4.049784E-02 -2.083725E-02  6.944669E+01  7.328237E-02 -4.049784E-02  7.328237E-02  6.932127E+01  1.057990E+00  1.398401E+00  2.921548E+00  4.597597E-01
  4.150000E+03  1.437673E+01  1.279490E+01  1.684046E-02  6.929593E+01  6.929599E+01 -6.450019E-02 -1.335366E-01 -6.450019E-02  6.931591E+01  8.188269E-02 -1.335366E-01  8.188269E-02  6.927590E+01  1.054553E+00  1.411778E+00  2.986419E+00  3.829190E-01
  4.200000E+03  1.437857E+01  1.279002E+01  1.694963E-02  6.929636E+01  6.925538E+01  1.448922E-02 -9.866131E-02  1.448922E-02  6.934814E+01 -7.076285E-02 -9.866131E-02 -7.076285E-02  6.928555E+01  1.059030E+00  1.426662E+00  2.579611E+00  4.857574E-01
  4.250000E+03  1.436951E+01  1.278888E+01  1.808476E-02  6.933214E+01  6.932139E+01 -6.141943E-03  1.337911E-02 -6.141943E-03  6.927739E+01  9.475859E-02  1.337911E-02  9.475859E-02  6.939764E+01  1.053758E+00  1.439299E+00  2.655431E+00  5.065750E-01
  4.300000E+03  1.436150E+01  1.278332E+01  1.614984E-02  6.937062E+01  6.936237E+01  8.305352E-02 -2.268203E-03  8.305352E-02  6.943302E+01  4.258064E-02 -2.268203E-03  4.258064E-02  6.931647E+01  1.052120E+00  1.404461E+00  2.762213E+00  4.192275E-01
  4.350000E+03  1.436669E+01  1.278949E+01  1.684441E-02  6.938878E+01  6.939408E+01  6.771785E-02 -1.006510E-01  6.771785E-02  6.950294E+01  1.518465E-02 -1.006510E-01  1.518465E-02  6.926931E+01  1.051464E+00  1.426389E+00  2.784363E+00  5.919806E-01
  4.400000E+03  1.437043E+01  1.278927E+01  1.607488E-02  6.934184E+01  6.938858E+01 -7.605071E-02 -1.225733E-02 -7.605071E-02  6.942557E+01  5.651850E-02 -1.225733E-02  5.651850E-02  6.921138E+01  1.054107E+00  1.423921E+00  2.663352E+00  4.814661E-01
  4.450000E+03  1.439085E+01  1.280094E+01  1.814699E-02  6.935948E+01  6.926023E+01 -4.053682E-03 -5.595424E-02 -4.053682E-03  6.938827E+01  5.706338E-02 -5.595424E-02  5.706338E-02  6.942994E+01  1.059941E+00  1.444488E+00  2.984322E+00  4.984927E-01
  4.500000E+03  1.434756E+01  1.278757E+01  1.708407E-02  6.938669E+01  6.939063E+01  7.481731E-02  3.431786E-02  7.481731E-02  6.942975E+01  5.844270E-02  3.431786E-02  5.844270E-02  6.933968E+01  1.039994E+00  1.390973E+00  2.744044E+00  4.024165E-01
  4.550000E+03  1.438179E+01  1.279605E+01  1.654386E-02  6.937968E+01  6.936209E+01  8.545134E-02 -2.263155E-02  8.545134E-02  6.936278E+01  1.179564E-02 -2.263155E-02  1.179564E-02  6.941416E+01  1.057160E+00  1.410568E+00  2.772460E+00  5.240356E-01
  4.600000E+03  1.436882E+01  1.279004E+01  1.841374E-02  6.939125E+01  6.940479E+01  5.375167E-02  7.404382E-03  5.375167E-02  6.948550E+01  1.933629E-02  7.404382E-03  1.933629E-02  6.928346E+01  1.052520E+00  1.442345E+00  2.787093E+00  4.279361E-01
  4.650000E+03  1.436456E+01  1.278540E+01  1.861849E-02  6.944926E+01  6.944351E+01  7.404365E-02 -3.892000E-02  7.404365E-02  6.946267E+01 -2.080039E-02 -3.892000E-02 -2.080039E-02  6.944160E+01  1.052770E+00  1.437619E+00  3.125828E+00  5.097355E-01
  4.700000E+03  1.438190E+01  1.278849E+01  1.718598E-02  6.934731E+01  6.933506E+01  1.470869E-01 -3.088802E-03  1.470869E-01  6.923775E+01 -3.256406E-03 -3.088802E-03 -3.256406E-03  6.946911E+01  1.062274E+00  1.408139E+00  2.807146E+00  5.336328E-01
  4.750000E+03  1.437571E+01  1.279305E+01  1.733110E-02  6.932925E+01  6.939774E+01 -1.534459E-02 -5.326038E-02 -1.534459E-02  6.933901E+01  8.642422E-03 -5.326038E-02  8.642422E-03  6.925099E+01  1.055106E+00  1.418444E+00  2.744551E+00  4.787959E-01
  4.800000E+03  1.436507E+01  1.277858E+01  1.814780E-02  6.942532E+01  6.943052E+01 -3.056060E-02 -6.023439E-02 -3.056060E-02  6.940268E+01  1.598921E-02 -6.023439E-02  1.598921E-02  6.944275E+01  1.057660E+00  1.431773E+00  3.067471E+00  4.653887E-01
  4.850000E+03  1.436273E+01  1.277596E+01  1.670876E-02  6.940800E+01  6.944710E+01 -7.322188E-02 -4.496120E-02 -7.322188E-02  6.945030E+01 -1.992531E-02 -4.496120E-02 -1.992531E-02  6.932659E+01  1.057845E+00  1.417143E+00  2.673111E+00  3.938060E-01
  4.900000E+03  1.439151E+01  1.279972E+01  1.924129E-02  6.937618E+01  6.945688E+01  9.005270E-02  6.088872E-02  9.005270E-02  6.933059E+01 -4.495664E-02  6.088872E-02 -4.495664E-02  6.934107E+01  1.061196E+00  1.447426E+00  3.255482E+00  4.256758E-01
  4.950000E+03  1.438112E+01  1.278945E+01  1.693393E-02  6.934808E+01  6.928658E+01 -7.311607E-02 -2.373905E-02 -7.311607E-02  6.927946E+01  1.813343E-02 -2.373905E-02  1.813343E-02  6.947819E+01  1.061109E+00  1.408773E+00  3.007032E+00  4.516266E-01
  5.000000E+03  1.439246E+01  1.280289E+01  1.633663E-02  6.929407E+01  6.928635E+01 -1.307690E-01  3.058615E-02 -1.307690E-01  6.939754E+01 -6.711561E-02  3.058615E-02 -6.711561E-02  6.919833E+01  1.059717E+00  1.421814E+00  3.190001E+00  4.339890E-01
  5.050000E+03  1.437060E+01  1.278233E+01  1.775015E-02  6.943458E+01  6.945687E+01  8.804365E-03  4.954142E-02  8.804365E-03  6.947356E+01  2.295244E-02  4.954142E-02  2.295244E-02  6.937332E+01  1.058848E+00  1.424866E+00  2.994605E+00  4.830481E-01
  5.100000E+03  1.435557E+01  1.277884E+01  1.764458E-02  6.938761E+01  6.942806E+01  1.788961E-02 -5.843126E-02  1.788961E-02  6.933125E+01  2.317438E-02 -5.843126E-02  2.317438E-02  6.940352E+01  1.051154E+00  1.403589E+00  3.234612E+00  5.358224E-01
  5.150000E+03  1.436073E+01  1.277858E+01  1.752001E-02  6.947391E+01  6.937380E+01 -4.732104E-02 -6.096580E-02 -4.732104E-02  6.948398E+01  7.272094E-02 -6.096580E-02  7.272094E-02  6.956396E+01  1.054772E+00  1.416453E+00  3.139955E+00  5.009835E-01
  5.200000E+03  1.438069E+01  1.278637E+01  1.723082E-02  6.942403E+01  6.944363E+01  2.457999E-02 -6.842071E-02  2.457999E-02  6.931900E+01  9.263012E-02 -6.842071E-02  9.263012E-02  6.950945E+01  1.062882E+00  1.416968E+00  2.752984E+00  4.793129E-01
  5.250000E+03  1.438180E+01  1.279025E+01  1.886888E-02  6.942214E+01  6.948844E+01  4.599607E-03 -2.307339E-02  4.599607E-03  6.938031E+01  8.567042E-03 -2.307339E-02  8.567042E-03  6.939767E+01  1.061033E+00  1.416005E+00  2.999071E+00  4.688404E-01
  5.300000E+03  1.437905E+01  1.279813E+01  1.887142E-02  6.929712E+01  6.930992E+01 -7.152099E-02  4.558770E-02 -7.152099E-02  6.924080E+01 -5.497104E-03  4.558770E-02 -5.497104E-03  6.934063E+01  1.053951E+00  1.441591E+00  2.732864E+00  4.511744E-01
  5.350000E+03  1.436889E+01  1.280004E+01  1.718100E-02  6.942607E+01  6.946063E+01  2.000086E-03 -9.854274E-02  2.000086E-03  6.936329E+01  7.373489E-02 -9.854274E-02  7.373489E-02  6.945430E+01  1.045904E+00  1.409170E+00  3.360299E+00  4.580123E-01
  5.400000E+03  1.439644E+01  1.281466E+01  1.630453E-02  6.929192E+01  6.928683E+01  7.192611E-02  3.165983E-02  7.192611E-02  6.925207E+01 -8.543891E-04  3.165983E-02 -8.543891E-04  6.933687E+01  1.054523E+00  1.414111E+00  2.922101E+00  4.774070E-01
  5.450000E+03  1.435699E+01  1.278421E+01  1.586413E-02  6.934248E+01  6.933893E+01  2.353537E-03 -1.095305E-01  2.353537E-03  6.929579E+01 -7.168621E-02 -1.095305E-01 -7.168621E-02  6.939271E+01  1.048523E+00  1.394554E+00  2.773210E+00  4.387164E-01
  5.500000E+03  1.434972E+01  1.277783E+01  1.501849E-02  6.938167E+01  6.937221E+01 -7.445786E-02 -1.560965E-02 -7.445786E-02  6.935359E+01  4.436404E-02 -1.560965E-02  4.436404E-02  6.941922E+01  1.047924E+00  1.376724E+00  3.009575E+00  5.411822E-01
  5.550000E+03  1.436837E+01  1.278861E+01  1.671540E-02  6.935899E+01  6.936585E+01  1.572783E-02  1.520053E-03  1.572783E-02  6.937658E+01  1.211736E-02  1.520053E-03  1.211736E-02  6.933454E+01  1.053175E+00  1.427035E+00  2.810335E+00  5.156325E-01
  5.600000E+03  1.436483E+01  1.278115E+01  1.666212E-02  6.938348E+01  6.942969E+01  6.094727E-02 -5.727056E-02  6.094727E-02  6.925916E+01 -1.300791E-02 -5.727056E-02 -1.300791E-02  6.946160E+01  1.055783E+00  1.415637E+00  3.485915E+00  3.889099E-01
  5.650000E+03  1.437975E+01  1.279481E+01  1.823667E-02  6.942923E+01  6.958378E+01  5.945658E-02  5.427170E-02  5.945658E-02  6.936693E+01 -7.942089E-03  5.427170E-02 -7.942089E-03  6.933697E+01  1.056624E+00  1.439168E+00  2.846423E+00  3.909489E-01
  5.700000E+03  1.436877E+01  1.279253E+01  1.640173E-02  6.941106E+01  6.938001E+01 -2.249830E-02 -4.999882E-02 -2.249830E-02  6.951017E+01  6.545392E-02 -4.999882E-02  6.545392E-02  6.934300E+01  1.050825E+00  1.412824E+00  2.778153E+00  5.002326E-01
  5.750000E+03  1.439897E+01  1.279323E+01  1.835905E-02  6.945340E+01  6.949735E+01 -4.358896E-02  2.679790E-02 -4.358896E-02  6.951389E+01 -2.027282E-02  2.679790E-02 -2.027282E-02  6.934896E+01  1.070489E+00  1.436701E+00  2.910334E+00  5.079424E-01
  5.800000E+03  1.437238E+01  1.278454E+01  1.687427E-02  6.944829E+01  6.932927E+01 -1.996019E-02 -7.633826E-03 -1.996019E-02  6.945070E+01  3.649977E-02 -7.633826E-03  3.649977E-02  6.956490E+01  1.058561E+00  1.403320E+00  2.757221E+00  3.540198E-01
  5.850000E+03  1.436884E+01  1.278231E+01  1.783096E-02  6.941374E+01  6.939357E+01  7.859455E-04  4.889634E-02  7.859455E-04  6.945409E+01 -3.165574E-02  4.889634E-02 -3.165574E-02  6.939356E+01  1.057693E+00  1.431190E+00  2.875443E+00  4.566524E-01
  5.900000E+03  1.437715E+01  1.278047E+01  1.710973E-02  6.944033E+01  6.941599E+01 -7.916851E-02 -1.114848E-02 -7.916851E-02  6.950597E+01  4.235635E-02 -1.114848E-02  4.235635E-02  6.939904E+01  1.064456E+00  1.424281E+00  2.846283E+00  5.006105E-01
  5.950000E+03  1.435614E+01  1.278060E+01  1.536626E-02  6.943046E+01  6.952222E+01 -2.443256E-02 -5.534041E-02 -2.443256E-02  6.947070E+01 -5.057369E-03 -5.534041E-02 -5.057369E-03  6.929846E+01  1.050357E+00  1.382466E+00  2.832561E+00  3.156704E-01
  6.000000E+03  1.437399E+01  1.278567E+01  1.490319E-02  6.946619E+01  6.946331E+01 -4.818476E-02  8.747396E-02 -4.818476E-02  6.949410E+01 -3.803946E-03  8.747396E-02 -3.803946E-03  6.944114E+01  1.058879E+00  1.388000E+00  2.839606E+00  5.931030E-01
  6.050000E+03  1.438983E+01  1.279290E+01  1.563974E-02  6.936990E+01  6.938601E+01  1.131563E-01 -2.566659E-02  1.131563E-01  6.931604E+01  2.691244E-02 -2.566659E-02  2.691244E-02  6.940764E+01  1.064619E+00  1.395733E+00  2.896274E+00  4.557826E-01
  6.100000E+03  1.437314E+01  1.280437E+01  1.584499E-02  6.925803E+01  6.929769E+01 -1.214467E-02 -5.295444E-03 -1.214467E-02  6.922614E+01 -7.512835E-02 -5.295444E-03 -7.512835E-02  6.925025E+01  1.045847E+00  1.395443E+00  3.005125E+00  4.023168E-01
  6.150000E+03  1.437952E+01  1.280400E+01  1.677573E-02  6.937783E+01  6.940355E+01  1.646731E-02  5.089666E-02  1.646731E-02  6.945336E+01 -1.790548E-03  5.089666E-02 -1.790548E-03  6.927657E+01  1.050347E+00  1.411312E+00  2.712773E+00  4.145188E-01
  6.200000E+03  1.437014E+01  1.278791E+01  1.711685E-02  6.939395E+01  6.940632E+01  1.346257E-02 -4.434792E-02  1.346257E-02  6.938732E+01  5.368873E-03 -4.434792E-02  5.368873E-03  6.938821E+01  1.054823E+00  1.415465E+00  2.868471E+00  4.811544E-01
  6.250000E+03  1.437893E+01  1.278757E+01  1.688424E-02  6.939345E+01  6.938765E+01 -4.273435E-02 -2.252516E-02 -4.273435E-02  6.939918E+01 -6.875747E-02 -2.252516E-02 -6.875747E-02  6.939350E+01  1.060908E+00  1.421000E+00  2.735095E+00  4.036237E-01
  6.300000E+03  1.435130E+01  1.278192E+01  1.672395E-02  6.941180E+01  6.937228E+01 -7.454108E-02 -7.870128E-02 -7.454108E-02  6.951412E+01  2.673596E-02 -7.870128E-02  2.673596E-02  6.934900E+01  1.046252E+00  1.398374E+00  2.998912E+00  4.248537E-01
  6.350000E+03  1.437573E+01  1.279606E+01  1.693459E-02  6.939610E+01  6.942207E+01 -1.356603E-02  4.228546E-02 -1.356603E-02  6.930305E+01  2.468175E-02  4.228546E-02  2.468175E-02  6.946318E+01  1.053114E+00  1.418009E+00  2.888532E+00  5.003137E-01
  6.400000E+03  1.437474E+01  1.279677E+01  1.785005E-02  6.944430E+01  6.936550E+01  3.091947E-02  4.361144E-02  3.091947E-02  6.946757E+01  5.775186E-02  4.361144E-02  5.775186E-02  6.949982E+01  1.051975E+00  1.420539E+00  2.991568E+00  2.733961E-01
  6.450000E+03  1.437939E+01  1.278431E+01  1.734438E-02  6.948175E+01  6.944646E+01  2.920509E-02  5.360950E-02  2.920509E-02  6.937084E+01 -1.776708E-02  5.360950E-02 -1.776708E-02  6.962795E+01  1.063385E+00  1.408334E+00  3.287736E+00  4.366768E-01
  6.500000E+03  1.437173E+01  1.277782E+01  1.478626E-02  6.953266E+01  6.948144E+01  2.068743E-02  7.281724E-02  2.068743E-02  6.952601E+01  5.821087E-02  7.281724E-02  5.821087E-02  6.959053E+01  1.062609E+00  1.383019E+00  2.929358E+00  3.762438E-01
  6.550000E+03  1.437231E+01  1.278234E+01  1.713009E-02  6.947456E+01  6.951859E+01 -8.574926E-02  3.394755E-02 -8.574926E-02  6.936594E+01  6.297812E-02  3.394755E-02  6.297812E-02  6.953914E+01  1.059978E+00  1.429401E+00  2.716305E+00  4.875619E-01
  6.600000E+03  1.435765E+01  1.278018E+01  1.623494E-02  6.931817E+01  6.935292E+01 -6.061832E-04  4.584291E-02 -6.061832E-04  6.927769E+01  1.420754E-02  4.584291E-02  1.420754E-02  6.932389E+01  1.051644E+00  1.416304E+00  2.543327E+00  4.777762E-01
  6.650000E+03  1.435591E+01  1.278245E+01  1.537093E-02  6.931355E+01  6.917831E+01 -5.124592E-02 -2.643140E-02 -5.124592E-02  6.941295E+01  4.640088E-02 -2.643140E-02  4.640088E-02  6.934940E+01  1.048976E+00  1.404781E+00  2.669197E+00  4.797267E-01
  6.700000E+03  1.439129E+01  1.279955E+01  1.679746E-02  6.937592E+01  6.945352E+01  5.955512E-02 -6.622167E-02  5.955512E-02  6.940108E+01  6.197386E-03 -6.622167E-02  6.197386E-03  6.927317E+01  1.061162E+00  1.401064E+00  2.775217E+00  5.221355E-01
  6.750000E+03  1.435600E+01  1.277372E+01  1.591292E-02  6.940101E+01  6.938078E+01 -1.410228E-03 -4.556072E-02 -1.410228E-03  6.942162E+01 -4.175568E-02 -4.556072E-02 -4.175568E-02  6.940062E+01  1.054857E+00  1.392395E+00  2.856725E+00  3.358728E-01
  6.800000E+03  1.436866E+01  1.279240E+01  1.896327E-02  6.936989E+01  6.942251E+01  9.533163E-02 -1.297169E-01  9.533163E-02  6.937475E+01 -8.808695E-03 -1.297169E-01 -8.808695E-03  6.931239E+01  1.050842E+00  1.457786E+00  3.035365E+00  5.769366E-01
  6.850000E+03  1.438664E+01  1.280139E+01  1.731034E-02  6.936482E+01  6.942768E+01  2.521057E-02 -2.709032E-02  2.521057E-02  6.919526E+01  1.710096E-01 -2.709032E-02  1.710096E-01  6.947153E+01  1.056827E+00  1.423927E+00  3.277771E+00  4.147416E-01
  6.900000E+03  1.435422E+01  1.278522E+01  1.693673E-02  6.937219E+01  6.940613E+01  1.337209E-01  4.559550E-02  1.337209E-01  6.935929E+01  8.951561E-02  4.559550E-02  8.951561E-02  6.935114E+01  1.045996E+00  1.433610E+00  2.821720E+00  4.077628E-01
  6.950000E+03  1.435527E+01  1.277983E+01  1.817685E-02  6.941661E+01  6.938287E+01 -5.151799E-02 -2.510363E-02 -5.151799E-02  6.940157E+01  2.003684E-03 -2.510363E-02  2.003684E-03  6.946537E+01  1.050295E+00  1.421135E+00  3.134351E+00  5.324612E-01
  7.000000E+03  1.436954E+01  1.278969E+01  1.581651E-02  6.934395E+01  6.929886E+01 -1.032516E-01 -4.222230E-02 -1.032516E-01  6.936742E+01  1.018333E-02 -4.222230E-02  1.018333E-02  6.936557E+01  1.053234E+00  1.403637E+00  2.514796E+00  3.736099E-01
  7.050000E+03  1.436205E+01  1.278170E+01  1.409062E-02  6.947739E+01  6.944509E+01  6.706072E-02 -7.732374E-02  6.706072E-02  6.949288E+01 -1.001927E-02 -7.732374E-02 -1.001927E-02  6.949418E+01  1.053566E+00  1.369401E+00  3.011435E+00  5.602452E-01
  7.100000E+03  1.438928E+01  1.279819E+01  1.797876E-02  6.941578E+01  6.944796E+01 -7.002311E-02  6.372185E-02 -7.002311E-02  6.935746E+01  1.892229E-02  6.372185E-02  1.892229E-02  6.944192E+01  1.060721E+00  1.415780E+00  3.053255E+00  4.754642E-01
  7.150000E+03  1.437591E+01  1.279684E+01  1.958788E-02  6.938382E+01  6.935547E+01  6.933442E-02  6.533495E-02  6.933442E-02  6.938228E+01  3.816607E-02  6.533495E-02  3.816607E-02  6.941370E+01  1.052712E+00  1.469387E+00  3.068458E+00  3.993399E-01
  7.200000E+03  1.437337E+01  1.278970E+01  1.785271E-02  6.943622E+01  6.939223E+01 -1.439741E-02  5.065716E-02 -1.439741E-02  6.943865E+01 -7.117614E-02  5.065716E-02 -7.117614E-02  6.947776E+01  1.055777E+00  1.419137E+00  3.123927E+00  4.332586E-01
  7.250000E+03  1.436429E+01  1.278514E+01  1.581836E-02  6.935742E+01  6.931157E+01 -8.740075E-02 -1.597149E-01 -8.740075E-02  6.941825E+01  7.977855E-02 -1.597149E-01  7.977855E-02  6.934244E+01  1.052768E+00  1.405186E+00  2.623107E+00  3.764028E-01
  7.300000E+03  1.437055E+01  1.278307E+01  1.753812E-02  6.946933E+01  6.941091E+01  2.707607E-02 -8.819832E-02  2.707607E-02  6.944141E+01 -1.881231E-02 -8.819832E-02 -1.881231E-02  6.955568E+01  1.058325E+00  1.455358E+00  2.751635E+00  4.998238E-01
  7.350000E+03  1.436394E+01  1.278163E+01  1.701325E-02  6.933058E+01  6.939055E+01  7.890613E-02 -9.352573E-03  7.890613E-02  6.930174E+01  4.991240E-02 -9.352573E-03  4.991240E-02  6.929944E+01  1.054871E+00  1.409611E+00  3.031026E+00  4.202639E-01
  7.400000E+03  1.438540E+01  1.279341E+01  1.716684E-02  6.938258E+01  6.939287E+01 -7.392311E-02  6.250513E-02 -7.392311E-02  6.926708E+01  5.739799E-02  6.250513E-02  5.739799E-02  6.948781E+01  1.061332E+00  1.415106E+00  2.894586E+00  3.499026E-01
  7.450000E+03  1.438863E+01  1.279341E+01  1.759359E-02  6.948052E+01  6.945435E+01  9.267486E-02 -3.244253E-02  9.267486E-02  6.941623E+01  2.697566E-02 -3.244253E-02  2.697566E-02  6.957098E+01  1.063480E+00  1.418261E+00  2.771873E+00  3.934369E-01
  7.500000E+03  1.437917E+01  1.279313E+01  1.692082E-02  6.939404E+01  6.930649E+01  1.241088E-01 -1.366154E-02  1.241088E-01  6.950246E+01 -1.938644E-02 -1.366154E-02 -1.938644E-02  6.937318E+01  1.057357E+00  1.417255E+00  2.943701E+00  4.669646E-01
  7.550000E+03  1.437911E+01  1.279234E+01  1.598380E-02  6.943475E+01  6.943776E+01 -1.757774E-02 -1.577387E-02 -1.757774E-02  6.953709E+01 -4.608205E-02 -1.577387E-02 -4.608205E-02  6.932939E+01  1.057851E+00  1.394482E+00  2.864993E+00  4.729574E-01
  7.600000E+03  1.437361E+01  1.278403E+01  1.639162E-02  6.942006E+01  6.948607E+01  4.460349E-02 -3.265995E-02  4.460349E-02  6.930321E+01 -5.346523E-02 -3.265995E-02 -5.346523E-02  6.947090E+01  1.059720E+00  1.400276E+00  2.763320E+00  4.545092E-01
  7.650000E+03  1.437225E+01  1.278482E+01  1.687400E-02  6.936084E+01  6.942237E+01 -5.175797E-02  6.276581E-02 -5.175797E-02  6.936916E+01  1.074199E-02  6.276581E-02  1.074199E-02  6.929100E+01  1.058289E+00  1.417782E+00  3.232760E+00  4.865112E-01
  7.700000E+03  1.437989E+01  1.278335E+01  1.841709E-02  6.946008E+01  6.957816E+01 -2.534666E-02  6.780691E-02 -2.534666E-02  6.936759E+01  3.935939E-02  6.780691E-02  3.935939E-02  6.943448E+01  1.064356E+00  1.420508E+00  2.889576E+00  3.066236E-01
  7.750000E+03  1.438818E+01  1.279020E+01  1.739124E-02  6.945212E+01  6.936960E+01 -4.709356E-02  7.946463E-03 -4.709356E-02  6.946688E+01  4.462609E-02  7.946463E-03  4.462609E-02  6.951988E+01  1.065321E+00  1.433423E+00  3.012707E+00  3.139797E-01
  7.800000E+03  1.438794E+01  1.280568E+01  1.577680E-02  6.932220E+01  6.934831E+01  1.107373E-02 -3.588687E-02  1.107373E-02  6.922997E+01  8.065507E-02 -3.588687E-02  8.065507E-02  6.938831E+01  1.054840E+00  1.396014E+00  2.793385E+00  4.755123E-01
  7.850000E+03  1.437194E+01  1.278802E+01  1.643848E-02  6.944141E+01  6.939620E+01  2.683848E-02 -6.614405E-03  2.683848E-02  6.952353E+01 -5.953301E-02 -6.614405E-03 -5.953301E-02  6.940450E+01  1.055943E+00  1.409357E+00  2.741513E+00  4.746208E-01
  7.900000E+03  1.436372E+01  1.277704E+01  1.475986E-02  6.942601E+01  6.947305E+01  3.975182E-02  1.379026E-02  3.975182E-02  6.936787E+01  2.073519E-03  1.379026E-02  2.073519E-03  6.943710E+01  1.057786E+00  1.384241E+00  2.789539E+00  4.206391E-01
  7.950000E+03  1.437004E+01  1.278628E+01  1.734180E-02  6.934455E+01  6.925664E+01 -5.483280E-04  9.826205E-03 -5.483280E-04  6.939740E+01  8.119901E-03  9.826205E-03  8.119901E-03  6.937960E+01  1.055837E+00  1.421570E+00  2.748654E+00  4.768718E-01
  8.000000E+03  1.436412E+01  1.277797E+01  1.696290E-02  6.944243E+01  6.948335E+01 -4.327598E-02 -1.020366E-01 -4.327598E-02  6.941271E+01  1.412599E-02 -1.020366E-01  1.412599E-02  6.943123E+01  1.057436E+00  1.435009E+00  2.559973E+00  5.212213E-01
  8.050000E+03  1.436052E+01  1.278142E+01  1.549618E-02  6.947831E+01  6.951224E+01 -7.147559E-02 -1.934597E-02 -7.147559E-02  6.954694E+01 -2.266231E-02 -1.934597E-02 -2.266231E-02  6.937574E+01  1.052737E+00  1.396481E+00  2.595863E+00  4.826403E-01
  8.100000E+03  1.438465E+01  1.278989E+01  1.823898E-02  6.943168E+01  6.954303E+01 -8.183846E-02 -5.537010E-02 -8.183846E-02  6.936149E+01 -7.464123E-02 -5.537010E-02 -7.464123E-02  6.939053E+01  1.063172E+00  1.428556E+00  2.905229E+00  4.350958E-01
  8.150000E+03  1.438551E+01  1.279276E+01  1.577313E-02  6.936344E+01  6.938423E+01  3.806162E-02 -1.536969E-02  3.806162E-02  6.935607E+01 -9.700564E-03 -1.536969E-02 -9.700564E-03  6.935004E+01  1.061836E+00  1.403158E+00  2.703360E+00  6.062656E-01
  8.200000E+03  1.439945E+01  1.280561E+01  1.600756E-02  6.945312E+01  6.950932E+01 -1.484025E-02 -4.544578E-02 -1.484025E-02  6.941200E+01 -2.248535E-02 -4.544578E-02 -2.248535E-02  6.943804E+01  1.062557E+00  1.397495E+00  2.997162E+00  5.163216E-01
  8.250000E+03  1.436351E+01  1.277907E+01  1.682383E-02  6.946227E+01  6.940464E+01  2.307562E-02 -2.364512E-02  2.307562E-02  6.951761E+01 -2.891245E-02 -2.364512E-02 -2.891245E-02  6.946457E+01  1.056292E+00  1.427953E+00  2.635627E+00  5.382374E-01
  8.300000E+03  1.438103E+01  1.281025E+01  1.860794E-02  6.933099E+01  6.935775E+01 -1.564467E-01 -5.643653E-02 -1.564467E-01  6.924319E+01  8.399854E-02 -5.643653E-02  8.399854E-02  6.939202E+01  1.047190E+00  1.445623E+00  2.869421E+00  4.495729E-01
  8.350000E+03  1.437019E+01  1.278078E+01  1.763327E-02  6.940174E+01  6.946720E+01  3.977125E-02 -2.903034E-02  3.977125E-02  6.936947E+01  6.735667E-02 -2.903034E-02  6.735667E-02  6.936853E+01  1.059608E+00  1.452834E+00  2.905555E+00  5.309532E-01
  8.400000E+03  1.437286E+01  1.279180E+01  1.851347E-02  6.939373E+01  6.944522E+01 -3.354400E-02  9.544483E-02 -3.354400E-02  6.943780E+01  1.972485E-03  9.544483E-02  1.972485E-03  6.929818E+01  1.054040E+00  1.453003E+00  2.949769E+00  5.100401E-01
  8.450000E+03  1.438452E+01  1.278995E+01  1.702392E-02  6.940873E+01  6.934640E+01 -1.388464E-01 -5.731642E-02 -1.388464E-01  6.949513E+01 -2.363078E-03 -5.731642E-02 -2.363078E-03  6.938465E+01  1.063046E+00  1.408420E+00  2.967503E+00  4.119436E-01
  8.500000E+03  1.437459E+01  1.277748E+01  1.641682E-02  6.942326E+01  6.946972E+01  2.409210E-02 -7.800141E-02  2.409210E-02  6.936117E+01  6.121639E-02 -7.800141E-02  6.121639E-02  6.943891E+01  1.064745E+00  1.419452E+00  2.734535E+00  4.842916E-01
  8.550000E+03  1.437773E+01  1.278475E+01  1.873782E-02  6.939705E+01  6.934122E+01 -7.293806E-02 -8.467882E-02 -7.293806E-02  6.946790E+01 -1.318222E-04 -8.467882E-02 -1.318222E-04  6.938205E+01  1.061988E+00  1.441457E+00  3.417650E+00  5.214361E-01
  8.600000E+03  1.436862E+01  1.278593E+01  1.593962E-02  6.948475E+01  6.949717E+01 -5.401169E-02  5.440147E-02 -5.401169E-02  6.937291E+01  3.275323E-02  5.440147E-02  3.275323E-02  6.958416E+01  1.055129E+00  1.401463E+00  2.806138E+00  4.212968E-01
  8.650000E+03  1.437264E+01  1.278576E+01  1.674729E-02  6.938684E+01  6.939632E+01  3.632093E-02 -7.105727E-02  3.632093E-02  6.946829E+01 -9.833045E-02 -7.105727E-02 -9.833045E-02  6.929592E+01  1.057920E+00  1.415948E+00  2.770637E+00  4.897399E-01
  8.700000E+03  1.437490E+01  1.278483E+01  1.768462E-02  6.932594E+01  6.940073E+01 -5.495875E-03 -1.194768E-01 -5.495875E-03  6.934819E+01  1.589630E-01 -1.194768E-01  1.589630E-01  6.922889E+01  1.060047E+00  1.427397E+00  2.917539E+00  4.893801E-01
  8.750000E+03  1.437517E+01  1.279105E+01  1.622416E-02  6.927750E+01  6.914320E+01  1.247400E-02  3.317241E-03  1.247400E-02  6.930139E+01  7.077036E-02  3.317241E-03  7.077036E-02  6.938791E+01  1.056081E+00  1.406303E+00  2.799244E+00  5.378473E-01
  8.800000E+03  1.438006E+01  1.279443E+01  1.727386E-02  6.935707E+01  6.923215E+01 -1.708556E-02  3.410280E-02 -1.708556E-02  6.950255E+01 -1.850336E-02  3.410280E-02 -1.850336E-02  6.933652E+01  1.057090E+00  1.423878E+00  2.848406E+00  4.452418E-01
  8.850000E+03  1.436685E+01  1.278374E+01  1.707365E-02  6.940885E+01  6.938651E+01  1.584512E-02  1.274147E-02  1.584512E-02  6.941925E+01  2.511052E-02  1.274147E-02  2.511052E-02  6.942079E+01  1.055406E+00  1.424198E+00  2.723252E+00  4.858634E-01
  8.900000E+03  1.438452E+01  1.279738E+01  1.797427E-02  6.938151E+01  6.936505E+01 -3.976327E-02 -2.802962E-02 -3.976327E-02  6.934891E+01  9.960236E-03 -2.802962E-02  9.960236E-03  6.943057E+01  1.058089E+00  1.447853E+00  2.879752E+00  5.194553E-01
  8.950000E+03  1.436132E+01  1.279046E+01  1.714892E-02  6.938656E+01  6.942023E+01 -6.474579E-02  7.210214E-02 -6.474579E-02  6.933103E+01 -1.883619E-02  7.210214E-02 -1.883619E-02  6.940842E+01  1.047240E+00  1.420013E+00  2.685213E+00  3.783687E-01
  9.000000E+03  1.437275E+01  1.278593E+01  1.735737E-02  6.943309E+01  6.950932E+01  6.593236E-02 -6.015321E-02  6.593236E-02  6.946678E+01 -3.948039E-02 -6.015321E-02 -3.948039E-02  6.932317E+01  1.057874E+00  1.419731E+00  2.683814E+00  4.252934E-01
  9.050000E+03  1.436532E+01  1.278686E+01  1.588230E-02  6.939335E+01  6.944500E+01 -4.077483E-03 -3.482161E-02 -4.077483E-03  6.934672E+01 -2.862978E-02 -3.482161E-02 -2.862978E-02  6.938833E+01  1.052307E+00  1.404059E+00  3.097947E+00  4.505414E-01
  9.100000E+03  1.438087E+01  1.278934E+01  1.564222E-02  6.937150E+01  6.942438E+01 -4.036589E-03  3.036901E-02 -4.036589E-03  6.936004E+01 -1.499169E-01  3.036901E-02 -1.499169E-01  6.933007E+01  1.061016E+00  1.398456E+00  2.580707E+00  4.284159E-01
  9.150000E+03  1.437867E+01  1.278545E+01  1.549094E-02  6.945172E+01  6.935627E+01 -9.251442E-02  2.583524E-02 -9.251442E-02  6.954792E+01 -7.524649E-04  2.583524E-02 -7.524649E-04  6.945098E+01  1.062145E+00  1.411644E+00  2.804712E+00  4.932948E-01
  9.200000E+03  1.439023E+01  1.280728E+01  1.621178E-02  6.933406E+01  6.924726E+01 -5.925671E-02  4.334563E-02 -5.925671E-02  6.934497E+01  3.794411E-03  4.334563E-02  3.794411E-03  6.940994E+01  1.055295E+00  1.400137E+00  2.924388E+00  4.705550E-01
  9.250000E+03  1.438552E+01  1.280255E+01  1.814107E-02  6.938008E+01  6.944537E+01  3.877768E-02  4.091065E-03  3.877768E-02  6.928805E+01 -1.500167E-01  4.091065E-03 -1.500167E-01  6.940680E+01  1.055313E+00  1.417720E+00  2.782282E+00  4.894943E-01
  9.300000E+03  1.436179E+01  1.277736E+01  1.547424E-02  6.939087E+01  6.938756E+01  1.169984E-02  1.848962E-02  1.169984E-02  6.939513E+01 -2.898482E-02  1.848962E-02 -2.898482E-02  6.938992E+01  1.056282E+00  1.383210E+00  2.735715E+00  4.303943E-01
  9.350000E+03  1.437110E+01  1.278116E+01  1.762079E-02  6.948172E+01  6.948503E+01 -6.885058E-02 -1.015786E-02 -6.885058E-02  6.940239E+01  1.306319E-02 -1.015786E-02  1.306319E-02  6.955773E+01  1.059963E+00  1.435738E+00  2.654199E+00  3.797993E-01
  9.400000E+03  1.436906E+01  1.279645E+01  1.770900E-02  6.945905E+01  6.945078E+01 -3.090779E-03  3.424266E-02 -3.090779E-03  6.945594E+01 -6.006676E-02  3.424266E-02 -6.006676E-02  6.947044E+01  1.048404E+00  1.432205E+00  3.269343E+00  4.577628E-01
  9.450000E+03  1.436379E+01  1.278674E+01  1.812701E-02  6.946110E+01  6.936807E+01  2.508667E-02 -6.253129E-02  2.508667E-02  6.944463E+01 -1.058745E-01 -6.253129E-02 -1.058745E-01  6.957059E+01  1.051370E+00  1.429837E+00  2.806459E+00  3.607363E-01
  9.500000E+03  1.437446E+01  1.278671E+01  1.575409E-02  6.936118E+01  6.932971E+01 -1.491318E-01  2.364470E-02 -1.491318E-01  6.944618E+01  9.565611E-02  2.364470E-02  9.565611E-02  6.930763E+01  1.058501E+00  1.393849E+00  2.788544E+00  4.825452E-01
  9.550000E+03  1.437326E+01  1.278786E+01  1.709137E-02  6.938736E+01  6.936969E+01 -5.115485E-03  4.506458E-02 -5.115485E-03  6.933632E+01 -5.380080E-02  4.506458E-02 -5.380080E-02  6.945608E+01  1.056938E+00  1.412621E+00  3.244559E+00  4.185266E-01
  9.600000E+03  1.435551E+01  1.277972E+01  1.508578E-02  6.940070E+01  6.940429E+01  8.299953E-02  1.776336E-02  8.299953E-02  6.945008E+01 -1.251572E-02  1.776336E-02 -1.251572E-02  6.934774E+01  1.050525E+00  1.376614E+00  2.896849E+00  4.056159E-01
  9.650000E+03  1.437944E+01  1.278238E+01  1.447082E-02  6.939253E+01  6.946880E+01  7.335025E-02  1.344726E-03  7.335025E-02  6.930132E+01 -3.984808E-02  1.344726E-03 -3.984808E-02  6.940746E+01  1.064705E+00  1.368628E+00  3.377108E+00  5.305393E-01
  9.700000E+03  1.435900E+01  1.278208E+01  1.700607E-02  6.941237E+01  6.946657E+01  7.837305E-03 -9.529936E-02  7.837305E-03  6.933578E+01 -6.349151E-03 -9.529936E-02 -6.349151E-03  6.943476E+01  1.051279E+00  1.420724E+00  2.723806E+00  4.411169E-01
  9.750000E+03  1.439170E+01  1.279670E+01  1.688881E-02  6.941541E+01  6.955509E+01  3.374841E-02 -2.679955E-02  3.374841E-02  6.932275E+01  5.208176E-02 -2.679955E-02  5.208176E-02  6.936839E+01  1.063331E+00  1.430927E+00  2.627930E+00  5.502536E-01
  9.800000E+03  1.437001E+01  1.277757E+01  1.770777E-02  6.943390E+01  6.936748E+01 -2.216022E-02 -1.405860E-01 -2.216022E-02  6.949925E+01 -1.412663E-03 -1.405860E-01 -1.412663E-03  6.943497E+01  1.061625E+00  1.441645E+00  2.911346E+00  4.492043E-01
  9.850000E+03  1.436104E+01  1.277820E+01  1.640835E-02  6.941411E+01  6.938362E+01  2.609982E-02 -3.760512E-03  2.609982E-02  6.940670E+01 -7.556496E-02 -3.760512E-03 -7.556496E-02  6.945201E+01  1.055227E+00  1.411001E+00  2.983525E+00  5.018919E-01
  9.900000E+03  1.434363E+01  1.277168E+01  1.593735E-02  6.941628E+01  6.934002E+01 -7.742251E-03 -7.221640E-02 -7.742251E-03  6.956235E+01  2.687006E-02 -7.221640E-02  2.687006E-02  6.934648E+01  1.047968E+00  1.409817E+00  2.711828E+00  4.674638E-01
  9.950000E+03  1.434737E+01  1.277147E+01  1.662608E-02  6.931485E+01  6.927867E+01 -1.770888E-02  6.060421E-02 -1.770888E-02  6.928836E+01 -3.580633E-02  6.060421E-02 -3.580633E-02  6.937752E+01  1.050600E+00  1.425870E+00  2.604346E+00  5.058155E-01
  1.000000E+04  1.436756E+01  1.278778E+01  1.630766E-02  6.937233E+01  6.940064E+01 -4.354068E-02 -5.147208E-02 -4.354068E-02  6.941906E+01  6.381899E-03 -5.147208E-02  6.381899E-03  6.929730E+01  1.053192E+00  1.396226E+00  2.689379E+00  5.364825E-01
  1.005000E+04  1.437403E+01  1.278331E+01  1.729246E-02  6.936986E+01  6.923154E+01  6.702798E-02 -5.509439E-02  6.702798E-02  6.945135E+01 -3.731019E-02 -5.509439E-02 -3.731019E-02  6.942669E+01  1.060476E+00  1.418159E+00  2.968041E+00  5.000852E-01
  1.010000E+04  1.437349E+01  1.278674E+01  1.560124E-02  6.936219E+01  6.937683E+01  6.665262E-03 -2.005216E-02  6.665262E-03  6.944440E+01  8.978198E-03 -2.005216E-02  8.978198E-03  6.926533E+01  1.057836E+00  1.391812E+00  2.852816E+00  4.626742E-01
  1.015000E+04  1.435936E+01  1.278039E+01  1.591493E-02  6.937178E+01  6.923443E+01 -1.332895E-02  2.723091E-02 -1.332895E-02  6.950278E+01 -3.149561E-02  2.723091E-02 -3.149561E-02  6.937814E+01  1.052647E+00  1.390704E+00  2.907119E+00  3.925301E-01
  1.020000E+04  1.436852E+01  1.279533E+01  1.681005E-02  6.933858E+01  6.943241E+01 -7.712316E-02  1.131688E-02 -7.712316E-02  6.931212E+01 -2.936161E-02  1.131688E-02 -2.936161E-02  6.927121E+01  1.048789E+00  1.435541E+00  2.727132E+00  5.486255E-01
  1.025000E+04  1.438723E+01  1.278823E+01  1.669646E-02  6.943858E+01  6.950638E+01  8.881082E-02 -9.481748E-02  8.881082E-02  6.937586E+01  3.632366E-03 -9.481748E-02  3.632366E-03  6.943349E+01  1.065998E+00  1.418883E+00  2.786392E+00  4.109677E-01
  1.030000E+04  1.435499E+01  1.277925E+01  1.739749E-02  6.941623E+01  6.956767E+01 -7.661312E-03 -7.743134E-02 -7.661312E-03  6.934885E+01 -3.731906E-02 -7.743134E-02 -3.731906E-02  6.933217E+01  1.050488E+00  1.439177E+00  3.014127E+00  4.107429E-01
  1.035000E+04  1.436743E+01  1.279016E+01  1.699376E-02  6.933538E+01  6.945215E+01 -1.973457E-02  3.198201E-02 -1.973457E-02  6.920270E+01  7.047248E-02  3.198201E-02  7.047248E-02  6.935130E+01  1.051517E+00  1.417575E+00  2.776526E+00  4.414096E-01
  1.040000E+04  1.435635E+01  1.278081E+01  1.577388E-02  6.939003E+01  6.932660E+01  8.920159E-02  5.285106E-02  8.920159E-02  6.935499E+01 -7.483111E-02  5.285106E-02 -7.483111E-02  6.948851E+01  1.050355E+00  1.396056E+00  2.843105E+00  3.804686E-01
  1.045000E+04  1.437370E+01  1.279298E+01  1.611504E-02  6.930912E+01  6.928646E+01  2.511752E-02  4.040710E-02  2.511752E-02  6.940511E+01 -2.387536E-02  4.040710E-02 -2.387536E-02  6.923578E+01  1.053814E+00  1.410190E+00  2.768972E+00  5.207058E-01
  1.050000E+04  1.437830E+01  1.279551E+01  1.729085E-02  6.938662E+01  6.942039E+01 -1.117272E-02 -1.529957E-02 -1.117272E-02  6.930839E+01  6.838961E-02 -1.529957E-02  6.838961E-02  6.943107E+01  1.055194E+00  1.424118E+00  2.934070E+00  5.708803E-01
  1.055000E+04  1.436476E+01  1.279313E+01  1.650233E-02  6.940025E+01  6.938868E+01  5.878659E-02  2.078471E-02  5.878659E-02  6.939865E+01  2.698241E-03  2.078471E-02  2.698241E-03  6.941341E+01  1.047755E+00  1.416166E+00  3.144418E+00  4.763354E-01
  1.060000E+04  1.438514E+01  1.278668E+01  1.734589E-02  6.942478E+01  6.941731E+01 -1.179627E-02  6.359551E-02 -1.179627E-02  6.938582E+01  1.945694E-02  6.359551E-02  1.945694E-02  6.947121E+01  1.065638E+00  1.411250E+00  2.889237E+00  4.395149E-01
  1.065000E+04  1.436317E+01  1.277661E+01  1.691370E-02  6.947259E+01  6.947747E+01 -5.492065E-02 -7.143201E-03 -5.492065E-02  6.951482E+01  8.353115E-02 -7.143201E-03  8.353115E-02  6.942548E+01  1.057707E+00  1.408004E+00  2.980438E+00  4.010268E-01
  1.070000E+04  1.437171E+01  1.278698E+01  1.686666E-02  6.939118E+01  6.939037E+01  2.386683E-03 -5.761887E-02  2.386683E-03  6.935142E+01 -3.329771E-02 -5.761887E-02 -3.329771E-02  6.943176E+01  1.056489E+00  1.404749E+00  2.856449E+00  5.087101E-01
  1.075000E+04  1.436113E+01  1.278794E+01  1.494547E-02  6.946176E+01  6.952869E+01 -4.269727E-02  4.709851E-02 -4.269727E-02  6.935247E+01  6.367225E-02  4.709851E-02  6.367225E-02  6.950413E+01  1.048793E+00  1.385245E+00  2.687088E+00  4.967606E-01
  1.080000E+04  1.436339E+01  1.278973E+01  1.624159E-02  6.938656E+01  6.936779E+01 -5.713605E-02 -3.956873E-03 -5.713605E-02  6.944555E+01  8.670952E-02 -3.956873E-03  8.670952E-02  6.934634E+01  1.049105E+00  1.412777E+00  2.846293E+00  4.859215E-01
  1.085000E+04  1.434918E+01  1.277675E+01  1.720213E-02  6.942365E+01  6.945063E+01 -6.014245E-02  3.018948E-02 -6.014245E-02  6.945733E+01 -7.813463E-02  3.018948E-02 -7.813463E-02  6.936299E+01  1.048288E+00  1.418463E+00  2.760929E+00  4.307496E-01
  1.090000E+04  1.437506E+01  1.278572E+01  1.727004E-02  6.938168E+01  6.939701E+01 -5.592058E-02 -1.741439E-02 -5.592058E-02  6.934561E+01  7.462347E-02 -1.741439E-02  7.462347E-02  6.940243E+01  1.059557E+00  1.406588E+00  2.946582E+00  4.618758E-01
  1.095000E+04  1.435424E+01  1.277827E+01  1.615088E-02  6.943775E+01  6.940222E+01 -6.075564E-02  2.136818E-03 -6.075564E-02  6.953308E+01 -5.011778E-03  2.136818E-03 -5.011778E-03  6.937794E+01  1.050651E+00  1.375901E+00  3.094756E+00  3.675250E-01
  1.100000E+04  1.438061E+01  1.279650E+01  1.654223E-02  6.930887E+01  6.944468E+01  2.619304E-02  1.385872E-02  2.619304E-02  6.920496E+01 -6.321209E-02  1.385872E-02 -6.321209E-02  6.927696E+01  1.056068E+00  1.408956E+00  3.144311E+00  4.038636E-01
  1.105000E+04  1.437838E+01  1.278941E+01  1.682382E-02  6.933010E+01  6.924946E+01 -5.707998E-03  5.408058E-02 -5.707998E-03  6.938854E+01  1.023864E-01  5.408058E-02  1.023864E-01  6.935229E+01  1.059310E+00  1.418210E+00  2.793865E+00  5.347510E-01
  1.110000E+04  1.436385E+01  1.278768E+01  1.754531E-02  6.937869E+01  6.947064E+01  3.684685E-02  5.830596E-02  3.684685E-02  6.941343E+01 -1.011611E-01  5.830596E-02 -1.011611E-01  6.925201E+01  1.050778E+00  1.414100E+00  2.671339E+00  3.967898E-01
  1.115000E+04  1.436880E+01  1.278278E+01  1.771971E-02  6.929867E+01  6.908897E+01 -9.445414E-02  8.450500E-02 -9.445414E-02  6.945670E+01 -7.744061E-02  8.450500E-02 -7.744061E-02  6.935033E+01  1.057345E+00  1.436136E+00  2.722741E+00  4.253022E-01
  1.120000E+04  1.436969E+01  1.279345E+01  1.773761E-02  6.942188E+01  6.946372E+01  3.981501E-02 -2.593176E-02  3.981501E-02  6.948572E+01  7.325527E-02 -2.593176E-02  7.325527E-02  6.931619E+01  1.050826E+00  1.419527E+00  3.077723E+00  4.024753E-01
  1.125000E+04  1.436807E+01  1.278986E+01  1.911473E-02  6.934596E+01  6.920724E+01 -4.168475E-02 -8.741552E-02 -4.168475E-02  6.937100E+01 -7.202204E-02 -8.741552E-02 -7.202204E-02  6.945963E+01  1.052141E+00  1.450603E+00  2.783539E+00  4.443505E-01
  1.130000E+04  1.436535E+01  1.278227E+01  1.559595E-02  6.947008E+01  6.951732E+01  5.955126E-02 -9.274531E-02  5.955126E-02  6.932495E+01 -8.373046E-02 -9.274531E-02 -8.373046E-02  6.956796E+01  1.055389E+00  1.385782E+00  2.927918E+00  2.717408E-01
  1.135000E+04  1.437305E+01  1.279191E+01  1.723500E-02  6.939136E+01  6.937710E+01  6.172308E-03 -8.059285E-02  6.172308E-03  6.940509E+01 -1.756140E-02 -8.059285E-02 -1.756140E-02  6.939190E+01  1.054096E+00  1.426553E+00  2.862241E+00  4.989766E-01
  1.140000E+04  1.436743E+01  1.278820E+01  1.690418E-02  6.948212E+01  6.953651E+01 -7.865232E-03  4.492248E-02 -7.865232E-03  6.936200E+01  3.302039E-02  4.492248E-02  3.302039E-02  6.954785E+01  1.052817E+00  1.418788E+00  2.746377E+00  5.050196E-01
  1.145000E+04  1.433649E+01  1.276914E+01  1.674110E-02  6.941586E+01  6.944848E+01 -8.061343E-02 -5.083799E-05 -8.061343E-02  6.937471E+01  1.551921E-02 -5.083799E-05  1.551921E-02  6.942440E+01  1.044900E+00  1.413310E+00  2.946002E+00  4.242896E-01
  1.150000E+04  1.437929E+01  1.279322E+01  1.715437E-02  6.943531E+01  6.939331E+01  4.615983E-02  4.883257E-02  4.615983E-02  6.945233E+01 -3.515104E-02  4.883257E-02 -3.515104E-02  6.946029E+01  1.057377E+00  1.415466E+00  2.843762E+00  3.815219E-01
  1.155000E+04  1.435507E+01  1.278332E+01  1.590481E-02  6.934434E+01  6.941031E+01  3.908064E-02  2.607285E-02  3.908064E-02  6.926039E+01 -4.433853E-02  2.607285E-02 -4.433853E-02  6.936232E+01  1.047836E+00  1.392878E+00  2.638559E+00  3.832751E-01
  1.160000E+04  1.437836E+01  1.279095E+01  1.791404E-02  6.935751E+01  6.944311E+01  4.322424E-02 -3.409055E-02  4.322424E-02  6.927689E+01  3.424165E-02 -3.409055E-02  3.424165E-02  6.935255E+01  1.058273E+00  1.450042E+00  2.669119E+00  3.857411E-01
  1.165000E+04  1.436140E+01  1.277447E+01  1.524016E-02  6.935553E+01  6.939182E+01 -8.913925E-02 -8.232784E-02 -8.913925E-02  6.940533E+01  5.512129E-03 -8.232784E-02  5.512129E-03  6.926943E+01  1.057955E+00  1.398359E+00  2.671856E+00  4.667026E-01
  1.170000E+04  1.435695E+01  1.277991E+01  1.745268E-02  6.937808E+01  6.930153E+01 -6.400748E-02  1.352255E-02 -6.400748E-02  6.934350E+01 -1.263738E-02  1.352255E-02 -1.263738E-02  6.948921E+01  1.051359E+00  1.416024E+00  3.081848E+00  4.418653E-01
  1.175000E+04  1.436361E+01  1.278874E+01  1.641476E-02  6.933728E+01  6.940919E+01  4.716984E-03  1.922335E-02  4.716984E-03  6.925922E+01  1.460724E-02  1.922335E-02  1.460724E-02  6.934342E+01  1.049918E+00  1.396827E+00  2.582094E+00  5.347641E-01
  1.180000E+04  1.436983E+01  1.279434E+01  1.576328E-02  6.937112E+01  6.930287E+01  4.152920E-02  1.842971E-02  4.152920E-02  6.940751E+01 -5.188486E-02  1.842971E-02 -5.188486E-02  6.940297E+01  1.050330E+00  1.401082E+00  2.802736E+00  5.079703E-01
  1.185000E+04  1.437742E+01  1.278910E+01  1.810918E-02  6.937071E+01  6.941178E+01 -2.067081E-03 -2.893700E-02 -2.067081E-03  6.932810E+01  5.127130E-03 -2.893700E-02  5.127130E-03  6.937226E+01  1.058880E+00  1.435547E+00  2.722732E+00  4.282638E-01
  1.190000E+04  1.436569E+01  1.278333E+01  1.761313E-02  6.930690E+01  6.927598E+01  1.210210E-02  4.200775E-02  1.210210E-02  6.929939E+01 -7.889424E-02  4.200775E-02 -7.889424E-02  6.934533E+01  1.054910E+00  1.428262E+00  2.891766E+00  5.556794E-01
  1.195000E+04  1.437231E+01  1.277962E+01  1.574323E-02  6.949479E+01  6.948583E+01  4.196471E-02 -4.728781E-02  4.196471E-02  6.947304E+01  5.495898E-02 -4.728781E-02  5.495898E-02  6.952551E+01  1.061790E+00  1.399993E+00  2.795119E+00  4.492507E-01
  1.200000E+04  1.436495E+01  1.278805E+01  1.678718E-02  6.939865E+01  6.933412E+01 -5.830705E-02  9.280794E-02 -5.830705E-02  6.953650E+01  2.674509E-02  9.280794E-02  2.674509E-02  6.932535E+01  1.051271E+00  1.419459E+00  2.763745E+00  4.431341E-01
  1.205000E+04  1.436363E+01  1.278876E+01  1.718936E-02  6.931609E+01  6.934920E+01 -8.235324E-02 -1.543313E-02 -8.235324E-02  6.922454E+01 -6.740801E-02 -1.543313E-02 -6.740801E-02  6.937452E+01  1.049917E+00  1.390357E+00  2.778865E+00  4.860910E-01
  1.210000E+04  1.435308E+01  1.277320E+01  1.719655E-02  6.941433E+01  6.929019E+01 -8.646447E-03 -8.733352E-04 -8.646447E-03  6.946661E+01  1.681976E-02 -8.733352E-04  1.681976E-02  6.948619E+01  1.053256E+00  1.419350E+00  2.828777E+00  4.231419E-01
  1.215000E+04  1.436904E+01  1.280113E+01  1.761830E-02  6.934014E+01  6.926955E+01 -8.225710E-02  1.666521E-03 -8.225710E-02  6.944244E+01 -3.791074E-02  1.666521E-03 -3.791074E-02  6.930843E+01  1.045273E+00  1.428364E+00  2.858712E+00  3.021825E-01
  1.220000E+04  1.438240E+01  1.279021E+01  1.799582E-02  6.942731E+01  6.932560E+01  5.836146E-02 -1.503615E-02  5.836146E-02  6.948557E+01 -4.634147E-02 -1.503615E-02 -4.634147E-02  6.947074E+01  1.061463E+00  1.417864E+00  2.905802E+00  5.052796E-01
  1.225000E+04  1.438705E+01  1.279793E+01  1.564775E-02  6.940944E+01  6.944898E+01  1.092682E-03  4.754327E-03  1.092682E-03  6.941211E+01 -5.639505E-02  4.754327E-03 -5.639505E-02  6.936722E+01  1.059419E+00  1.386395E+00  2.655261E+00  4.363306E-01
  1.230000E+04  1.437457E+01  1.279043E+01  1.523134E-02  6.938642E+01  6.947770E+01  8.716059E-04 -3.242773E-02  8.716059E-04  6.943903E+01  3.611323E-03 -3.242773E-02  3.611323E-03  6.924253E+01  1.056088E+00  1.386136E+00  2.754623E+00  4.811291E-01
  1.235000E+04  1.438834E+01  1.279838E+01  1.823384E-02  6.943032E+01  6.949024E+01  1.508610E-02 -1.107870E-02  1.508610E-02  6.937537E+01  6.092829E-02 -1.107870E-02  6.092829E-02  6.942535E+01  1.059973E+00  1.427478E+00  2.958029E+00  4.308225E-01
  1.240000E+04  1.436826E+01  1.279392E+01  1.690988E-02  6.933538E+01  6.929258E+01 -4.285336E-02  5.730197E-02 -4.285336E-02  6.943311E+01  4.741899E-02  5.730197E-02  4.741899E-02  6.928046E+01  1.049560E+00  1.405899E+00  2.838792E+00  3.995689E-01
  1.245000E+04  1.434630E+01  1.277736E+01  1.644456E-02  6.940553E+01  6.958448E+01  6.389480E-02 -8.992142E-02  6.389480E-02  6.931299E+01  6.508073E-02 -8.992142E-02  6.508073E-02  6.931912E+01  1.045960E+00  1.410533E+00  2.972257E+00  4.789954E-01
  1.250000E+04  1.437394E+01  1.279391E+01  1.633801E-02  6.928926E+01  6.920033E+01 -4.842495E-02 -6.120566E-02 -4.842495E-02  6.927487E+01  3.527729E-02 -6.120566E-02  3.527729E-02  6.939257E+01  1.053356E+00  1.412114E+00  2.823282E+00  5.084004E-01
  1.255000E+04  1.438151E+01  1.278042E+01  1.580755E-02  6.937890E+01  6.934964E+01  3.232072E-02 -1.472840E-02  3.232072E-02  6.940090E+01  2.248651E-02 -1.472840E-02  2.248651E-02  6.938616E+01  1.067394E+00  1.403880E+00  2.792651E+00  5.104157E-01
  1.260000E+04  1.435775E+01  1.276354E+01  1.679224E-02  6.946765E+01  6.932745E+01  5.282753E-03 -2.239460E-02  5.282753E-03  6.966039E+01 -3.327388E-02 -2.239460E-02 -3.327388E-02  6.941510E+01  1.062812E+00  1.419051E+00  2.875017E+00  5.208768E-01
  1.265000E+04  1.437941E+01  1.280232E+01  1.770169E-02  6.928366E+01  6.927882E+01 -4.679255E-02 -1.271370E-02 -4.679255E-02  6.933597E+01  3.939532E-02 -1.271370E-02  3.939532E-02  6.923618E+01  1.051394E+00  1.413048E+00  2.736210E+00  4.233058E-01
  1.270000E+04  1.433394E+01  1.277202E+01  1.934831E-02  6.931107E+01  6.930214E+01  1.294905E-01 -7.637910E-02  1.294905E-01  6.925617E+01 -7.473099E-03 -7.637910E-02 -7.473099E-03  6.937490E+01  1.041280E+00  1.452784E+00  3.451137E+00  4.656473E-01
  1.275000E+04  1.438157E+01  1.279916E+01  1.709961E-02  6.931813E+01  6.940359E+01  8.936115E-02  1.921666E-02  8.936115E-02  6.929756E+01  7.190974E-02  1.921666E-02  7.190974E-02  6.925323E+01  1.054940E+00  1.423285E+00  2.697500E+00  5.176361E-01
  1.280000E+04  1.436697E+01  1.277948E+01  1.500019E-02  6.947372E+01  6.952184E+01  1.603794E-02 -5.794444E-03  1.603794E-02  6.940547E+01 -6.601298E-02 -5.794444E-03 -6.601298E-02  6.949384E+01  1.058325E+00  1.393018E+00  2.748412E+00  4.270548E-01
  1.285000E+04  1.437408E+01  1.280028E+01  1.710354E-02  6.934271E+01  6.944315E+01  1.697713E-02 -2.184990E-02  1.697713E-02  6.922358E+01 -8.521425E-02 -2.184990E-02 -8.521425E-02  6.936141E+01  1.049204E+00  1.420339E+00  3.080857E+00  4.291153E-01
  1.290000E+04  1.437245E+01  1.278781E+01  1.704475E-02  6.938625E+01  6.933038E+01  7.789017E-03 -1.142674E-01  7.789017E-03  6.936574E+01 -3.418957E-02 -1.142674E-01 -3.418957E-02  6.946264E+01  1.056422E+00  1.416751E+00  3.021553E+00  4.412392E-01
  1.295000E+04  1.435735E+01  1.277931E+01  1.615560E-02  6.946455E+01  6.949502E+01 -5.151797E-02 -7.954272E-03 -5.151797E-02  6.945649E+01 -5.138475E-02 -7.954272E-03 -5.138475E-02  6.944213E+01  1.052025E+00  1.391508E+00  2.965993E+00  3.969459E-01
  1.300000E+04  1.435700E+01  1.278414E+01  1.699482E-02  6.935727E+01  6.936844E+01 -7.345578E-02  1.180566E-02 -7.345578E-02  6.939588E+01  9.201098E-03  1.180566E-02  9.201098E-03  6.930750E+01  1.048573E+00  1.418323E+00  2.726835E+00  4.918865E-01
  1.305000E+04  1.436500E+01  1.278050E+01  1.645448E-02  6.931005E+01  6.939932E+01 -7.095698E-02  5.406032E-04 -7.095698E-02  6.937256E+01 -7.219785E-03  5.406032E-04 -7.219785E-03  6.915829E+01  1.056335E+00  1.405880E+00  2.760209E+00  5.363470E-01
  1.310000E+04  1.436577E+01  1.279035E+01  1.697565E-02  6.927723E+01  6.931434E+01  9.622011E-02  7.148291E-02  9.622011E-02  6.935322E+01 -2.863834E-02  7.148291E-02 -2.863834E-02  6.916413E+01  1.050281E+00  1.423535E+00  2.913422E+00  4.222551E-01
  1.315000E+04  1.437768E+01  1.278797E+01  1.881676E-02  6.935650E+01  6.955461E+01 -6.331185E-02  8.149154E-02 -6.331185E-02  6.916440E+01 -8.181302E-03  8.149154E-02 -8.181302E-03  6.935049E+01  1.059804E+00  1.447674E+00  2.800516E+00  5.272588E-01
  1.320000E+04  1.436878E+01  1.278322E+01  1.640377E-02  6.937173E+01  6.935978E+01  1.065183E-01 -7.358633E-02  1.065183E-01  6.948181E+01 -5.044691E-02 -7.358633E-02 -5.044691E-02  6.927361E+01  1.057036E+00  1.417542E+00  2.847421E+00  4.394747E-01
  1.325000E+04  1.435395E+01  1.278424E+01  1.795720E-02  6.937628E+01  6.936907E+01  1.296127E-01 -1.683431E-02  1.296127E-01  6.942332E+01 -2.342209E-02 -1.683431E-02 -2.342209E-02  6.933643E+01  1.046478E+00  1.426317E+00  2.977879E+00  4.578554E-01
  1.330000E+04  1.438469E+01  1.279814E+01  1.772390E-02  6.938276E+01  6.943865E+01  7.772370E-02 -2.302943E-02  7.772370E-02  6.938664E+01 -3.444274E-02 -2.302943E-02 -3.444274E-02  6.932298E+01  1.057699E+00  1.448968E+00  2.884502E+00  4.176702E-01
  1.335000E+04  1.435415E+01  1.277867E+01  1.700763E-02  6.938642E+01  6.931872E+01  1.031077E-02 -1.281946E-02  1.031077E-02  6.938918E+01  1.214409E-02 -1.281946E-02  1.214409E-02  6.945135E+01  1.050324E+00  1.428555E+00  2.884119E+00  5.904056E-01
  1.340000E+04  1.436880E+01  1.278289E+01  1.536473E-02  6.938419E+01  6.945084E+01 -1.749826E-02 -2.413123E-02 -1.749826E-02  6.937717E+01 -2.879615E-02 -2.413123E-02 -2.879615E-02  6.932455E+01  1.057268E+00  1.386302E+00  2.726843E+00  4.144904E-01
  1.345000E+04  1.434707E+01  1.277182E+01  1.787951E-02  6.949192E+01  6.950685E+01  3.947715E-02  5.765819E-02  3.947715E-02  6.944278E+01  5.811404E-02  5.765819E-02  5.811404E-02  6.952614E+01  1.050166E+00  1.435394E+00  3.109047E+00  4.678036E-01
  1.350000E+04  1.436449E+01  1.278901E+01  1.733041E-02  6.940271E+01  6.940471E+01  2.274779E-02 -4.873964E-02  2.274779E-02  6.942991E+01  4.179075E-02 -4.873964E-02  4.179075E-02  6.937351E+01  1.050324E+00  1.428212E+00  2.827944E+00  3.950177E-01
  1.355000E+04  1.437840E+01  1.278655E+01  1.487811E-02  6.940540E+01  6.949400E+01  5.930358E-02  2.285784E-02  5.930358E-02  6.942623E+01  5.650022E-02  2.285784E-02  5.650022E-02  6.929595E+01  1.061230E+00  1.377221E+00  2.771624E+00  4.770801E-01
  1.360000E+04  1.436309E+01  1.278161E+01  1.531504E-02  6.936339E+01  6.936843E+01  2.956665E-02  6.879173E-03  2.956665E-02  6.926890E+01 -6.067632E-02  6.879173E-03 -6.067632E-02  6.945283E+01  1.054324E+00  1.377271E+00  2.859029E+00  4.814233E-01
  1.365000E+04  1.437521E+01  1.278493E+01  1.600834E-02  6.933276E+01  6.940830E+01  2.161042E-02 -3.209974E-03  2.161042E-02  6.940609E+01  4.359678E-02 -3.209974E-03  4.359678E-02  6.918389E+01  1.060189E+00  1.403790E+00  2.842633E+00  4.795824E-01
  1.370000E+04  1.436511E+01  1.279069E+01  1.590310E-02  6.930013E+01  6.928219E+01  1.049650E-01  8.179794E-02  1.049650E-01  6.933709E+01 -2.190407E-02  8.179794E-02 -2.190407E-02  6.928111E+01  1.049615E+00  1.385723E+00  2.749231E+00  4.700065E-01
  1.375000E+04  1.437862E+01  1.277726E+01  1.768873E-02  6.935078E+01  6.937674E+01  2.415933E-02 -3.343150E-02  2.415933E-02  6.938130E+01  3.105303E-02 -3.343150E-02  3.105303E-02  6.929431E+01  1.067569E+00  1.427389E+00  2.984432E+00  4.635494E-01
  1.380000E+04  1.438352E+01  1.279587E+01  1.577348E-02  6.932747E+01  6.923375E+01 -2.745548E-02  8.453391E-02 -2.745548E-02  6.947244E+01 -9.971409E-02  8.453391E-02 -9.971409E-02  6.927622E+01  1.058437E+00  1.403015E+00  2.936592E+00  4.912580E-01
  1.385000E+04  1.437005E+01  1.279059E+01  1.834178E-02  6.928637E+01  6.933784E+01 -6.648808E-02 -6.377384E-02 -6.648808E-02  6.920701E+01 -6.207539E-02 -6.377384E-02 -6.207539E-02  6.931425E+01  1.052968E+00  1.425992E+00  2.968509E+00  4.893450E-01
  1.390000E+04  1.437009E+01  1.278667E+01  1.758446E-02  6.937274E+01  6.938404E+01  9.659237E-02 -1.126498E-03  9.659237E-02  6.938661E+01  4.863462E-02 -1.126498E-03  4.863462E-02  6.934756E+01  1.055612E+00  1.429427E+00  2.789488E+00  5.302944E-01
  1.395000E+04  1.435882E+01  1.278386E+01  1.679639E-02  6.937214E+01  6.932329E+01  3.411282E-02  5.429839E-02  3.411282E-02  6.949473E+01  2.806440E-02  5.429839E-02  2.806440E-02  6.929838E+01  1.049975E+00  1.410463E+00  2.973095E+00  4.623636E-01
  1.400000E+04  1.437808E+01  1.279820E+01  1.581314E-02  6.945382E+01  6.948409E+01  1.472697E-02 -1.815788E-02  1.472697E-02  6.941933E+01  3.758935E-02 -1.815788E-02  3.758935E-02  6.945803E+01  1.053259E+00  1.409551E+00  2.667642E+00  4.237180E-01
  1.405000E+04  1.437157E+01  1.278457E+01  1.732920E-02  6.933036E+01  6.924298E+01 -9.261268E-02  6.639879E-03 -9.261268E-02  6.933090E+01  5.195212E-02  6.639879E-03  5.195212E-02  6.941719E+01  1.058000E+00  1.415392E+00  3.036926E+00  4.212093E-01
  1.410000E+04  1.438793E+01  1.280315E+01  1.549727E-02  6.933760E+01  6.941833E+01  9.839189E-02 -2.235549E-02  9.839189E-02  6.933655E+01 -3.587401E-02 -2.235549E-02 -3.587401E-02  6.925794E+01  1.056520E+00  1.393434E+00  2.696011E+00  4.120762E-01
  1.415000E+04  1.437361E+01  1.279462E+01  1.707106E-02  6.940778E+01  6.940706E+01 -1.433526E-02  2.233325E-03 -1.433526E-02  6.939754E+01  3.223738E-02  2.233325E-03  3.223738E-02  6.941874E+01  1.052661E+00  1.418712E+00  3.103442E+00  4.525995E-01
  1.420000E+04  1.437815E+01  1.279547E+01  1.694651E-02  6.936105E+01  6.933691E+01 -5.404079E-02 -1.578420E-02 -5.404079E-02  6.931092E+01 -8.325141E-02 -1.578420E-02 -8.325141E-02  6.943533E+01  1.055121E+00  1.409561E+00  3.070331E+00  4.880863E-01
  1.425000E+04  1.438905E+01  1.278730E+01  1.637722E-02  6.938406E+01  6.928909E+01 -1.315194E-02  1.729601E-02 -1.315194E-02  6.942846E+01 -3.302351E-02  1.729601E-02 -3.302351E-02  6.943463E+01  1.067834E+00  1.398049E+00  3.080966E+00  4.545971E-01
  1.430000E+04  1.436716E+01  1.279135E+01  1.865713E-02  6.939732E+01  6.946169E+01  8.685420E-02  1.917559E-02  8.685420E-02  6.938012E+01 -9.577411E-03  1.917559E-02 -9.577411E-03  6.935013E+01  1.050545E+00  1.436614E+00  2.876995E+00  4.533237E-01
  1.435000E+04  1.438576E+01  1.278577E+01  1.519015E-02  6.947714E+01  6.948233E+01 -7.726186E-02  2.313020E-02 -7.726186E-02  6.953077E+01 -6.525611E-02  2.313020E-02 -6.525611E-02  6.941832E+01  1.066661E+00  1.397064E+00  2.692119E+00  4.663334E-01
  1.440000E+04  1.437076E+01  1.278865E+01  1.926376E-02  6.943912E+01  6.946051E+01 -4.479198E-02  3.037641E-02 -4.479198E-02  6.950888E+01 -2.057485E-02  3.037641E-02 -2.057485E-02  6.934797E+01  1.054740E+00  1.445969E+00  3.452792E+00  4.642850E-01
  1.445000E+04  1.439016E+01  1.279098E+01  1.719315E-02  6.945195E+01  6.938602E+01  6.466245E-02  6.106499E-02  6.466245E-02  6.949452E+01 -1.107281E-01  6.106499E-02 -1.107281E-01  6.947532E+01  1.066119E+00  1.431154E+00  3.038344E+00  5.028793E-01
  1.450000E+04  1.435292E+01  1.277495E+01  1.774277E-02  6.933203E+01  6.933446E+01 -9.714961E-02 -2.309567E-02 -9.714961E-02  6.932489E+01 -1.227678E-01 -2.309567E-02 -1.227678E-01  6.933673E+01  1.051980E+00  1.441137E+00  2.839571E+00  4.288537E-01
  1.455000E+04  1.438404E+01  1.279674E+01  1.703131E-02  6.935628E+01  6.938290E+01 -1.274303E-01  3.506578E-02 -1.274303E-01  6.939042E+01 -9.443440E-02  3.506578E-02 -9.443440E-02  6.929553E+01  1.058203E+00  1.415408E+00  3.019117E+00  4.145356E-01
  1.460000E+04  1.436984E+01  1.279150E+01  1.747286E-02  6.940378E+01  6.939545E+01 -2.717298E-02  4.579799E-02 -2.717298E-02  6.937888E+01  3.209544E-02  4.579799E-02  3.209544E-02  6.943700E+01  1.052224E+00  1.421022E+00  3.004777E+00  4.649154E-01
  1.465000E+04  1.436559E+01  1.278183E+01  1.703717E-02  6.946665E+01  6.954293E+01 -1.796053E-02  5.334174E-02 -1.796053E-02  6.939369E+01 -9.562449E-03  5.334174E-02 -9.562449E-03  6.946332E+01  1.055838E+00  1.421848E+00  2.896802E+00  3.843734E-01
  1.470000E+04  1.437599E+01  1.278602E+01  1.748022E-02  6.932461E+01  6.931234E+01  8.506954E-02 -5.914066E-03  8.506954E-02  6.935284E+01 -2.829752E-02 -5.914066E-03 -2.829752E-02  6.930866E+01  1.059979E+00  1.420759E+00  2.996459E+00  4.560425E-01
  1.475000E+04  1.438442E+01  1.279073E+01  1.742203E-02  6.938679E+01  6.930463E+01  8.235496E-02 -3.885865E-02  8.235496E-02  6.943173E+01 -4.938621E-02 -3.885865E-02 -4.938621E-02  6.942402E+01  1.062461E+00  1.417819E+00  3.080522E+00  3.817379E-01
  1.480000E+04  1.438592E+01  1.279498E+01  1.557911E-02  6.941911E+01  6.937285E+01 -9.637120E-02  1.073330E-02 -9.637120E-02  6.947617E+01  5.732649E-03  1.073330E-02  5.732649E-03  6.940829E+01  1.060627E+00  1.392866E+00  2.938118E+00  4.359075E-01
  1.485000E+04  1.436370E+01  1.278287E+01  1.677448E-02  6.936667E+01  6.930161E+01  4.694521E-02  1.084207E-02  4.694521E-02  6.949110E+01 -1.610947E-02  1.084207E-02 -1.610947E-02  6.930732E+01  1.053884E+00  1.415403E+00  2.833737E+00  4.910553E-01
  1.490000E+04  1.438617E+01  1.279392E+01  1.717761E-02  6.931729E+01  6.937241E+01  3.763462E-02  6.732774E-02  3.763462E-02  6.934842E+01 -1.069766E-01  6.732774E-02 -1.069766E-01  6.923104E+01  1.061498E+00  1.414887E+00  2.951635E+00  4.618783E-01
  1.495000E+04  1.438258E+01  1.279326E+01  1.899114E-02  6.939228E+01  6.938265E+01  3.220454E-03 -1.059569E-02  3.220454E-03  6.945200E+01  2.422230E-03 -1.059569E-02  2.422230E-03  6.934220E+01  1.059547E+00  1.456046E+00  2.959626E+00  5.284103E-01
  1.500000E+04  1.436558E+01  1.279100E+01  1.745057E-02  6.938120E+01  6.933335E+01 -2.693967E-02 -4.582765E-02 -2.693967E-02  6.936587E+01  1.978956E-02 -4.582765E-02  1.978956E-02  6.944439E+01  1.049717E+00  1.419052E+00  3.176535E+00  4.444722E-01
