$basis
*
o def-TZVP 
*
 6  s
  27032.382631      .21726302465E-03
  4052.3871392      .16838662199E-02
  922.32722710      .87395616265E-02
  261.24070989      .35239968808E-01
  85.354641351      .11153519115
  31.035035245      .25588953961
   2  s
  12.260860728      .39768730901
  4.9987076005      .24627849430
   1  s
  1.1703108158      1.0000000000
   1  s
  .46474740994      1.0000000000
   1  s
  .18504536357      1.0000000000
   4  p
  63.274954801      .60685103418E-02
  14.627049379      .41912575824E-01
  4.4501223456      .16153841088
  1.5275799647      .35706951311
   1  p
  .52935117943      .44794207502
   1  p
  .17478421270      .24446069663
 1  d
  1.20   1.00 
*
h def-TZVP 
*
 3  s
    34.061341      .60251978E-02
    5.1235746      .45021094E-01
    1.1646626      .20189726
    1  s
    .32723041      1.0000000
    1  s
    .10307241      1.0000000
 1  p
 .80   1.00 
*
$end