$energy      SCF               SCFKIN            SCFPOT
     1   -76.47724473780    76.20729239386  -152.68453713166
     2   -76.47784218668    76.17974671614  -152.65758890283
     3   -76.47810749205    76.16529875009  -152.64340624214
     4   -76.47811893370    76.16999258951  -152.64811152322
     5   -76.47811891354    76.17072782667  -152.64884674022
     6   -76.47811891535    76.17073161623  -152.64885053158
     7   -76.47811891523    76.17073159543  -152.64885051065
     8   -76.47811891529    76.17073172227  -152.64885063756
$end
