#         time      en-total      pe-total      be-total      pressure          s_xx          s_xy          s_xz          s_yx          s_yy          s_yz          s_zx          s_zy          s_zz   temperature     bndlen-av    bndlen-max    bndlen-min
  0.000000E+00  1.481843E+01  1.323556E+01  2.263563E-01  6.987671E+01  6.986583E+01  6.625304E-02  2.526106E-02  6.625304E-02  6.984142E+01 -1.555019E-02  2.526106E-02 -1.555019E-02  6.992287E+01  1.055242E+00  1.458888E+00  3.520353E+00  3.595854E-01
  5.000000E+01  1.483164E+01  1.324004E+01  2.204043E-01  7.006616E+01  7.006951E+01  7.276501E-02 -3.051628E-02  7.276501E-02  7.000942E+01  3.307478E-02 -3.051628E-02  3.307478E-02  7.011956E+01  1.061065E+00  1.450380E+00  3.111933E+00  4.149034E-01
  1.000000E+02  1.482829E+01  1.323310E+01  2.259088E-01  6.989639E+01  6.995682E+01 -2.055683E-02 -5.050601E-02 -2.055683E-02  6.987220E+01  8.302177E-02 -5.050601E-02  8.302177E-02  6.986017E+01  1.063462E+00  1.454397E+00  3.132727E+00  3.633300E-01
  1.500000E+02  1.481740E+01  1.323707E+01  2.180504E-01  6.994184E+01  6.990230E+01 -2.003851E-02  2.231137E-02 -2.003851E-02  6.992381E+01 -1.166996E-01  2.231137E-02 -1.166996E-01  6.999943E+01  1.053559E+00  1.445163E+00  3.496968E+00  3.773447E-01
  2.000000E+02  1.481497E+01  1.323191E+01  2.207088E-01  6.994735E+01  6.982246E+01  3.276547E-02 -4.839562E-03  3.276547E-02  6.999045E+01  1.830516E-02 -4.839562E-03  1.830516E-02  7.002915E+01  1.055371E+00  1.449108E+00  3.177939E+00  4.086035E-01
  2.500000E+02  1.481634E+01  1.322988E+01  2.238609E-01  6.985619E+01  6.982224E+01  3.648580E-02  7.265744E-02  3.648580E-02  6.975742E+01 -5.313058E-03  7.265744E-02 -5.313058E-03  6.998890E+01  1.057641E+00  1.452196E+00  3.341057E+00  2.972214E-01
  3.000000E+02  1.483494E+01  1.324107E+01  2.223108E-01  7.007548E+01  7.017198E+01 -2.284778E-02  3.704326E-02 -2.284778E-02  6.993025E+01  4.866838E-02  3.704326E-02  4.866838E-02  7.012421E+01  1.062576E+00  1.446002E+00  3.209949E+00  3.529943E-01
  3.500000E+02  1.482001E+01  1.323908E+01  2.248332E-01  6.997393E+01  6.996624E+01 -3.389668E-02  4.734273E-02 -3.389668E-02  6.991836E+01  9.763182E-02  4.734273E-02  9.763182E-02  7.003719E+01  1.053955E+00  1.451887E+00  3.388745E+00  3.846637E-01
  4.000000E+02  1.479305E+01  1.320699E+01  2.196154E-01  6.992124E+01  6.999621E+01 -3.638556E-02  9.335924E-02 -3.638556E-02  6.980305E+01 -3.418708E-02  9.335924E-02 -3.418708E-02  6.996446E+01  1.057371E+00  1.447247E+00  3.144808E+00  3.611832E-01
  4.500000E+02  1.483768E+01  1.324733E+01  2.222439E-01  6.999094E+01  6.986702E+01 -4.089125E-02  2.456366E-02 -4.089125E-02  6.994878E+01  3.767857E-03  2.456366E-02  3.767857E-03  7.015702E+01  1.060229E+00  1.451323E+00  3.195269E+00  3.286707E-01
  5.000000E+02  1.482196E+01  1.323525E+01  2.212700E-01  7.001260E+01  6.987005E+01  7.432572E-02  1.562235E-01  7.432572E-02  7.006126E+01 -7.203813E-02  1.562235E-01 -7.203813E-02  7.010649E+01  1.057807E+00  1.446305E+00  3.340854E+00  3.219552E-01
  5.500000E+02  1.483097E+01  1.323415E+01  2.237761E-01  7.003617E+01  7.000073E+01 -5.219782E-02 -3.300402E-02 -5.219782E-02  7.008466E+01  5.677746E-02 -3.300402E-02  5.677746E-02  7.002310E+01  1.064546E+00  1.452187E+00  3.297543E+00  3.666367E-01
  6.000000E+02  1.480263E+01  1.323044E+01  2.232003E-01  6.986893E+01  6.984260E+01  2.241106E-02 -1.278560E-01  2.241106E-02  6.990890E+01 -1.239020E-01 -1.278560E-01 -1.239020E-01  6.985530E+01  1.048130E+00  1.450146E+00  3.294221E+00  3.518179E-01
  6.500000E+02  1.479167E+01  1.322543E+01  2.153286E-01  6.990965E+01  6.997794E+01 -2.589905E-02 -1.056102E-02 -2.589905E-02  6.980781E+01 -3.154300E-02 -1.056102E-02 -3.154300E-02  6.994320E+01  1.044161E+00  1.442259E+00  3.093216E+00  3.448581E-01
  7.000000E+02  1.480198E+01  1.322509E+01  2.156414E-01  7.003442E+01  7.001713E+01 -8.699093E-02  2.767884E-02 -8.699093E-02  6.996408E+01  5.217551E-02  2.767884E-02  5.217551E-02  7.012206E+01  1.051261E+00  1.440400E+00  3.201883E+00  3.383839E-01
  7.500000E+02  1.482190E+01  1.323590E+01  2.174792E-01  6.992907E+01  7.000915E+01 -3.984051E-02 -2.986892E-02 -3.984051E-02  6.981626E+01 -2.117331E-02 -2.986892E-02 -2.117331E-02  6.996180E+01  1.057335E+00  1.444458E+00  3.162694E+00  3.739019E-01
  8.000000E+02  1.481134E+01  1.323631E+01  2.230297E-01  6.991310E+01  6.974524E+01  4.485084E-02 -5.069472E-03  4.485084E-02  6.996705E+01  3.331068E-02 -5.069472E-03  3.331068E-02  7.002702E+01  1.050022E+00  1.447690E+00  3.366029E+00  3.471987E-01
  8.500000E+02  1.480473E+01  1.322429E+01  2.149479E-01  7.002868E+01  6.988402E+01 -8.585263E-02 -1.808159E-02 -8.585263E-02  6.993926E+01  6.631278E-02 -1.808159E-02  6.631278E-02  7.026277E+01  1.053627E+00  1.440965E+00  3.639189E+00  3.566598E-01
  9.000000E+02  1.482170E+01  1.324187E+01  2.285409E-01  6.987809E+01  6.982457E+01 -2.051497E-02 -5.275989E-03 -2.051497E-02  6.980862E+01 -2.248198E-02 -5.275989E-03 -2.248198E-02  7.000109E+01  1.053218E+00  1.455731E+00  3.280106E+00  3.804090E-01
  9.500000E+02  1.484374E+01  1.325618E+01  2.248783E-01  6.987484E+01  6.994683E+01 -1.647312E-02 -1.046219E-01 -1.647312E-02  6.986256E+01  8.698640E-02 -1.046219E-01  8.698640E-02  6.981512E+01  1.058374E+00  1.448889E+00  3.663671E+00  3.617423E-01
  1.000000E+03  1.481050E+01  1.322011E+01  2.204649E-01  6.993674E+01  7.001653E+01  1.248527E-02 -1.146985E-01  1.248527E-02  6.989968E+01  2.188959E-02 -1.146985E-01  2.188959E-02  6.989402E+01  1.060261E+00  1.447846E+00  3.326109E+00  3.811345E-01
  1.050000E+03  1.482582E+01  1.322408E+01  2.218755E-01  7.002430E+01  6.994919E+01 -9.063706E-02 -3.124221E-02 -9.063706E-02  7.010095E+01 -3.956698E-02 -3.124221E-02 -3.956698E-02  7.002278E+01  1.067824E+00  1.447824E+00  3.409994E+00  3.956393E-01
  1.100000E+03  1.485085E+01  1.325088E+01  2.220239E-01  6.994022E+01  6.992617E+01  5.379093E-02 -2.142191E-02  5.379093E-02  6.992610E+01  2.990503E-02 -2.142191E-02  2.990503E-02  6.996840E+01  1.066644E+00  1.451426E+00  3.184928E+00  2.973487E-01
  1.150000E+03  1.481452E+01  1.323355E+01  2.190805E-01  6.988771E+01  6.987867E+01 -1.307079E-03 -5.863865E-02 -1.307079E-03  6.985623E+01 -9.033776E-03 -5.863865E-02 -9.033776E-03  6.992822E+01  1.053977E+00  1.449294E+00  3.145709E+00  3.048241E-01
  1.200000E+03  1.484247E+01  1.323860E+01  2.202544E-01  7.008686E+01  7.004631E+01  9.576545E-02 -3.120177E-02  9.576545E-02  7.013280E+01  1.418830E-01 -3.120177E-02  1.418830E-01  7.008147E+01  1.069246E+00  1.451903E+00  3.244263E+00  3.594464E-01
  1.250000E+03  1.481170E+01  1.323551E+01  2.240610E-01  6.985128E+01  6.981026E+01 -1.476314E-02  3.809067E-02 -1.476314E-02  6.983827E+01  5.717397E-02  3.809067E-02  5.717397E-02  6.990531E+01  1.050791E+00  1.451118E+00  3.269470E+00  3.688713E-01
  1.300000E+03  1.481356E+01  1.322674E+01  2.174623E-01  6.988199E+01  6.986458E+01 -5.559415E-02  1.019016E-01 -5.559415E-02  6.983643E+01  6.073052E-02  1.019016E-01  6.073052E-02  6.994495E+01  1.057886E+00  1.438695E+00  3.170859E+00  4.459807E-01
  1.350000E+03  1.482770E+01  1.324261E+01  2.286501E-01  6.980626E+01  6.983386E+01  1.039934E-01  4.899993E-03  1.039934E-01  6.969860E+01  5.088413E-02  4.899993E-03  5.088413E-02  6.988631E+01  1.056729E+00  1.457809E+00  3.268636E+00  4.126052E-01
  1.400000E+03  1.482651E+01  1.323456E+01  2.204361E-01  6.990384E+01  6.993425E+01  4.031785E-02  4.325753E-02  4.031785E-02  6.982120E+01  8.733096E-03  4.325753E-02  8.733096E-03  6.995608E+01  1.061297E+00  1.451592E+00  3.465104E+00  3.072752E-01
  1.450000E+03  1.484039E+01  1.324482E+01  2.282241E-01  6.990683E+01  6.981709E+01 -8.518236E-02  1.381744E-02 -8.518236E-02  6.991095E+01 -5.190809E-02  1.381744E-02 -5.190809E-02  6.999244E+01  1.063713E+00  1.457359E+00  3.661163E+00  2.400361E-01
  1.500000E+03  1.481368E+01  1.323232E+01  2.243627E-01  6.991048E+01  7.001356E+01  7.845737E-02  5.030816E-02  7.845737E-02  6.992213E+01 -5.673561E-02  5.030816E-02 -5.673561E-02  6.979576E+01  1.054237E+00  1.449158E+00  3.342559E+00  3.341447E-01
  1.550000E+03  1.482460E+01  1.323749E+01  2.237479E-01  6.996642E+01  6.997618E+01  5.702545E-02  5.615142E-02  5.702545E-02  6.987164E+01 -1.055931E-02  5.615142E-02 -1.055931E-02  7.005142E+01  1.058073E+00  1.456355E+00  3.352752E+00  3.671580E-01
  1.600000E+03  1.483853E+01  1.324043E+01  2.235566E-01  6.996331E+01  6.994223E+01 -1.516772E-01 -5.477133E-02 -1.516772E-01  6.991085E+01 -5.286343E-02 -5.477133E-02 -5.286343E-02  7.003686E+01  1.065397E+00  1.453080E+00  3.349326E+00  4.021955E-01
  1.650000E+03  1.481222E+01  1.322793E+01  2.284642E-01  6.990672E+01  6.987217E+01 -4.205405E-02 -3.045243E-02 -4.205405E-02  6.989401E+01 -3.018386E-02 -3.045243E-02 -3.018386E-02  6.995400E+01  1.056190E+00  1.459496E+00  3.495392E+00  3.740099E-01
  1.700000E+03  1.483738E+01  1.323554E+01  2.232573E-01  7.012533E+01  7.013066E+01  5.122729E-02 -3.212369E-02  5.122729E-02  6.998810E+01  1.403829E-01 -3.212369E-02  1.403829E-01  7.025722E+01  1.067895E+00  1.452966E+00  3.120193E+00  3.972579E-01
  1.750000E+03  1.481258E+01  1.322828E+01  2.263004E-01  6.991478E+01  6.998625E+01 -6.456438E-02 -1.598484E-01 -6.456438E-02  6.989590E+01  5.888517E-02 -1.598484E-01  5.888517E-02  6.986220E+01  1.056202E+00  1.458627E+00  3.252148E+00  3.636655E-01
  1.800000E+03  1.481477E+01  1.322640E+01  2.232815E-01  6.990077E+01  6.982910E+01  1.998775E-02 -3.413653E-02  1.998775E-02  6.981974E+01  5.427728E-02 -3.413653E-02  5.427728E-02  7.005349E+01  1.058915E+00  1.447418E+00  3.504805E+00  4.310383E-01
  1.850000E+03  1.483432E+01  1.323854E+01  2.260037E-01  6.989763E+01  6.985913E+01 -3.115384E-02 -6.562210E-02 -3.115384E-02  6.981806E+01 -8.761452E-02 -6.562210E-02 -8.761452E-02  7.001572E+01  1.063854E+00  1.449353E+00  3.320566E+00  3.933884E-01
  1.900000E+03  1.481424E+01  1.323857E+01  2.227924E-01  6.992396E+01  7.012151E+01 -6.910491E-02 -8.900035E-02 -6.910491E-02  6.971451E+01 -8.150666E-02 -8.900035E-02 -8.150666E-02  6.993588E+01  1.050442E+00  1.453081E+00  3.205017E+00  3.910108E-01
  1.950000E+03  1.481402E+01  1.323420E+01  2.248202E-01  6.996886E+01  7.001859E+01  1.610323E-02  8.759661E-02  1.610323E-02  6.993561E+01 -1.647788E-02  8.759661E-02 -1.647788E-02  6.995237E+01  1.053219E+00  1.454508E+00  3.212556E+00  2.969842E-01
  2.000000E+03  1.482649E+01  1.324661E+01  2.243558E-01  7.004090E+01  7.013280E+01 -6.870380E-02  9.399850E-03 -6.870380E-02  7.004939E+01  7.048390E-02  9.399850E-03  7.048390E-02  6.994051E+01  1.053250E+00  1.447578E+00  3.217249E+00  4.124446E-01
  2.050000E+03  1.483951E+01  1.324948E+01  2.274088E-01  6.994594E+01  6.982624E+01 -1.633598E-02 -7.362688E-02 -1.633598E-02  6.996601E+01  9.404937E-02 -7.362688E-02  9.404937E-02  7.004558E+01  1.060020E+00  1.454999E+00  3.313244E+00  3.543543E-01
  2.100000E+03  1.481271E+01  1.322420E+01  2.257154E-01  6.998436E+01  6.991750E+01  6.936381E-02 -2.597264E-02  6.936381E-02  6.990979E+01 -1.130737E-01 -2.597264E-02 -1.130737E-01  7.012580E+01  1.059006E+00  1.454656E+00  3.507694E+00  3.765354E-01
  2.150000E+03  1.481858E+01  1.322594E+01  2.224394E-01  6.998060E+01  6.990569E+01 -5.240423E-02 -3.262561E-02 -5.240423E-02  6.993889E+01  5.438821E-02 -3.262561E-02  5.438821E-02  7.009721E+01  1.061757E+00  1.450243E+00  3.308396E+00  2.859971E-01
  2.200000E+03  1.481779E+01  1.323608E+01  2.311236E-01  6.996780E+01  6.999877E+01  4.022559E-02  8.651742E-02  4.022559E-02  6.979026E+01 -6.562656E-02  8.651742E-02 -6.562656E-02  7.011438E+01  1.054478E+00  1.462786E+00  3.480209E+00  3.910133E-01
  2.250000E+03  1.482496E+01  1.323942E+01  2.231432E-01  6.990419E+01  6.990133E+01  6.625867E-02  2.900461E-02  6.625867E-02  6.989448E+01  3.728828E-02  2.900461E-02  3.728828E-02  6.991677E+01  1.057025E+00  1.450877E+00  3.263785E+00  3.523393E-01
  2.300000E+03  1.480721E+01  1.321777E+01  2.229280E-01  6.999080E+01  6.990095E+01 -1.507829E-01  8.721903E-02 -1.507829E-01  6.993022E+01  7.505632E-02  8.721903E-02  7.505632E-02  7.014123E+01  1.059627E+00  1.454816E+00  3.087308E+00  4.081543E-01
  2.350000E+03  1.481385E+01  1.323128E+01  2.260043E-01  7.005663E+01  7.005417E+01  1.657368E-02 -8.064197E-02  1.657368E-02  7.002345E+01 -2.737615E-03 -8.064197E-02 -2.737615E-03  7.009226E+01  1.055046E+00  1.451580E+00  3.232737E+00  3.935235E-01
  2.400000E+03  1.481781E+01  1.323526E+01  2.232683E-01  6.992639E+01  6.996822E+01 -2.282167E-02 -5.192812E-05 -2.282167E-02  6.980447E+01  5.404479E-02 -5.192812E-05  5.404479E-02  7.000648E+01  1.055031E+00  1.450309E+00  3.309656E+00  3.544925E-01
  2.450000E+03  1.481752E+01  1.323219E+01  2.222945E-01  6.990531E+01  6.991580E+01  3.106933E-02  1.036763E-02  3.106933E-02  6.971502E+01 -7.397357E-02  1.036763E-02 -7.397357E-02  7.008510E+01  1.056888E+00  1.445931E+00  3.121795E+00  4.258541E-01
  2.500000E+03  1.483372E+01  1.323066E+01  2.235926E-01  6.996776E+01  6.994560E+01 -3.829517E-02 -6.077569E-02 -3.829517E-02  6.995767E+01  2.674823E-02 -6.077569E-02  2.674823E-02  7.000000E+01  1.068704E+00  1.449103E+00  3.301002E+00  4.343636E-01
  2.550000E+03  1.480809E+01  1.323250E+01  2.272051E-01  7.006819E+01  7.010602E+01  1.974205E-03  2.914474E-04  1.974205E-03  7.002178E+01 -3.256097E-02  2.914474E-04 -3.256097E-02  7.007677E+01  1.050393E+00  1.460667E+00  3.235699E+00  3.947350E-01
  2.600000E+03  1.479722E+01  1.322950E+01  2.253223E-01  6.992903E+01  6.991112E+01 -9.791576E-02  2.634564E-02 -9.791576E-02  6.995088E+01  2.418002E-02  2.634564E-02  2.418002E-02  6.992507E+01  1.045148E+00  1.452321E+00  3.245378E+00  3.710179E-01
  2.650000E+03  1.481953E+01  1.324234E+01  2.300208E-01  6.986998E+01  6.973537E+01  3.665074E-02 -9.848282E-02  3.665074E-02  6.988950E+01  7.556728E-04 -9.848282E-02  7.556728E-04  6.998506E+01  1.051458E+00  1.460390E+00  3.572580E+00  4.090107E-01
  2.700000E+03  1.481490E+01  1.322871E+01  2.176479E-01  6.994803E+01  6.991927E+01  8.347980E-02  8.159871E-02  8.347980E-02  6.993985E+01 -6.354660E-02  8.159871E-02 -6.354660E-02  6.998498E+01  1.057456E+00  1.440141E+00  3.176733E+00  3.791305E-01
  2.750000E+03  1.481041E+01  1.322808E+01  2.187435E-01  6.993521E+01  6.992351E+01 -5.579066E-02  2.880129E-02 -5.579066E-02  6.993907E+01 -8.813369E-02  2.880129E-02 -8.813369E-02  6.994305E+01  1.054890E+00  1.442794E+00  3.374831E+00  3.987857E-01
  2.800000E+03  1.483436E+01  1.325056E+01  2.234246E-01  6.990113E+01  6.990605E+01  5.327145E-04 -1.092513E-02  5.327145E-04  6.983353E+01 -7.124202E-02 -1.092513E-02 -7.124202E-02  6.996380E+01  1.055865E+00  1.452179E+00  3.203225E+00  3.413057E-01
  2.850000E+03  1.483382E+01  1.324682E+01  2.235236E-01  6.993017E+01  6.981793E+01  3.099811E-02 -8.659393E-02  3.099811E-02  6.990377E+01  6.065107E-02 -8.659393E-02  6.065107E-02  7.006881E+01  1.057997E+00  1.454104E+00  3.126631E+00  3.530694E-01
  2.900000E+03  1.483284E+01  1.323517E+01  2.217027E-01  7.000675E+01  7.002218E+01 -6.696188E-02  2.090532E-02 -6.696188E-02  6.999304E+01 -9.380502E-02  2.090532E-02 -9.380502E-02  7.000503E+01  1.065110E+00  1.443864E+00  3.067569E+00  3.167909E-01
  2.950000E+03  1.481924E+01  1.323742E+01  2.211488E-01  6.993077E+01  6.990039E+01 -5.079808E-02 -2.776927E-02 -5.079808E-02  6.988146E+01  5.391770E-02 -2.776927E-02  5.391770E-02  7.001045E+01  1.054551E+00  1.446667E+00  3.546119E+00  3.571933E-01
  3.000000E+03  1.483327E+01  1.324215E+01  2.248012E-01  6.983639E+01  6.984246E+01 -3.225981E-02 -6.974634E-02 -3.225981E-02  6.982383E+01  3.260126E-02 -6.974634E-02  3.260126E-02  6.984289E+01  1.060753E+00  1.447380E+00  3.459690E+00  2.849925E-01
  3.050000E+03  1.483722E+01  1.324299E+01  2.201777E-01  7.005613E+01  7.002846E+01 -3.746046E-02 -6.976873E-02 -3.746046E-02  7.004960E+01 -1.291373E-01 -6.976873E-02 -1.291373E-01  7.009035E+01  1.062823E+00  1.449003E+00  3.255208E+00  3.478926E-01
  3.100000E+03  1.481724E+01  1.323648E+01  2.212067E-01  6.993008E+01  7.003844E+01 -3.463573E-02  4.914958E-02 -3.463573E-02  6.984434E+01  2.275770E-02  4.914958E-02  2.275770E-02  6.990745E+01  1.053842E+00  1.449471E+00  3.086169E+00  3.731623E-01
  3.150000E+03  1.484388E+01  1.325543E+01  2.312121E-01  6.988707E+01  6.989008E+01  8.572720E-02 -2.122730E-02  8.572720E-02  6.983817E+01 -4.878002E-02 -2.122730E-02 -4.878002E-02  6.993296E+01  1.058966E+00  1.462647E+00  3.421268E+00  3.336808E-01
  3.200000E+03  1.480402E+01  1.321832E+01  2.268138E-01  6.998766E+01  7.002850E+01  2.000382E-02  5.162365E-02  2.000382E-02  6.993206E+01 -1.947892E-01  5.162365E-02 -1.947892E-01  7.000242E+01  1.057131E+00  1.455364E+00  3.634756E+00  3.341459E-01
  3.250000E+03  1.480815E+01  1.323497E+01  2.275711E-01  6.996517E+01  7.006948E+01  3.434898E-02 -3.724802E-02  3.434898E-02  6.983191E+01 -1.976583E-02 -3.724802E-02 -1.976583E-02  6.999412E+01  1.048787E+00  1.459992E+00  3.687280E+00  3.407399E-01
  3.300000E+03  1.479669E+01  1.322006E+01  2.205369E-01  6.996387E+01  6.992820E+01  3.384659E-02 -4.688867E-03  3.384659E-02  6.994733E+01 -1.242558E-02 -4.688867E-03 -1.242558E-02  7.001607E+01  1.051088E+00  1.446725E+00  3.280323E+00  4.248555E-01
  3.350000E+03  1.481666E+01  1.323573E+01  2.241826E-01  6.994565E+01  6.995061E+01 -4.072440E-02 -2.615324E-02 -4.072440E-02  6.987864E+01  4.547665E-02 -2.615324E-02  4.547665E-02  7.000769E+01  1.053953E+00  1.454276E+00  3.233517E+00  3.008428E-01
  3.400000E+03  1.483043E+01  1.323645E+01  2.187657E-01  7.001914E+01  6.988688E+01  5.680971E-03  6.413425E-02  5.680971E-03  7.009769E+01 -1.048310E-02  6.413425E-02 -1.048310E-02  7.007286E+01  1.062651E+00  1.446182E+00  3.174177E+00  3.720268E-01
  3.450000E+03  1.481613E+01  1.322767E+01  2.239892E-01  6.996737E+01  6.990342E+01  8.690453E-03  8.395366E-02  8.690453E-03  6.990481E+01 -2.692639E-03  8.395366E-02 -2.692639E-03  7.009386E+01  1.058970E+00  1.454513E+00  3.178017E+00  3.782846E-01
  3.500000E+03  1.479599E+01  1.322859E+01  2.233351E-01  6.996600E+01  7.004525E+01  9.233860E-03  6.802222E-02  9.233860E-03  6.986979E+01 -5.567274E-02  6.802222E-02 -5.567274E-02  6.998297E+01  1.044931E+00  1.448507E+00  3.231163E+00  3.703586E-01
  3.550000E+03  1.482765E+01  1.323908E+01  2.241651E-01  7.008473E+01  7.005578E+01 -7.427638E-02 -5.513923E-02 -7.427638E-02  6.993273E+01 -3.020722E-02 -5.513923E-02 -3.020722E-02  7.026568E+01  1.059051E+00  1.453097E+00  3.335121E+00  4.494521E-01
  3.600000E+03  1.481850E+01  1.323450E+01  2.191562E-01  6.992804E+01  6.994245E+01  9.468304E-02  4.708411E-02  9.468304E-02  6.985699E+01  3.624261E-02  4.708411E-02  3.624261E-02  6.998467E+01  1.055997E+00  1.447455E+00  3.038446E+00  3.792194E-01
  3.650000E+03  1.483060E+01  1.324536E+01  2.246564E-01  6.993922E+01  6.997636E+01  4.867189E-02 -4.924752E-02  4.867189E-02  6.994308E+01 -2.362817E-02 -4.924752E-02 -2.362817E-02  6.989823E+01  1.056825E+00  1.453357E+00  3.247949E+00  3.970229E-01
  3.700000E+03  1.482846E+01  1.324767E+01  2.274637E-01  6.990323E+01  6.991188E+01 -1.078643E-01  3.687445E-02 -1.078643E-01  6.985771E+01  4.478284E-02  3.687445E-02  4.478284E-02  6.994011E+01  1.053863E+00  1.456481E+00  3.179052E+00  3.860475E-01
  3.750000E+03  1.481685E+01  1.322748E+01  2.222969E-01  6.998866E+01  6.997365E+01  3.944263E-02  4.959024E-02  3.944263E-02  6.995767E+01 -2.476364E-02  4.959024E-02 -2.476364E-02  7.003467E+01  1.059584E+00  1.447373E+00  3.131072E+00  3.911115E-01
  3.800000E+03  1.481376E+01  1.322355E+01  2.253117E-01  6.996210E+01  6.986309E+01  3.697906E-02 -3.739970E-02  3.697906E-02  6.998687E+01 -1.186347E-01 -3.739970E-02 -1.186347E-01  7.003633E+01  1.060141E+00  1.454788E+00  3.601803E+00  3.500683E-01
  3.850000E+03  1.483001E+01  1.323472E+01  2.313398E-01  7.002532E+01  6.993800E+01  3.025839E-02  1.555419E-02  3.025839E-02  7.004227E+01  1.497471E-02  1.555419E-02  1.497471E-02  7.009569E+01  1.063529E+00  1.462425E+00  3.301507E+00  4.001052E-01
  3.900000E+03  1.482706E+01  1.323604E+01  2.251220E-01  6.995880E+01  6.990962E+01 -3.125141E-02 -3.317842E-02 -3.125141E-02  6.998332E+01 -1.093977E-02 -3.317842E-02 -1.093977E-02  6.998347E+01  1.060678E+00  1.457427E+00  3.190896E+00  3.738452E-01
  3.950000E+03  1.480198E+01  1.321520E+01  2.210987E-01  6.999038E+01  6.995244E+01 -7.577143E-02 -2.281837E-02 -7.577143E-02  6.995365E+01 -2.163961E-02 -2.281837E-02 -2.163961E-02  7.006504E+01  1.057852E+00  1.449617E+00  3.386992E+00  3.891611E-01
  4.000000E+03  1.481306E+01  1.324112E+01  2.303984E-01  6.984569E+01  6.993007E+01 -4.058100E-02  6.077191E-03 -4.058100E-02  6.978568E+01 -1.064033E-01  6.077191E-03 -1.064033E-01  6.982132E+01  1.047957E+00  1.463814E+00  3.768665E+00  3.740146E-01
  4.050000E+03  1.479371E+01  1.321733E+01  2.241302E-01  7.002687E+01  6.988956E+01  3.879211E-02 -1.225935E-01  3.879211E-02  6.999795E+01 -4.285983E-02 -1.225935E-01 -4.285983E-02  7.019311E+01  1.050922E+00  1.454765E+00  3.345475E+00  3.164173E-01
  4.100000E+03  1.479878E+01  1.322551E+01  2.156142E-01  6.999553E+01  6.998027E+01 -9.916479E-02  1.645492E-01 -9.916479E-02  6.998663E+01 -3.740281E-02  1.645492E-01 -3.740281E-02  7.001969E+01  1.048851E+00  1.443613E+00  3.292014E+00  3.264921E-01
  4.150000E+03  1.484448E+01  1.323460E+01  2.242904E-01  6.991574E+01  7.007330E+01 -8.378375E-02 -4.709051E-03 -8.378375E-02  6.978646E+01  4.411954E-02 -4.709051E-03  4.411954E-02  6.988746E+01  1.073251E+00  1.451987E+00  3.182410E+00  3.523550E-01
  4.200000E+03  1.477448E+01  1.321114E+01  2.222915E-01  6.998589E+01  7.004085E+01 -3.660671E-02 -1.477389E-02 -3.660671E-02  6.996598E+01  8.049841E-02 -1.477389E-02  8.049841E-02  6.995083E+01  1.042227E+00  1.451257E+00  3.232078E+00  3.399920E-01
  4.250000E+03  1.482539E+01  1.323121E+01  2.264891E-01  6.975614E+01  6.971632E+01 -1.209543E-02 -8.515364E-03 -1.209543E-02  6.967479E+01 -4.942571E-02 -8.515364E-03 -4.942571E-02  6.987733E+01  1.062786E+00  1.454374E+00  3.278636E+00  3.379347E-01
  4.300000E+03  1.482800E+01  1.323366E+01  2.283844E-01  6.998796E+01  6.988472E+01 -8.800670E-02  6.359683E-02 -8.800670E-02  6.995043E+01  1.431182E-02  6.359683E-02  1.431182E-02  7.012874E+01  1.062894E+00  1.454464E+00  3.429536E+00  4.073543E-01
  4.350000E+03  1.482587E+01  1.323294E+01  2.211863E-01  6.982316E+01  6.986001E+01  1.785726E-02  1.357009E-02  1.785726E-02  6.977486E+01  2.775462E-02  1.357009E-02  2.775462E-02  6.983461E+01  1.061951E+00  1.448088E+00  3.394797E+00  3.813787E-01
  4.400000E+03  1.483396E+01  1.323820E+01  2.218786E-01  7.000237E+01  7.004336E+01  7.726169E-02 -5.236167E-02  7.726169E-02  6.994552E+01  6.211839E-02 -5.236167E-02  6.211839E-02  7.001824E+01  1.063842E+00  1.450692E+00  3.387178E+00  3.656534E-01
  4.450000E+03  1.481954E+01  1.323045E+01  2.221779E-01  6.991768E+01  6.974181E+01 -5.561131E-02  1.030614E-03 -5.561131E-02  7.009795E+01  1.018711E-03  1.030614E-03  1.018711E-03  6.991328E+01  1.059393E+00  1.450315E+00  3.155592E+00  3.355469E-01
  4.500000E+03  1.484422E+01  1.325218E+01  2.269034E-01  6.984084E+01  6.981506E+01 -4.546212E-02  1.061385E-01 -4.546212E-02  6.978213E+01 -6.376308E-02  1.061385E-01 -6.376308E-02  6.992532E+01  1.061363E+00  1.456338E+00  3.263929E+00  3.959861E-01
  4.550000E+03  1.483507E+01  1.324502E+01  2.270646E-01  7.000522E+01  6.991223E+01 -2.432756E-02  2.296971E-02 -2.432756E-02  7.003748E+01  1.823356E-02  2.296971E-02  1.823356E-02  7.006594E+01  1.060039E+00  1.460546E+00  3.169734E+00  3.410856E-01
  4.600000E+03  1.483453E+01  1.324162E+01  2.277778E-01  6.999040E+01  6.986178E+01  2.640053E-02  4.177543E-02  2.640053E-02  7.005167E+01  1.841602E-02  4.177543E-02  1.841602E-02  7.005774E+01  1.061943E+00  1.454306E+00  3.129650E+00  3.740266E-01
  4.650000E+03  1.481645E+01  1.323988E+01  2.183000E-01  6.983229E+01  6.972901E+01  4.525569E-03  1.966156E-02  4.525569E-03  6.980718E+01 -3.077385E-03  1.966156E-02 -3.077385E-03  6.996069E+01  1.051044E+00  1.443162E+00  3.399193E+00  3.190859E-01
  4.700000E+03  1.482982E+01  1.323908E+01  2.257165E-01  7.000903E+01  7.001578E+01  5.003677E-02 -2.414828E-02  5.003677E-02  7.004898E+01  8.804643E-02 -2.414828E-02  8.804643E-02  6.996234E+01  1.060490E+00  1.448239E+00  3.191877E+00  3.313941E-01
  4.750000E+03  1.483210E+01  1.322649E+01  2.199583E-01  7.001007E+01  7.001052E+01 -2.290192E-02  7.004711E-03 -2.290192E-02  6.995660E+01 -4.087293E-02  7.004711E-03 -4.087293E-02  7.006309E+01  1.070404E+00  1.445380E+00  3.448116E+00  3.261777E-01
  4.800000E+03  1.482354E+01  1.323332E+01  2.232022E-01  6.990532E+01  6.978577E+01 -4.014809E-02  9.700033E-02 -4.014809E-02  6.983068E+01 -9.862600E-02  9.700033E-02 -9.862600E-02  7.009953E+01  1.060147E+00  1.452025E+00  3.130161E+00  3.952642E-01
  4.850000E+03  1.480545E+01  1.322857E+01  2.221518E-01  6.990514E+01  6.986672E+01 -1.629922E-01 -1.218012E-01 -1.629922E-01  6.980173E+01  6.881785E-02 -1.218012E-01  6.881785E-02  7.004698E+01  1.051254E+00  1.451699E+00  3.233853E+00  3.806078E-01
  4.900000E+03  1.481992E+01  1.323541E+01  2.263617E-01  6.983219E+01  6.974531E+01  9.558273E-02 -3.255182E-02  9.558273E-02  6.979632E+01  1.998926E-02 -3.255182E-02  1.998926E-02  6.995493E+01  1.056340E+00  1.453426E+00  3.130201E+00  4.324382E-01
  4.950000E+03  1.482511E+01  1.323798E+01  2.237115E-01  6.989340E+01  6.988929E+01  6.999844E-02 -3.473296E-02  6.999844E-02  6.991142E+01 -1.126443E-02 -3.473296E-02 -1.126443E-02  6.987950E+01  1.058086E+00  1.453890E+00  3.111259E+00  4.177365E-01
  5.000000E+03  1.483763E+01  1.324728E+01  2.267261E-01  6.989717E+01  6.984282E+01  1.451818E-01 -4.827333E-03  1.451818E-01  6.993289E+01 -4.454823E-02 -4.827333E-03 -4.454823E-02  6.991580E+01  1.060234E+00  1.457199E+00  3.074663E+00  4.289973E-01
  5.050000E+03  1.481428E+01  1.324474E+01  2.300076E-01  6.985169E+01  6.991897E+01  1.159453E-01  2.233084E-03  1.159453E-01  6.985725E+01 -1.803711E-01  2.233084E-03 -1.803711E-01  6.977883E+01  1.046359E+00  1.463764E+00  3.421780E+00  3.628698E-01
  5.100000E+03  1.482364E+01  1.323013E+01  2.234085E-01  6.992509E+01  6.988169E+01 -6.040536E-02 -5.191275E-02 -6.040536E-02  6.989611E+01 -3.874337E-02 -5.191275E-02 -3.874337E-02  6.999746E+01  1.062342E+00  1.457033E+00  3.288095E+00  3.991404E-01
  5.150000E+03  1.479695E+01  1.322113E+01  2.212328E-01  7.002232E+01  6.991420E+01  5.660224E-02  7.529576E-02  5.660224E-02  6.995840E+01  9.866591E-02  7.529576E-02  9.866591E-02  7.019436E+01  1.050550E+00  1.447213E+00  3.387629E+00  3.598878E-01
  5.200000E+03  1.481987E+01  1.323723E+01  2.239559E-01  6.996234E+01  6.984623E+01  4.147914E-02  5.646621E-02  4.147914E-02  6.995282E+01 -9.810634E-02  5.646621E-02 -9.810634E-02  7.008797E+01  1.055089E+00  1.455022E+00  3.164184E+00  4.122457E-01
  5.250000E+03  1.481179E+01  1.322813E+01  2.239277E-01  6.991580E+01  7.003580E+01  6.325277E-02  1.920036E-02  6.325277E-02  6.993411E+01 -4.817866E-02  1.920036E-02 -4.817866E-02  6.977748E+01  1.055772E+00  1.454437E+00  3.490984E+00  3.240244E-01
  5.300000E+03  1.485359E+01  1.325132E+01  2.275613E-01  6.999628E+01  6.997134E+01  1.954577E-03 -1.338864E-01  1.954577E-03  6.989259E+01 -4.994747E-02 -1.338864E-01 -4.994747E-02  7.012492E+01  1.068181E+00  1.455427E+00  3.141096E+00  4.244268E-01
  5.350000E+03  1.481121E+01  1.323826E+01  2.206918E-01  6.992674E+01  6.991295E+01 -1.051034E-01  1.085190E-01 -1.051034E-01  6.989422E+01  5.208452E-02  1.085190E-01  5.208452E-02  6.997306E+01  1.048634E+00  1.449258E+00  3.297031E+00  2.982277E-01
  5.400000E+03  1.482094E+01  1.322787E+01  2.240616E-01  6.994464E+01  6.998134E+01  2.201630E-03 -2.287527E-02  2.201630E-03  6.996484E+01 -2.579385E-02 -2.287527E-02 -2.579385E-02  6.988773E+01  1.062046E+00  1.446633E+00  3.130391E+00  2.471689E-01
  5.450000E+03  1.482417E+01  1.323776E+01  2.235369E-01  6.994071E+01  6.995774E+01  1.045157E-01 -6.303466E-02  1.045157E-01  6.990194E+01 -3.619935E-03 -6.303466E-02 -3.619935E-03  6.996245E+01  1.057611E+00  1.452926E+00  3.215098E+00  2.839165E-01
  5.500000E+03  1.480461E+01  1.323342E+01  2.231900E-01  6.992092E+01  6.987938E+01  3.877712E-02 -3.876188E-02  3.877712E-02  6.981447E+01 -8.880176E-02 -3.876188E-02 -8.880176E-02  7.006891E+01  1.047460E+00  1.453940E+00  3.090521E+00  4.116043E-01
  5.550000E+03  1.483751E+01  1.323464E+01  2.181144E-01  7.002172E+01  6.996412E+01 -5.384033E-02 -3.087407E-02 -5.384033E-02  7.006707E+01  3.362852E-02 -3.087407E-02  3.362852E-02  7.003397E+01  1.068580E+00  1.449964E+00  3.109044E+00  3.649897E-01
  5.600000E+03  1.483196E+01  1.324617E+01  2.214674E-01  6.996017E+01  6.987960E+01  1.176662E-01 -8.105929E-02  1.176662E-01  6.996070E+01 -1.503378E-02 -8.105929E-02 -1.503378E-02  7.004021E+01  1.057191E+00  1.452626E+00  3.319000E+00  3.725043E-01
  5.650000E+03  1.484038E+01  1.325749E+01  2.270201E-01  6.999275E+01  6.989258E+01 -5.384078E-02 -4.117533E-02 -5.384078E-02  7.005335E+01  1.198233E-01 -4.117533E-02  1.198233E-01  7.003232E+01  1.055263E+00  1.455342E+00  3.218464E+00  3.849829E-01
  5.700000E+03  1.480857E+01  1.322576E+01  2.205927E-01  6.998957E+01  7.000157E+01 -1.234557E-01  7.223642E-02 -1.234557E-01  6.994204E+01  6.268624E-02  7.223642E-02  6.268624E-02  7.002508E+01  1.055202E+00  1.447430E+00  3.267234E+00  4.159967E-01
  5.750000E+03  1.481431E+01  1.323554E+01  2.285479E-01  6.980782E+01  6.971750E+01  5.555938E-02 -2.671107E-02  5.555938E-02  6.985091E+01  4.613402E-02 -2.671107E-02  4.613402E-02  6.985504E+01  1.052515E+00  1.460419E+00  3.325741E+00  3.742711E-01
  5.800000E+03  1.483138E+01  1.324703E+01  2.222374E-01  6.982504E+01  6.972910E+01 -3.687161E-02 -5.423319E-02 -3.687161E-02  6.979077E+01 -6.418678E-02 -5.423319E-02 -6.418678E-02  6.995525E+01  1.056235E+00  1.453510E+00  3.330880E+00  4.092734E-01
  5.850000E+03  1.482983E+01  1.324584E+01  2.236591E-01  7.000449E+01  6.990299E+01 -2.922781E-02 -2.105773E-02 -2.922781E-02  6.993564E+01  2.939034E-03 -2.105773E-02  2.939034E-03  7.017484E+01  1.055997E+00  1.450429E+00  3.321869E+00  3.297359E-01
  5.900000E+03  1.484961E+01  1.325700E+01  2.248927E-01  6.988258E+01  6.972895E+01 -2.450782E-02  8.683333E-02 -2.450782E-02  6.997671E+01 -7.567197E-02  8.683333E-02 -7.567197E-02  6.994209E+01  1.061743E+00  1.450120E+00  3.554313E+00  2.906099E-01
  5.950000E+03  1.484090E+01  1.325181E+01  2.253419E-01  6.989702E+01  6.983422E+01  1.105733E-01 -1.370524E-02  1.105733E-01  6.989049E+01  5.983016E-03 -1.370524E-02  5.983016E-03  6.996635E+01  1.059393E+00  1.451033E+00  3.213465E+00  3.322161E-01
  6.000000E+03  1.482982E+01  1.323854E+01  2.278694E-01  6.997972E+01  6.998492E+01  1.516078E-01 -9.014586E-02  1.516078E-01  6.990779E+01  3.293704E-02 -9.014586E-02  3.293704E-02  7.004644E+01  1.060853E+00  1.456038E+00  3.365580E+00  3.606314E-01
  6.050000E+03  1.481708E+01  1.323518E+01  2.179987E-01  7.003090E+01  7.003999E+01 -3.566069E-02 -9.902842E-03 -3.566069E-02  6.999883E+01 -1.339711E-02 -9.902842E-03 -1.339711E-02  7.005388E+01  1.054602E+00  1.444904E+00  3.093988E+00  4.131523E-01
  6.100000E+03  1.481335E+01  1.324092E+01  2.238459E-01  6.984069E+01  6.981809E+01 -1.068960E-01 -5.144410E-02 -1.068960E-01  6.969665E+01 -4.350218E-02 -5.144410E-02 -4.350218E-02  7.000732E+01  1.048283E+00  1.453500E+00  3.149698E+00  2.716344E-01
  6.150000E+03  1.481810E+01  1.323050E+01  2.225385E-01  6.997304E+01  6.999471E+01 -1.590427E-02  8.140965E-03 -1.590427E-02  6.990850E+01 -2.529264E-02  8.140965E-03 -2.529264E-02  7.001592E+01  1.058397E+00  1.449436E+00  3.463093E+00  3.653343E-01
  6.200000E+03  1.483228E+01  1.325107E+01  2.217937E-01  6.988635E+01  6.987681E+01 -9.355193E-02 -4.903998E-02 -9.355193E-02  6.968924E+01  2.423153E-02 -4.903998E-02  2.423153E-02  7.009299E+01  1.054142E+00  1.448630E+00  3.229982E+00  3.583703E-01
  6.250000E+03  1.483777E+01  1.324261E+01  2.313650E-01  6.992157E+01  6.981626E+01  1.085452E-02 -1.072482E-02  1.085452E-02  6.991783E+01 -6.632917E-02 -1.072482E-02 -6.632917E-02  7.003061E+01  1.063443E+00  1.461195E+00  3.499537E+00  3.685354E-01
  6.300000E+03  1.482199E+01  1.323777E+01  2.233701E-01  6.991702E+01  6.990698E+01  1.949860E-02  4.570837E-02  1.949860E-02  6.986214E+01  3.392775E-02  4.570837E-02  3.392775E-02  6.998193E+01  1.056145E+00  1.448289E+00  3.285390E+00  3.820959E-01
  6.350000E+03  1.482703E+01  1.323984E+01  2.277224E-01  6.992364E+01  6.987033E+01 -6.890403E-02 -7.571360E-03 -6.890403E-02  6.990204E+01  4.668542E-02 -7.571360E-03  4.668542E-02  6.999857E+01  1.058127E+00  1.453130E+00  3.245337E+00  3.699243E-01
  6.400000E+03  1.481812E+01  1.323349E+01  2.233162E-01  7.000970E+01  6.995775E+01  2.328168E-02  1.913653E-02  2.328168E-02  6.996738E+01  7.556130E-02  1.913653E-02  7.556130E-02  7.010396E+01  1.056423E+00  1.451963E+00  3.124508E+00  3.442890E-01
  6.450000E+03  1.484307E+01  1.324377E+01  2.217956E-01  7.002314E+01  7.007356E+01  1.831686E-02 -9.873726E-03  1.831686E-02  7.005597E+01 -7.519792E-02 -9.873726E-03 -7.519792E-02  6.993990E+01  1.066199E+00  1.444293E+00  3.201820E+00  4.177838E-01
  6.500000E+03  1.481438E+01  1.322821E+01  2.216762E-01  6.992405E+01  6.998320E+01 -1.595935E-02 -6.150883E-02 -1.595935E-02  6.984614E+01  8.866530E-02 -6.150883E-02  8.866530E-02  6.994283E+01  1.057448E+00  1.452081E+00  3.048246E+00  4.058117E-01
  6.550000E+03  1.481855E+01  1.322864E+01  2.264881E-01  7.000609E+01  7.006296E+01  8.282528E-02 -9.855145E-03  8.282528E-02  7.000348E+01 -4.223518E-03 -9.855145E-03 -4.223518E-03  6.995183E+01  1.059941E+00  1.455191E+00  3.176908E+00  3.311158E-01
  6.600000E+03  1.483079E+01  1.324503E+01  2.294777E-01  6.991946E+01  6.987205E+01 -7.885794E-02  7.337840E-02 -7.885794E-02  6.984962E+01  7.730385E-02  7.337840E-02  7.730385E-02  7.003672E+01  1.057171E+00  1.459541E+00  3.250807E+00  3.324156E-01
  6.650000E+03  1.482457E+01  1.322479E+01  2.224816E-01  6.998722E+01  6.989487E+01 -3.095522E-02  5.799194E-02 -3.095522E-02  6.997824E+01 -4.281259E-03  5.799194E-02 -4.281259E-03  7.008855E+01  1.066519E+00  1.455984E+00  3.065125E+00  3.724216E-01
  6.700000E+03  1.482611E+01  1.322288E+01  2.163690E-01  7.012810E+01  7.009041E+01  7.336491E-02  1.774485E-02  7.336491E-02  7.015959E+01  1.128141E-01  1.774485E-02  1.128141E-01  7.013430E+01  1.068822E+00  1.443072E+00  3.233915E+00  3.484515E-01
  6.750000E+03  1.484146E+01  1.324770E+01  2.264135E-01  6.985630E+01  6.989382E+01  3.617205E-02 -6.397008E-03  3.617205E-02  6.972139E+01 -2.572863E-02 -6.397008E-03 -2.572863E-02  6.995370E+01  1.062505E+00  1.456717E+00  3.399114E+00  3.462953E-01
  6.800000E+03  1.482012E+01  1.323776E+01  2.260653E-01  6.991243E+01  6.989816E+01  2.437095E-02  1.863733E-02  2.437095E-02  6.978203E+01  1.614490E-02  1.863733E-02  1.614490E-02  7.005709E+01  1.054907E+00  1.456694E+00  3.206581E+00  3.553057E-01
  6.850000E+03  1.481771E+01  1.322842E+01  2.195763E-01  7.001100E+01  6.984312E+01  2.265734E-02 -2.177399E-02  2.265734E-02  7.009628E+01 -5.448918E-02 -2.177399E-02 -5.448918E-02  7.009361E+01  1.059521E+00  1.444928E+00  3.241924E+00  3.292028E-01
  6.900000E+03  1.480558E+01  1.322667E+01  2.137612E-01  6.994146E+01  6.992682E+01 -1.364063E-01  4.418025E-02 -1.364063E-01  6.993790E+01 -7.607310E-02  4.418025E-02 -7.607310E-02  6.995965E+01  1.052609E+00  1.439276E+00  3.213637E+00  3.757413E-01
  6.950000E+03  1.483194E+01  1.324380E+01  2.280567E-01  6.995440E+01  7.002835E+01 -8.314620E-02 -4.534291E-02 -8.314620E-02  6.980633E+01 -1.739461E-02 -4.534291E-02 -1.739461E-02  7.002853E+01  1.058757E+00  1.453244E+00  3.281521E+00  3.469781E-01
  7.000000E+03  1.483655E+01  1.324115E+01  2.300659E-01  6.994258E+01  6.984894E+01  2.377071E-02  2.222916E-02  2.377071E-02  6.997664E+01  1.666047E-02  2.222916E-02  1.666047E-02  7.000216E+01  1.063604E+00  1.461778E+00  3.306194E+00  3.092957E-01
  7.050000E+03  1.483542E+01  1.323618E+01  2.202601E-01  7.003807E+01  7.000961E+01  5.192452E-02 -9.422192E-02  5.192452E-02  6.997310E+01  4.843861E-02 -9.422192E-02  4.843861E-02  7.013151E+01  1.066161E+00  1.450098E+00  3.233625E+00  3.066591E-01
  7.100000E+03  1.484061E+01  1.324840E+01  2.282869E-01  7.004119E+01  7.003350E+01  5.289222E-03 -2.508058E-02  5.289222E-03  7.007866E+01  2.905544E-02 -2.508058E-02  2.905544E-02  7.001140E+01  1.061475E+00  1.463543E+00  3.250589E+00  3.873303E-01
  7.150000E+03  1.483069E+01  1.323816E+01  2.256797E-01  6.996875E+01  6.992738E+01 -1.836635E-02  1.348968E-02 -1.836635E-02  7.002966E+01  6.897915E-02  1.348968E-02  6.897915E-02  6.994921E+01  1.061687E+00  1.455807E+00  3.092695E+00  3.106557E-01
  7.200000E+03  1.483420E+01  1.324235E+01  2.273498E-01  7.000012E+01  6.994463E+01  3.563911E-02  1.104967E-02  3.563911E-02  7.000028E+01  8.265726E-02  1.104967E-02  8.265726E-02  7.005545E+01  1.061239E+00  1.456142E+00  3.387255E+00  3.580755E-01
  7.250000E+03  1.483148E+01  1.324560E+01  2.264820E-01  6.986383E+01  6.984583E+01  7.267331E-02  1.141828E-02  7.267331E-02  6.980804E+01 -1.102684E-01  1.141828E-02 -1.102684E-01  6.993761E+01  1.057253E+00  1.450441E+00  3.424652E+00  3.772701E-01
  7.300000E+03  1.480765E+01  1.322641E+01  2.247864E-01  6.991741E+01  6.988832E+01  7.911434E-02 -4.221776E-03  7.911434E-02  6.985483E+01 -1.060883E-02 -4.221776E-03 -1.060883E-02  7.000908E+01  1.054160E+00  1.450953E+00  3.361254E+00  3.902623E-01
  7.350000E+03  1.480845E+01  1.322447E+01  2.300970E-01  6.983421E+01  6.962950E+01 -4.024757E-02  7.070664E-02 -4.024757E-02  6.989345E+01 -6.310560E-02  7.070664E-02 -6.310560E-02  6.997968E+01  1.055986E+00  1.459916E+00  3.419348E+00  4.157503E-01
  7.400000E+03  1.482498E+01  1.324082E+01  2.258641E-01  6.995427E+01  6.985323E+01  6.944399E-02  1.205454E-01  6.944399E-02  6.994495E+01 -3.429004E-02  1.205454E-01 -3.429004E-02  7.006462E+01  1.056103E+00  1.455844E+00  3.210261E+00  3.410038E-01
  7.450000E+03  1.482412E+01  1.324017E+01  2.261755E-01  6.987971E+01  6.986995E+01  1.166887E-01 -5.267297E-02  1.166887E-01  6.987171E+01 -1.051672E-02 -5.267297E-02 -1.051672E-02  6.989746E+01  1.055966E+00  1.458151E+00  3.435566E+00  4.201411E-01
  7.500000E+03  1.482055E+01  1.324575E+01  2.250768E-01  6.987633E+01  6.983332E+01 -1.149169E-01  3.286457E-02 -1.149169E-01  6.985474E+01 -9.972680E-02  3.286457E-02 -9.972680E-02  6.994094E+01  1.049870E+00  1.454143E+00  3.223756E+00  3.809246E-01
  7.550000E+03  1.482310E+01  1.323754E+01  2.201910E-01  6.998443E+01  7.007154E+01 -6.637788E-02  1.448594E-02 -6.637788E-02  6.979268E+01 -2.382914E-02  1.448594E-02 -2.382914E-02  7.008908E+01  1.057040E+00  1.445474E+00  3.478510E+00  3.997823E-01
  7.600000E+03  1.482935E+01  1.323735E+01  2.215763E-01  6.994034E+01  6.988844E+01  7.536945E-02  5.445738E-02  7.536945E-02  6.989546E+01  3.428648E-02  5.445738E-02  3.428648E-02  7.003711E+01  1.061335E+00  1.449512E+00  3.252876E+00  2.718409E-01
  7.650000E+03  1.481606E+01  1.323683E+01  2.242253E-01  6.982592E+01  6.980916E+01  2.104060E-03 -2.917901E-02  2.104060E-03  6.977499E+01 -5.405235E-02 -2.917901E-02 -5.405235E-02  6.989360E+01  1.052822E+00  1.454778E+00  3.375947E+00  3.676668E-01
  7.700000E+03  1.483041E+01  1.324086E+01  2.280952E-01  6.993500E+01  6.991427E+01 -9.088437E-02 -2.969284E-02 -9.088437E-02  6.989037E+01  1.131522E-02 -2.969284E-02  1.131522E-02  7.000036E+01  1.059705E+00  1.454079E+00  3.246259E+00  3.663462E-01
  7.750000E+03  1.481341E+01  1.322837E+01  2.233901E-01  7.000041E+01  6.991494E+01 -3.127801E-02 -6.852540E-02 -3.127801E-02  6.999621E+01 -1.436282E-02 -6.852540E-02 -1.436282E-02  7.009009E+01  1.056692E+00  1.450181E+00  3.246323E+00  3.255873E-01
  7.800000E+03  1.479649E+01  1.323113E+01  2.225081E-01  6.982557E+01  6.981021E+01 -4.054384E-02 -2.347546E-02 -4.054384E-02  6.973609E+01 -3.492298E-02 -2.347546E-02 -3.492298E-02  6.993043E+01  1.043570E+00  1.451631E+00  3.409007E+00  3.705574E-01
  7.850000E+03  1.483281E+01  1.323835E+01  2.268522E-01  7.002318E+01  6.998620E+01 -3.539624E-02 -2.743702E-02 -3.539624E-02  7.010318E+01 -6.291887E-02 -2.743702E-02 -6.291887E-02  6.998017E+01  1.062975E+00  1.455865E+00  3.117003E+00  3.794023E-01
  7.900000E+03  1.481999E+01  1.324219E+01  2.255005E-01  6.994328E+01  6.992775E+01 -4.697798E-02 -2.637043E-02 -4.697798E-02  6.995000E+01  9.825755E-02 -2.637043E-02  9.825755E-02  6.995211E+01  1.051869E+00  1.455288E+00  3.380762E+00  3.725748E-01
  7.950000E+03  1.480908E+01  1.322368E+01  2.250497E-01  6.995058E+01  7.000482E+01  8.878022E-02  6.773686E-02  8.878022E-02  6.978321E+01  7.482549E-02  6.773686E-02  7.482549E-02  7.006370E+01  1.056934E+00  1.450577E+00  3.689267E+00  3.949444E-01
  8.000000E+03  1.479808E+01  1.321829E+01  2.243074E-01  6.990266E+01  6.987171E+01  5.711985E-03 -3.481406E-02  5.711985E-03  6.993543E+01  4.471733E-02 -3.481406E-02  4.471733E-02  6.990085E+01  1.053197E+00  1.449412E+00  3.772871E+00  4.240987E-01
  8.050000E+03  1.482692E+01  1.323831E+01  2.232291E-01  6.989048E+01  6.987242E+01  1.193394E-02 -8.843119E-02  1.193394E-02  6.991013E+01 -2.129798E-02 -8.843119E-02 -2.129798E-02  6.988888E+01  1.059072E+00  1.449960E+00  3.162908E+00  3.758512E-01
  8.100000E+03  1.481964E+01  1.322094E+01  2.236541E-01  6.993878E+01  6.991576E+01 -3.501126E-02  1.908312E-03 -3.501126E-02  7.000098E+01 -7.820447E-02  1.908312E-03 -7.820447E-02  6.989961E+01  1.065798E+00  1.453552E+00  3.098443E+00  4.246044E-01
  8.150000E+03  1.481118E+01  1.323762E+01  2.227927E-01  6.988364E+01  6.990389E+01  4.159465E-02 -3.352622E-02  4.159465E-02  6.977274E+01 -6.302788E-02 -3.352622E-02 -6.302788E-02  6.997428E+01  1.049041E+00  1.452670E+00  3.157335E+00  3.975738E-01
  8.200000E+03  1.482089E+01  1.324250E+01  2.268248E-01  6.983429E+01  6.986570E+01 -4.372979E-02  1.181256E-01 -4.372979E-02  6.976109E+01 -3.919656E-02  1.181256E-01 -3.919656E-02  6.987606E+01  1.052262E+00  1.458654E+00  3.728718E+00  3.857282E-01
  8.250000E+03  1.482570E+01  1.325007E+01  2.249783E-01  6.997072E+01  6.988890E+01  1.497623E-03  5.506617E-02  1.497623E-03  7.010544E+01  2.407388E-02  5.506617E-02  2.407388E-02  6.991782E+01  1.050417E+00  1.454558E+00  3.351549E+00  3.865009E-01
  8.300000E+03  1.481757E+01  1.323090E+01  2.161562E-01  6.998483E+01  6.997154E+01  2.475362E-02  2.065168E-02  2.475362E-02  6.975630E+01  4.194545E-02  2.065168E-02  4.194545E-02  7.022666E+01  1.057784E+00  1.441170E+00  3.288881E+00  4.334983E-01
  8.350000E+03  1.483449E+01  1.325120E+01  2.295903E-01  6.982966E+01  6.978375E+01  4.329082E-02  4.427121E-02  4.329082E-02  6.977317E+01  2.686147E-02  4.427121E-02  2.686147E-02  6.993206E+01  1.055524E+00  1.464451E+00  3.253616E+00  3.229948E-01
  8.400000E+03  1.482818E+01  1.323574E+01  2.308488E-01  7.001554E+01  7.012252E+01  5.182076E-02 -7.504343E-02  5.182076E-02  6.985525E+01  2.784502E-02 -7.504343E-02  2.784502E-02  7.006886E+01  1.061628E+00  1.457866E+00  3.155010E+00  3.531525E-01
  8.450000E+03  1.481796E+01  1.323017E+01  2.231333E-01  6.985960E+01  6.973457E+01 -9.796710E-03 -5.329121E-03 -9.796710E-03  6.984577E+01  5.191699E-02 -5.329121E-03  5.191699E-02  6.999845E+01  1.058528E+00  1.450844E+00  3.267454E+00  3.197522E-01
  8.500000E+03  1.480538E+01  1.322455E+01  2.244183E-01  6.993831E+01  6.994091E+01  1.369894E-01 -1.436506E-01  1.369894E-01  6.999742E+01  2.687896E-02 -1.436506E-01  2.687896E-02  6.987661E+01  1.053886E+00  1.453827E+00  3.339556E+00  3.851151E-01
  8.550000E+03  1.483142E+01  1.323736E+01  2.207902E-01  6.994478E+01  6.988410E+01  6.364466E-02  1.005983E-02  6.364466E-02  6.988809E+01  6.459936E-02  1.005983E-02  6.459936E-02  7.006215E+01  1.062707E+00  1.448991E+00  3.218204E+00  3.683963E-01
  8.600000E+03  1.483267E+01  1.324213E+01  2.247862E-01  6.996920E+01  6.993557E+01 -5.365298E-02 -4.486446E-02 -5.365298E-02  6.985415E+01 -4.126616E-02 -4.486446E-02 -4.126616E-02  7.011787E+01  1.060358E+00  1.455661E+00  3.327841E+00  3.699904E-01
  8.650000E+03  1.479806E+01  1.321564E+01  2.262719E-01  7.002656E+01  7.000989E+01  8.482536E-02 -1.023008E-02  8.482536E-02  6.998685E+01 -1.183115E-03 -1.023008E-02 -1.183115E-03  7.008293E+01  1.054945E+00  1.454617E+00  3.350832E+00  3.510701E-01
  8.700000E+03  1.481743E+01  1.323368E+01  2.250045E-01  6.995614E+01  6.985116E+01  8.326979E-02 -5.813492E-02  8.326979E-02  6.999318E+01  3.675908E-03 -5.813492E-02  3.675908E-03  7.002406E+01  1.055831E+00  1.450933E+00  3.139005E+00  3.687714E-01
  8.750000E+03  1.479833E+01  1.320801E+01  2.207793E-01  7.005132E+01  7.007646E+01 -5.709497E-02 -9.541654E-02 -5.709497E-02  6.995954E+01 -3.995129E-02 -9.541654E-02 -3.995129E-02  7.011797E+01  1.060216E+00  1.448666E+00  3.390007E+00  3.774029E-01
  8.800000E+03  1.480398E+01  1.322463E+01  2.340165E-01  6.996971E+01  7.002778E+01 -6.357771E-02 -1.190428E-02 -6.357771E-02  6.975777E+01 -1.003792E-02 -1.190428E-02 -1.003792E-02  7.012358E+01  1.052904E+00  1.461565E+00  3.042408E+00  2.970742E-01
  8.850000E+03  1.484533E+01  1.326039E+01  2.264427E-01  6.991549E+01  6.983334E+01  2.132746E-02 -2.104204E-02  2.132746E-02  6.988401E+01  3.921096E-02 -2.104204E-02  3.921096E-02  7.002914E+01  1.056627E+00  1.457756E+00  3.103223E+00  4.060918E-01
  8.900000E+03  1.480486E+01  1.322199E+01  2.213737E-01  6.996576E+01  6.990310E+01  1.173507E-02  1.665328E-02  1.173507E-02  6.999961E+01 -4.723740E-02  1.665328E-02 -4.723740E-02  6.999457E+01  1.055248E+00  1.451623E+00  3.155806E+00  4.043904E-01
  8.950000E+03  1.482877E+01  1.323689E+01  2.249113E-01  7.000242E+01  7.004418E+01  2.959946E-03 -3.635029E-02  2.959946E-03  6.990833E+01 -1.718822E-02 -3.635029E-02 -1.718822E-02  7.005475E+01  1.061253E+00  1.452691E+00  3.466830E+00  3.418607E-01
  9.000000E+03  1.483374E+01  1.324540E+01  2.244166E-01  6.983115E+01  6.979512E+01  1.693097E-02 -9.516827E-04  1.693097E-02  6.985264E+01 -6.212616E-02 -9.516827E-04 -6.212616E-02  6.984569E+01  1.058894E+00  1.448309E+00  3.339666E+00  3.717557E-01
  9.050000E+03  1.482302E+01  1.323041E+01  2.216531E-01  7.003280E+01  7.004030E+01  6.200898E-02 -8.292521E-04  6.200898E-02  6.998972E+01 -1.549628E-02 -8.292521E-04 -1.549628E-02  7.006837E+01  1.061739E+00  1.448415E+00  3.121812E+00  4.108399E-01
  9.100000E+03  1.484858E+01  1.324910E+01  2.227647E-01  7.001337E+01  7.005997E+01  1.032573E-02  4.580098E-02  1.032573E-02  6.988889E+01  1.549686E-02  4.580098E-02  1.549686E-02  7.009126E+01  1.066319E+00  1.451413E+00  3.290324E+00  4.291282E-01
  9.150000E+03  1.482616E+01  1.324499E+01  2.274204E-01  7.002273E+01  7.003759E+01  4.615083E-02  5.131213E-02  4.615083E-02  6.996928E+01  8.486870E-02  5.131213E-02  8.486870E-02  7.006132E+01  1.054108E+00  1.455056E+00  3.308293E+00  2.652493E-01
  9.200000E+03  1.483193E+01  1.323214E+01  2.187502E-01  6.996893E+01  6.998495E+01 -5.135130E-02  1.419917E-01 -5.135130E-02  6.986619E+01 -2.815427E-02  1.419917E-01 -2.815427E-02  7.005566E+01  1.066525E+00  1.447257E+00  3.073067E+00  4.254358E-01
  9.250000E+03  1.481390E+01  1.322551E+01  2.252105E-01  6.996039E+01  6.988107E+01 -4.667560E-02 -4.168247E-02 -4.667560E-02  6.995393E+01 -9.627470E-02 -4.168247E-02 -9.627470E-02  7.004618E+01  1.058925E+00  1.453802E+00  3.344041E+00  4.135749E-01
  9.300000E+03  1.483577E+01  1.324446E+01  2.214142E-01  6.994028E+01  6.987063E+01  5.822364E-03 -2.483304E-03  5.822364E-03  6.997715E+01  3.375811E-02 -2.483304E-03  3.375811E-02  6.997307E+01  1.060873E+00  1.452302E+00  3.525172E+00  3.669318E-01
  9.350000E+03  1.480732E+01  1.322647E+01  2.273055E-01  6.992623E+01  6.990101E+01 -1.591283E-02 -5.840895E-03 -1.591283E-02  6.998885E+01 -2.066430E-03 -5.840895E-03 -2.066430E-03  6.988883E+01  1.053898E+00  1.454129E+00  3.486386E+00  3.422331E-01
  9.400000E+03  1.480522E+01  1.322257E+01  2.210319E-01  6.996085E+01  6.997386E+01  5.944397E-02  4.406251E-02  5.944397E-02  7.002366E+01  1.409421E-02  4.406251E-02  1.409421E-02  6.988504E+01  1.055095E+00  1.450499E+00  3.218622E+00  3.781049E-01
  9.450000E+03  1.482023E+01  1.322695E+01  2.206797E-01  6.991869E+01  6.979625E+01 -4.871800E-03  1.536919E-02 -4.871800E-03  6.989405E+01 -9.082787E-02  1.536919E-02 -9.082787E-02  7.006577E+01  1.062182E+00  1.446788E+00  3.396591E+00  4.310386E-01
  9.500000E+03  1.483395E+01  1.323603E+01  2.281117E-01  6.997915E+01  6.995185E+01 -5.793549E-03 -2.732591E-03 -5.793549E-03  6.994327E+01  8.609074E-03 -2.732591E-03  8.609074E-03  7.004234E+01  1.065278E+00  1.460760E+00  3.241134E+00  3.972422E-01
  9.550000E+03  1.482318E+01  1.322624E+01  2.257262E-01  6.984685E+01  6.979518E+01  3.321017E-02  1.468890E-01  3.321017E-02  6.968975E+01 -6.348659E-02  1.468890E-01 -6.348659E-02  7.005562E+01  1.064626E+00  1.454656E+00  3.036514E+00  3.618910E-01
  9.600000E+03  1.480285E+01  1.321704E+01  2.250522E-01  7.001097E+01  6.993379E+01 -4.514590E-02 -4.293054E-02 -4.514590E-02  7.018585E+01 -1.657273E-02 -4.293054E-02 -1.657273E-02  6.991327E+01  1.057203E+00  1.454089E+00  3.108448E+00  3.129076E-01
  9.650000E+03  1.480498E+01  1.322315E+01  2.191295E-01  6.984425E+01  6.978268E+01 -4.567826E-03  5.948345E-02 -4.567826E-03  6.983988E+01  1.545043E-02  5.948345E-02  1.545043E-02  6.991019E+01  1.054554E+00  1.443911E+00  3.320709E+00  2.962332E-01
  9.700000E+03  1.480589E+01  1.322032E+01  2.222049E-01  6.990026E+01  6.974059E+01 -2.050440E-02  4.393577E-02 -2.050440E-02  6.989896E+01 -1.264532E-01  4.393577E-02 -1.264532E-01  7.006124E+01  1.057043E+00  1.459106E+00  3.351405E+00  4.074057E-01
  9.750000E+03  1.481331E+01  1.322385E+01  2.218461E-01  6.995672E+01  6.997073E+01  3.796102E-02 -2.610616E-02  3.796102E-02  6.988393E+01 -1.641365E-01 -2.610616E-02 -1.641365E-01  7.001550E+01  1.059637E+00  1.449413E+00  3.217835E+00  3.800104E-01
  9.800000E+03  1.483024E+01  1.323241E+01  2.327089E-01  6.992103E+01  6.986497E+01 -1.685934E-02  9.670021E-03 -1.685934E-02  6.986880E+01 -3.657064E-02  9.670021E-03 -3.657064E-02  7.002932E+01  1.065217E+00  1.464988E+00  3.170873E+00  3.856902E-01
  9.850000E+03  1.481779E+01  1.323049E+01  2.236657E-01  6.999629E+01  6.997363E+01 -2.405720E-02  6.136669E-03 -2.405720E-02  6.997498E+01  1.919275E-02  6.136669E-03  1.919275E-02  7.004026E+01  1.058198E+00  1.453599E+00  3.178656E+00  3.295968E-01
  9.900000E+03  1.482217E+01  1.322927E+01  2.227037E-01  6.988960E+01  6.993121E+01 -1.796029E-02 -3.821232E-02 -1.796029E-02  6.969766E+01 -3.664952E-02 -3.821232E-02 -3.664952E-02  7.003992E+01  1.061935E+00  1.454777E+00  3.373895E+00  3.779878E-01
  9.950000E+03  1.483600E+01  1.323604E+01  2.263570E-01  6.993934E+01  6.978914E+01  2.147961E-02 -6.083463E-03  2.147961E-02  6.999668E+01  8.536079E-02 -6.083463E-03  8.536079E-02  7.003219E+01  1.066643E+00  1.453840E+00  3.126650E+00  3.961337E-01
  1.000000E+04  1.481002E+01  1.323541E+01  2.296426E-01  6.983835E+01  6.978017E+01  1.364368E-02  3.811160E-02  1.364368E-02  6.976041E+01 -5.879197E-02  3.811160E-02 -5.879197E-02  6.997446E+01  1.049740E+00  1.458731E+00  3.201958E+00  3.994359E-01
  1.005000E+04  1.480188E+01  1.321654E+01  2.270376E-01  6.996507E+01  6.981156E+01 -2.912610E-02 -2.241359E-02 -2.912610E-02  6.996788E+01  1.051324E-02 -2.241359E-02  1.051324E-02  7.011577E+01  1.056894E+00  1.460715E+00  3.253231E+00  3.972389E-01
  1.010000E+04  1.482673E+01  1.323305E+01  2.292260E-01  6.990439E+01  6.997247E+01  4.959360E-02 -1.734027E-02  4.959360E-02  6.989767E+01  1.570183E-02 -1.734027E-02  1.570183E-02  6.984304E+01  1.062447E+00  1.460076E+00  3.210278E+00  3.511928E-01
  1.015000E+04  1.481066E+01  1.322770E+01  2.217824E-01  6.991879E+01  6.999742E+01  3.606153E-02 -7.005594E-02  3.606153E-02  6.981523E+01 -5.561247E-02 -7.005594E-02 -5.561247E-02  6.994372E+01  1.055302E+00  1.451502E+00  3.169409E+00  3.194527E-01
  1.020000E+04  1.481761E+01  1.323000E+01  2.249487E-01  6.997013E+01  6.991590E+01  5.405305E-03  1.044808E-01  5.405305E-03  6.989794E+01  2.534212E-02  1.044808E-01  2.534212E-02  7.009656E+01  1.058402E+00  1.452311E+00  3.199114E+00  3.334940E-01
  1.025000E+04  1.482818E+01  1.323284E+01  2.272868E-01  6.984558E+01  6.978106E+01  3.796858E-02 -7.112142E-02  3.796858E-02  6.979075E+01 -3.177171E-04 -7.112142E-02 -3.177171E-04  6.996494E+01  1.063556E+00  1.456614E+00  3.357463E+00  3.168771E-01
  1.030000E+04  1.480767E+01  1.322252E+01  2.278125E-01  6.989424E+01  6.986794E+01 -4.726327E-02  5.319441E-02 -4.726327E-02  6.994353E+01 -9.368235E-02  5.319441E-02 -9.368235E-02  6.987124E+01  1.056769E+00  1.451927E+00  3.157131E+00  3.581195E-01
  1.035000E+04  1.479780E+01  1.322401E+01  2.225273E-01  7.003268E+01  7.004771E+01 -2.139583E-02  1.581646E-01 -2.139583E-02  7.010562E+01 -2.931975E-02  1.581646E-01 -2.931975E-02  6.994471E+01  1.049193E+00  1.448262E+00  3.529840E+00  3.417939E-01
  1.040000E+04  1.481342E+01  1.322665E+01  2.206676E-01  6.996992E+01  6.992736E+01 -4.231338E-02 -7.129744E-03 -4.231338E-02  6.992371E+01 -1.509843E-02 -7.129744E-03 -1.509843E-02  7.005868E+01  1.057850E+00  1.455203E+00  3.105483E+00  3.426884E-01
  1.045000E+04  1.482711E+01  1.323086E+01  2.293482E-01  6.995488E+01  6.992980E+01 -4.578255E-02  3.266806E-02 -4.578255E-02  6.983381E+01 -9.473015E-02  3.266806E-02 -9.473015E-02  7.010103E+01  1.064169E+00  1.463423E+00  3.075010E+00  3.081234E-01
  1.050000E+04  1.483222E+01  1.324209E+01  2.250975E-01  7.004912E+01  6.998299E+01 -2.821120E-02 -9.682662E-03 -2.821120E-02  7.007249E+01 -1.255794E-01 -9.682662E-03 -1.255794E-01  7.009189E+01  1.060082E+00  1.449660E+00  3.349537E+00  3.426790E-01
  1.055000E+04  1.482707E+01  1.324373E+01  2.203649E-01  6.994153E+01  6.987142E+01 -7.895935E-02  3.238371E-03 -7.895935E-02  6.991087E+01  8.821380E-02  3.238371E-03  8.821380E-02  7.004229E+01  1.055562E+00  1.445351E+00  3.537382E+00  3.675667E-01
  1.060000E+04  1.482216E+01  1.323277E+01  2.169312E-01  6.995485E+01  6.986759E+01 -2.781596E-02 -9.007597E-02 -2.781596E-02  6.992602E+01 -4.596633E-02 -9.007597E-02 -4.596633E-02  7.007093E+01  1.059593E+00  1.440743E+00  3.176929E+00  3.898665E-01
  1.065000E+04  1.481602E+01  1.323345E+01  2.198898E-01  6.982329E+01  6.976634E+01  7.967344E-02 -6.783164E-02  7.967344E-02  6.978406E+01 -6.258441E-03 -6.783164E-02 -6.258441E-03  6.991946E+01  1.055042E+00  1.447144E+00  3.116782E+00  3.285715E-01
  1.070000E+04  1.480412E+01  1.321492E+01  2.223427E-01  6.983082E+01  6.991641E+01 -1.606044E-02 -8.407868E-02 -1.606044E-02  6.970873E+01  6.697611E-03 -8.407868E-02  6.697611E-03  6.986731E+01  1.059464E+00  1.451424E+00  3.150506E+00  3.969591E-01
  1.075000E+04  1.480866E+01  1.322860E+01  2.286347E-01  6.993406E+01  6.988549E+01  1.450820E-02  2.105042E-02  1.450820E-02  6.984762E+01  1.266055E-01  2.105042E-02  1.266055E-01  7.006905E+01  1.053375E+00  1.461698E+00  3.546962E+00  2.976167E-01
  1.080000E+04  1.480855E+01  1.321711E+01  2.238695E-01  6.999357E+01  6.998880E+01 -5.145437E-02  8.195137E-02 -5.145437E-02  6.988936E+01  8.649996E-02  8.195137E-02  8.649996E-02  7.010255E+01  1.060959E+00  1.452698E+00  3.381597E+00  3.881886E-01
  1.085000E+04  1.480432E+01  1.321595E+01  2.197062E-01  6.986481E+01  6.991648E+01  5.091873E-02  1.566497E-02  5.091873E-02  6.984835E+01  1.100033E-02  1.566497E-02  1.100033E-02  6.982960E+01  1.058911E+00  1.447402E+00  3.203261E+00  2.879619E-01
  1.090000E+04  1.481166E+01  1.322290E+01  2.286100E-01  6.979746E+01  6.980533E+01  7.706963E-02 -5.836187E-03  7.706963E-02  6.978922E+01 -1.551276E-01 -5.836187E-03 -1.551276E-01  6.979784E+01  1.059176E+00  1.460482E+00  3.179027E+00  4.201348E-01
  1.095000E+04  1.482980E+01  1.324015E+01  2.283319E-01  6.993675E+01  6.993681E+01  1.961728E-02 -4.983401E-02  1.961728E-02  6.990989E+01  2.475651E-02 -4.983401E-02  2.475651E-02  6.996355E+01  1.059763E+00  1.458039E+00  3.234895E+00  3.894603E-01
  1.100000E+04  1.483932E+01  1.323681E+01  2.228867E-01  6.995756E+01  6.988840E+01  3.149746E-02  1.661528E-02  3.149746E-02  6.991633E+01 -7.319760E-03  1.661528E-02 -7.319760E-03  7.006794E+01  1.068341E+00  1.453422E+00  3.338392E+00  3.153932E-01
  1.105000E+04  1.481388E+01  1.324275E+01  2.305014E-01  6.993818E+01  6.986181E+01  2.580202E-02 -9.169591E-03  2.580202E-02  6.991605E+01 -3.765821E-02 -9.169591E-03 -3.765821E-02  7.003667E+01  1.047420E+00  1.458600E+00  3.180259E+00  4.387419E-01
  1.110000E+04  1.481439E+01  1.322482E+01  2.213280E-01  6.986765E+01  6.967096E+01 -1.995486E-02 -2.626208E-02 -1.995486E-02  6.985056E+01 -3.878447E-02 -2.626208E-02 -3.878447E-02  7.008142E+01  1.059716E+00  1.449263E+00  3.001298E+00  3.022946E-01
  1.115000E+04  1.480276E+01  1.322982E+01  2.217223E-01  6.994930E+01  6.990311E+01  9.021476E-03  6.079982E-02  9.021476E-03  6.990582E+01 -2.475140E-02  6.079982E-02 -2.475140E-02  7.003898E+01  1.048631E+00  1.448958E+00  3.156400E+00  4.181650E-01
  1.120000E+04  1.482080E+01  1.323637E+01  2.191895E-01  7.001396E+01  6.994897E+01  1.270532E-02  1.065401E-01  1.270532E-02  6.999202E+01 -7.966481E-02  1.065401E-01 -7.966481E-02  7.010089E+01  1.056286E+00  1.444030E+00  3.148168E+00  3.524689E-01
  1.125000E+04  1.479033E+01  1.322787E+01  2.226530E-01  6.979004E+01  6.970592E+01  1.769269E-02 -5.274128E-02  1.769269E-02  6.979313E+01  4.759660E-02 -5.274128E-02  4.759660E-02  6.987107E+01  1.041642E+00  1.453009E+00  3.310258E+00  3.291994E-01
  1.130000E+04  1.482882E+01  1.323414E+01  2.253440E-01  6.997236E+01  6.986562E+01  1.307612E-02  6.027813E-02  1.307612E-02  6.993475E+01  1.010607E-02  6.027813E-02  1.010607E-02  7.011671E+01  1.063120E+00  1.452071E+00  3.533823E+00  3.995737E-01
  1.135000E+04  1.481646E+01  1.322365E+01  2.222438E-01  6.987652E+01  6.959064E+01  1.152855E-01 -2.318875E-02  1.152855E-01  7.005406E+01  4.388830E-02 -2.318875E-02  4.388830E-02  6.998486E+01  1.061877E+00  1.447668E+00  3.195314E+00  3.393189E-01
  1.140000E+04  1.479290E+01  1.321055E+01  2.255852E-01  6.992224E+01  6.987875E+01  5.965433E-03  9.433641E-02  5.965433E-03  6.982463E+01 -1.066111E-01  9.433641E-02 -1.066111E-01  7.006335E+01  1.054900E+00  1.456229E+00  3.457739E+00  4.109507E-01
  1.145000E+04  1.482067E+01  1.322692E+01  2.248823E-01  6.989620E+01  6.983695E+01 -2.721048E-02 -1.214322E-01 -2.721048E-02  6.979719E+01 -5.926884E-03 -1.214322E-01 -5.926884E-03  7.005447E+01  1.062497E+00  1.455691E+00  3.436647E+00  3.310092E-01
  1.150000E+04  1.482610E+01  1.323654E+01  2.249675E-01  6.992996E+01  6.997217E+01 -5.437035E-02 -3.716442E-02 -5.437035E-02  6.985242E+01 -2.767332E-02 -3.716442E-02 -2.767332E-02  6.996528E+01  1.059703E+00  1.455490E+00  3.251345E+00  3.630993E-01
  1.155000E+04  1.481645E+01  1.322306E+01  2.137521E-01  7.001496E+01  6.991260E+01 -2.978132E-02 -6.873610E-02 -2.978132E-02  6.993325E+01  1.809436E-02 -6.873610E-02  1.809436E-02  7.019901E+01  1.062262E+00  1.439081E+00  3.313913E+00  4.022407E-01
  1.160000E+04  1.482297E+01  1.323051E+01  2.248544E-01  6.997544E+01  6.989035E+01 -3.330801E-02 -7.902525E-02 -3.330801E-02  6.993023E+01  5.224007E-02 -7.902525E-02  5.224007E-02  7.010573E+01  1.061639E+00  1.458488E+00  3.143452E+00  4.164127E-01
  1.165000E+04  1.481132E+01  1.322987E+01  2.211624E-01  6.984499E+01  6.981580E+01 -3.931785E-03 -9.345683E-03 -3.931785E-03  6.977996E+01  3.040112E-02 -9.345683E-03  3.040112E-02  6.993920E+01  1.054301E+00  1.445078E+00  3.615203E+00  3.238127E-01
  1.170000E+04  1.481368E+01  1.322339E+01  2.180504E-01  6.987925E+01  6.983204E+01 -1.207266E-01 -5.733733E-02 -1.207266E-01  6.969038E+01 -7.125561E-03 -5.733733E-02 -7.125561E-03  7.011533E+01  1.060193E+00  1.444274E+00  3.130823E+00  4.317579E-01
  1.175000E+04  1.481486E+01  1.323796E+01  2.237834E-01  6.989093E+01  6.994423E+01  9.585039E-02 -2.918446E-02  9.585039E-02  6.977568E+01  1.790948E-02 -2.918446E-02  1.790948E-02  6.995289E+01  1.051265E+00  1.448354E+00  3.046708E+00  4.075028E-01
  1.180000E+04  1.483848E+01  1.324960E+01  2.370435E-01  6.978151E+01  6.969447E+01  1.594284E-01 -1.956424E-02  1.594284E-01  6.974245E+01  6.402093E-02 -1.956424E-02  6.402093E-02  6.990761E+01  1.059250E+00  1.471860E+00  3.208272E+00  3.493149E-01
  1.185000E+04  1.481491E+01  1.323085E+01  2.278459E-01  6.979883E+01  6.970021E+01  6.809166E-02  3.624078E-02  6.809166E-02  6.976713E+01  7.817426E-03  3.624078E-02  7.817426E-03  6.992916E+01  1.056043E+00  1.462308E+00  3.111960E+00  3.869246E-01
  1.190000E+04  1.480224E+01  1.322015E+01  2.244458E-01  6.982385E+01  6.985697E+01 -2.326928E-02 -3.622206E-02 -2.326928E-02  6.969143E+01  1.075563E-01 -3.622206E-02  1.075563E-01  6.992316E+01  1.054721E+00  1.450858E+00  3.500668E+00  3.114130E-01
  1.195000E+04  1.479883E+01  1.321946E+01  2.213092E-01  6.985412E+01  6.988462E+01 -1.846980E-02 -4.130773E-02 -1.846980E-02  6.974593E+01 -5.431066E-02 -4.130773E-02 -5.431066E-02  6.993182E+01  1.052912E+00  1.447514E+00  3.306052E+00  4.371808E-01
  1.200000E+04  1.481785E+01  1.322764E+01  2.310251E-01  6.996440E+01  6.993404E+01  7.885918E-02  6.634301E-04  7.885918E-02  6.994747E+01  1.013685E-01  6.634301E-04  1.013685E-01  7.001169E+01  1.060142E+00  1.461364E+00  3.121523E+00  4.039551E-01
  1.205000E+04  1.481205E+01  1.323186E+01  2.283168E-01  6.986593E+01  6.987588E+01 -2.734530E-02 -8.471782E-02 -2.734530E-02  6.971365E+01  2.280205E-01 -8.471782E-02  2.280205E-01  7.000826E+01  1.053463E+00  1.461266E+00  3.322290E+00  4.063622E-01
  1.210000E+04  1.483407E+01  1.324168E+01  2.271491E-01  6.981788E+01  6.964455E+01 -2.276515E-02 -2.559164E-02 -2.276515E-02  6.990647E+01  2.122049E-02 -2.559164E-02  2.122049E-02  6.990260E+01  1.061593E+00  1.455055E+00  3.438801E+00  3.819771E-01
  1.215000E+04  1.482794E+01  1.323914E+01  2.271375E-01  6.993773E+01  6.986684E+01 -6.382034E-02  1.356241E-02 -6.382034E-02  6.997036E+01  1.664092E-02  1.356241E-02  1.664092E-02  6.997597E+01  1.059200E+00  1.452739E+00  3.375971E+00  3.281098E-01
  1.220000E+04  1.480558E+01  1.322122E+01  2.218938E-01  6.984876E+01  6.981655E+01 -1.342737E-01  4.711139E-02 -1.342737E-01  6.977491E+01  1.989651E-02  4.711139E-02  1.989651E-02  6.995482E+01  1.056235E+00  1.447842E+00  3.310340E+00  3.521191E-01
  1.225000E+04  1.481065E+01  1.322648E+01  2.277399E-01  6.978962E+01  6.968708E+01 -2.699147E-02 -7.007212E-03 -2.699147E-02  6.969238E+01 -7.921477E-02 -7.007212E-03 -7.921477E-02  6.998941E+01  1.056116E+00  1.463070E+00  3.186157E+00  3.312672E-01
  1.230000E+04  1.480811E+01  1.323114E+01  2.279960E-01  6.981653E+01  6.966230E+01 -1.223222E-01  3.704042E-02 -1.223222E-01  6.975780E+01  4.917103E-02  3.704042E-02  4.917103E-02  7.002950E+01  1.051310E+00  1.458231E+00  3.287299E+00  3.779030E-01
  1.235000E+04  1.482221E+01  1.322329E+01  2.240976E-01  6.988515E+01  6.994906E+01 -2.805365E-02 -2.835213E-02 -2.805365E-02  6.978630E+01  5.629519E-02 -2.835213E-02  5.629519E-02  6.992008E+01  1.065946E+00  1.448654E+00  3.305908E+00  3.000432E-01
  1.240000E+04  1.480760E+01  1.323085E+01  2.253201E-01  6.993631E+01  6.983996E+01  3.761580E-02  3.181846E-02  3.761580E-02  6.994897E+01 -5.554538E-02  3.181846E-02 -5.554538E-02  7.002000E+01  1.051164E+00  1.455060E+00  3.139097E+00  2.368858E-01
  1.245000E+04  1.481986E+01  1.323325E+01  2.260768E-01  6.988670E+01  6.982193E+01 -7.790054E-02  5.953036E-02 -7.790054E-02  6.991393E+01 -1.249659E-01  5.953036E-02 -1.249659E-01  6.992424E+01  1.057739E+00  1.453891E+00  3.163652E+00  3.450519E-01
  1.250000E+04  1.481972E+01  1.322104E+01  2.245090E-01  6.993729E+01  7.003867E+01  6.787608E-02 -5.863815E-02  6.787608E-02  6.980459E+01  6.579877E-02 -5.863815E-02  6.579877E-02  6.996862E+01  1.065789E+00  1.454254E+00  3.294602E+00  3.941414E-01
  1.255000E+04  1.483571E+01  1.322848E+01  2.263608E-01  6.995580E+01  6.987808E+01  4.712811E-02 -2.985993E-02  4.712811E-02  6.995635E+01 -5.349139E-02 -2.985993E-02 -5.349139E-02  7.003297E+01  1.071488E+00  1.452305E+00  3.207807E+00  3.509123E-01
  1.260000E+04  1.480714E+01  1.323118E+01  2.272136E-01  6.978652E+01  6.980546E+01  7.315819E-02  2.853312E-02  7.315819E-02  6.974995E+01 -4.129503E-02  2.853312E-02 -4.129503E-02  6.980414E+01  1.050644E+00  1.455152E+00  3.533217E+00  4.005882E-01
  1.265000E+04  1.480808E+01  1.322758E+01  2.279875E-01  6.978209E+01  6.968599E+01  2.335159E-02  8.062997E-02  2.335159E-02  6.976233E+01  2.440081E-02  8.062997E-02  2.440081E-02  6.989796E+01  1.053662E+00  1.463302E+00  3.155157E+00  4.263190E-01
  1.270000E+04  1.482729E+01  1.323298E+01  2.249228E-01  6.979447E+01  6.974578E+01 -3.931187E-02  6.753698E-02 -3.931187E-02  6.975591E+01  5.069848E-02  6.753698E-02  5.069848E-02  6.988173E+01  1.062873E+00  1.455894E+00  3.271511E+00  4.454955E-01
  1.275000E+04  1.482131E+01  1.324484E+01  2.244368E-01  6.986990E+01  6.977463E+01  5.252370E-02 -3.843376E-02  5.252370E-02  6.982624E+01 -9.974073E-04 -3.843376E-02 -9.974073E-04  7.000883E+01  1.050978E+00  1.447848E+00  3.138780E+00  3.179002E-01
  1.280000E+04  1.481681E+01  1.323083E+01  2.210110E-01  6.990224E+01  6.980898E+01 -1.920057E-02 -1.301163E-02 -1.920057E-02  6.976481E+01 -1.546741E-02 -1.301163E-02 -1.546741E-02  7.013293E+01  1.057318E+00  1.448439E+00  3.171300E+00  3.615048E-01
  1.285000E+04  1.476798E+01  1.319999E+01  2.222545E-01  6.993497E+01  6.972331E+01  1.207936E-01  7.408425E-02  1.207936E-01  6.990438E+01 -7.801152E-02  7.408425E-02 -7.801152E-02  7.017723E+01  1.045326E+00  1.447791E+00  3.473212E+00  3.468938E-01
  1.290000E+04  1.481806E+01  1.322746E+01  2.230491E-01  6.986391E+01  6.980185E+01  9.438595E-03  7.862402E-02  9.438595E-03  6.987163E+01  5.136079E-02  7.862402E-02  5.136079E-02  6.991824E+01  1.060399E+00  1.452944E+00  3.285466E+00  3.774094E-01
  1.295000E+04  1.484535E+01  1.323539E+01  2.246062E-01  6.986032E+01  6.984001E+01 -4.653211E-02  2.924908E-02 -4.653211E-02  6.970874E+01 -3.631623E-02  2.924908E-02 -3.631623E-02  7.003219E+01  1.073308E+00  1.454885E+00  3.094086E+00  3.008547E-01
  1.300000E+04  1.481466E+01  1.323011E+01  2.230418E-01  6.985908E+01  6.964795E+01 -4.275753E-02 -3.990002E-02 -4.275753E-02  6.999091E+01  4.374498E-02 -3.990002E-02  4.374498E-02  6.993838E+01  1.056365E+00  1.450076E+00  3.092596E+00  4.109442E-01
  1.305000E+04  1.481157E+01  1.322482E+01  2.219622E-01  6.992686E+01  6.991074E+01  2.091874E-02  3.586981E-02  2.091874E-02  6.985065E+01 -9.744455E-02  3.586981E-02 -9.744455E-02  7.001920E+01  1.057829E+00  1.451158E+00  3.231611E+00  4.401164E-01
  1.310000E+04  1.482118E+01  1.323025E+01  2.254425E-01  6.996227E+01  6.984538E+01  2.577422E-02 -5.907885E-02  2.577422E-02  7.007738E+01  9.892872E-03 -5.907885E-02  9.892872E-03  6.996403E+01  1.060622E+00  1.457922E+00  3.463429E+00  3.434011E-01
  1.315000E+04  1.478901E+01  1.321556E+01  2.215816E-01  6.983818E+01  6.960095E+01 -5.572548E-03  4.994713E-02 -5.572548E-03  6.990633E+01 -2.682372E-02  4.994713E-02 -2.682372E-02  7.000727E+01  1.048968E+00  1.450331E+00  3.720405E+00  3.868458E-01
  1.320000E+04  1.481437E+01  1.323107E+01  2.273788E-01  6.988937E+01  6.977295E+01  5.004060E-02  9.326841E-02  5.004060E-02  6.988797E+01  7.826732E-02  9.326841E-02  7.826732E-02  7.000718E+01  1.055534E+00  1.457061E+00  3.089563E+00  2.906006E-01
  1.325000E+04  1.481439E+01  1.322365E+01  2.218910E-01  6.995579E+01  6.987783E+01  1.554287E-02 -6.296401E-02  1.554287E-02  6.997033E+01  1.567988E-02 -6.296401E-02  1.567988E-02  7.001921E+01  1.060492E+00  1.449205E+00  3.458150E+00  3.928459E-01
  1.330000E+04  1.480639E+01  1.321445E+01  2.233977E-01  6.990570E+01  6.985866E+01  4.850319E-02 -3.621448E-02  4.850319E-02  6.979615E+01  6.911200E-02 -3.621448E-02  6.911200E-02  7.006230E+01  1.061292E+00  1.449530E+00  3.023404E+00  2.931293E-01
  1.335000E+04  1.480839E+01  1.322195E+01  2.264215E-01  6.983110E+01  6.990707E+01 -2.095262E-02 -3.799609E-02 -2.095262E-02  6.978493E+01 -7.106423E-03 -3.799609E-02 -7.106423E-03  6.980130E+01  1.057626E+00  1.460297E+00  3.350801E+00  3.166645E-01
  1.340000E+04  1.484139E+01  1.322754E+01  2.255728E-01  7.000424E+01  6.992227E+01 -2.886739E-03  7.333448E-02 -2.886739E-03  6.999970E+01 -3.827144E-02  7.333448E-02 -3.827144E-02  7.009075E+01  1.075897E+00  1.456824E+00  3.456233E+00  3.544200E-01
  1.345000E+04  1.481816E+01  1.323037E+01  2.291163E-01  6.988689E+01  6.966858E+01 -1.121628E-01  7.958783E-03 -1.121628E-01  6.994585E+01 -5.473431E-02  7.958783E-03 -5.473431E-02  7.004624E+01  1.058529E+00  1.460538E+00  3.216692E+00  3.282627E-01
  1.350000E+04  1.480632E+01  1.322885E+01  2.251995E-01  6.992783E+01  6.992367E+01 -6.597697E-02  6.029288E-02 -6.597697E-02  6.987095E+01  6.560217E-02  6.029288E-02  6.560217E-02  6.998887E+01  1.051649E+00  1.453955E+00  2.933701E+00  3.664833E-01
  1.355000E+04  1.479082E+01  1.321029E+01  2.182849E-01  6.992707E+01  6.992274E+01  5.716371E-02 -1.144946E-01  5.716371E-02  6.982678E+01  2.459842E-02 -1.144946E-01  2.459842E-02  7.003168E+01  1.053684E+00  1.441072E+00  3.580129E+00  2.938280E-01
  1.360000E+04  1.478544E+01  1.322055E+01  2.272689E-01  6.984074E+01  6.967432E+01  2.881321E-02 -1.432577E-02  2.881321E-02  6.982245E+01 -3.421597E-02 -1.432577E-02 -3.421597E-02  7.002546E+01  1.043260E+00  1.456810E+00  3.213781E+00  3.840573E-01
  1.365000E+04  1.482259E+01  1.323092E+01  2.248586E-01  6.992844E+01  6.982825E+01 -8.006086E-02  4.472109E-02 -8.006086E-02  6.991863E+01 -5.423940E-02  4.472109E-02 -5.423940E-02  7.003843E+01  1.061117E+00  1.457025E+00  3.146533E+00  3.443049E-01
  1.370000E+04  1.480829E+01  1.323198E+01  2.259439E-01  6.996356E+01  6.991492E+01  3.247091E-02  2.972080E-02  3.247091E-02  6.987499E+01 -3.121595E-02  2.972080E-02 -3.121595E-02  7.010078E+01  1.050873E+00  1.455584E+00  3.546809E+00  3.859524E-01
  1.375000E+04  1.480135E+01  1.322687E+01  2.252132E-01  6.989742E+01  6.979077E+01 -4.566212E-02 -1.908692E-02 -4.566212E-02  6.990639E+01  5.815154E-03 -1.908692E-02  5.815154E-03  6.999509E+01  1.049658E+00  1.455547E+00  3.330306E+00  3.949283E-01
  1.380000E+04  1.482316E+01  1.322825E+01  2.254716E-01  6.990746E+01  6.983308E+01  5.447591E-02  2.387702E-02  5.447591E-02  6.987015E+01 -3.607819E-02  2.387702E-02 -3.607819E-02  7.001916E+01  1.063276E+00  1.458356E+00  3.186136E+00  3.795946E-01
  1.385000E+04  1.480308E+01  1.321773E+01  2.213933E-01  6.987826E+01  6.994551E+01  4.580918E-02  1.064050E-01  4.580918E-02  6.976301E+01 -1.305826E-02  1.064050E-01 -1.305826E-02  6.992624E+01  1.056901E+00  1.447638E+00  3.409085E+00  3.785451E-01
  1.390000E+04  1.482133E+01  1.322759E+01  2.213426E-01  6.988024E+01  6.985304E+01  2.482953E-02  2.046769E-03  2.482953E-02  6.976290E+01  3.029206E-02  2.046769E-03  3.029206E-02  7.002478E+01  1.062493E+00  1.452695E+00  3.095238E+00  3.369360E-01
  1.395000E+04  1.482158E+01  1.324022E+01  2.279349E-01  6.985191E+01  6.988978E+01  3.443556E-02 -5.537587E-03  3.443556E-02  6.964844E+01  3.946765E-02 -5.537587E-03  3.946765E-02  7.001752E+01  1.054238E+00  1.452640E+00  3.508914E+00  3.865106E-01
  1.400000E+04  1.481083E+01  1.322805E+01  2.234471E-01  6.998339E+01  7.001820E+01 -1.562579E-02 -6.452046E-02 -1.562579E-02  6.989390E+01 -3.164164E-02 -6.452046E-02 -3.164164E-02  7.003809E+01  1.055192E+00  1.446686E+00  3.238162E+00  3.774658E-01
  1.405000E+04  1.483908E+01  1.323317E+01  2.255339E-01  6.993344E+01  6.977878E+01  5.144510E-03 -3.425688E-02  5.144510E-03  6.993301E+01  7.135133E-02 -3.425688E-02  7.135133E-02  7.008852E+01  1.070603E+00  1.453423E+00  3.281243E+00  3.553490E-01
  1.410000E+04  1.482700E+01  1.324298E+01  2.247497E-01  6.985014E+01  6.965681E+01  4.631908E-02  9.419116E-03  4.631908E-02  6.986778E+01 -7.609681E-02  9.419116E-03 -7.609681E-02  7.002582E+01  1.056017E+00  1.451490E+00  3.104312E+00  2.708817E-01
  1.415000E+04  1.483453E+01  1.323416E+01  2.291942E-01  6.997224E+01  6.967377E+01 -4.014857E-03 -1.532212E-02 -4.014857E-03  6.997464E+01  3.704138E-03 -1.532212E-02  3.704138E-03  7.026830E+01  1.066910E+00  1.457075E+00  3.483951E+00  2.891455E-01
  1.420000E+04  1.481035E+01  1.322304E+01  2.227192E-01  6.993450E+01  6.973636E+01 -8.612631E-02  1.099062E-01 -8.612631E-02  6.985460E+01  2.464763E-02  1.099062E-01  2.464763E-02  7.021253E+01  1.058207E+00  1.453466E+00  3.108450E+00  3.638256E-01
  1.425000E+04  1.483337E+01  1.323419E+01  2.247688E-01  6.981043E+01  6.973080E+01 -3.510442E-02  4.758705E-03 -3.510442E-02  6.975282E+01  6.436120E-02  4.758705E-03  6.436120E-02  6.994768E+01  1.066124E+00  1.457150E+00  3.136620E+00  4.043936E-01
  1.430000E+04  1.480056E+01  1.321879E+01  2.225163E-01  6.988259E+01  6.979915E+01  7.103495E-03  1.004248E-02  7.103495E-03  6.987065E+01 -5.793527E-03  1.004248E-02 -5.793527E-03  6.997796E+01  1.054508E+00  1.448600E+00  3.328227E+00  4.090250E-01
  1.435000E+04  1.480263E+01  1.322360E+01  2.269118E-01  6.995150E+01  6.985346E+01 -4.730490E-02 -1.969772E-02 -4.730490E-02  6.996281E+01 -2.564432E-03 -1.969772E-02 -2.564432E-03  7.003824E+01  1.052687E+00  1.453252E+00  3.626132E+00  3.407526E-01
  1.440000E+04  1.481202E+01  1.322714E+01  2.237886E-01  6.994034E+01  6.987810E+01 -4.123549E-02  8.300766E-03 -4.123549E-02  6.986669E+01 -5.555628E-02  8.300766E-03 -5.555628E-02  7.007624E+01  1.056583E+00  1.456656E+00  3.284345E+00  3.286716E-01
  1.445000E+04  1.481604E+01  1.323594E+01  2.219639E-01  6.988150E+01  6.995383E+01  2.496118E-03  1.661958E-02  2.496118E-03  6.973021E+01 -4.354034E-02  1.661958E-02 -4.354034E-02  6.996046E+01  1.053398E+00  1.450050E+00  3.055470E+00  3.586943E-01
  1.450000E+04  1.481458E+01  1.322900E+01  2.204818E-01  6.985676E+01  6.972057E+01  1.271489E-02 -1.009445E-01  1.271489E-02  6.997246E+01 -1.623573E-02 -1.009445E-01 -1.623573E-02  6.987724E+01  1.057050E+00  1.451239E+00  3.168380E+00  3.809032E-01
  1.455000E+04  1.482562E+01  1.322926E+01  2.175162E-01  7.005412E+01  7.007615E+01 -4.786783E-03  6.423743E-02 -4.786783E-03  7.003807E+01  3.635907E-02  6.423743E-02  3.635907E-02  7.004815E+01  1.064239E+00  1.445105E+00  3.503258E+00  4.127855E-01
  1.460000E+04  1.480706E+01  1.323073E+01  2.279261E-01  6.996402E+01  6.994668E+01  3.244127E-02 -2.195647E-02  3.244127E-02  7.001144E+01  4.539265E-02 -2.195647E-02  4.539265E-02  6.993394E+01  1.050889E+00  1.456501E+00  3.242332E+00  3.044436E-01
  1.465000E+04  1.480905E+01  1.321613E+01  2.179697E-01  6.993749E+01  6.980531E+01  1.710178E-02  4.642026E-02  1.710178E-02  6.988644E+01  9.449350E-02  4.642026E-02  9.449350E-02  7.012071E+01  1.061943E+00  1.446032E+00  3.644787E+00  4.006114E-01
  1.470000E+04  1.480579E+01  1.322250E+01  2.275812E-01  6.987387E+01  6.984262E+01  2.646153E-02 -7.680773E-03  2.646153E-02  6.982995E+01  1.352538E-02 -7.680773E-03  1.352538E-02  6.994904E+01  1.055524E+00  1.457626E+00  3.282350E+00  3.731860E-01
  1.475000E+04  1.484014E+01  1.324104E+01  2.294125E-01  6.981759E+01  6.962434E+01 -2.394489E-02 -8.086359E-02 -2.394489E-02  6.985935E+01 -1.170868E-02 -8.086359E-02 -1.170868E-02  6.996907E+01  1.066065E+00  1.460676E+00  3.199528E+00  3.225493E-01
  1.480000E+04  1.478939E+01  1.321192E+01  2.224086E-01  6.992567E+01  6.984189E+01  5.604764E-02  3.495256E-02  5.604764E-02  6.985249E+01 -2.091725E-02  3.495256E-02 -2.091725E-02  7.008262E+01  1.051649E+00  1.450166E+00  3.094114E+00  3.590845E-01
  1.485000E+04  1.479527E+01  1.321027E+01  2.263423E-01  6.999016E+01  6.996906E+01 -7.653569E-02  6.199109E-02 -7.653569E-02  7.005300E+01 -7.544782E-02  6.199109E-02 -7.544782E-02  6.994841E+01  1.056668E+00  1.455611E+00  3.326725E+00  3.957320E-01
  1.490000E+04  1.481493E+01  1.322595E+01  2.289791E-01  6.990416E+01  6.982219E+01 -1.372015E-02 -3.157656E-02 -1.372015E-02  6.989482E+01 -1.045802E-01 -3.157656E-02 -1.045802E-01  6.999547E+01  1.059320E+00  1.459426E+00  3.253732E+00  3.942163E-01
  1.495000E+04  1.483527E+01  1.324157E+01  2.225719E-01  6.982817E+01  6.994695E+01  1.162650E-01 -9.064412E-02  1.162650E-01  6.975674E+01 -3.206785E-02 -9.064412E-02 -3.206785E-02  6.978082E+01  1.062464E+00  1.454002E+00  3.233782E+00  3.996097E-01
  1.500000E+04  1.481885E+01  1.323370E+01  2.232525E-01  6.979193E+01  6.962640E+01  1.355533E-02 -3.904226E-02  1.355533E-02  6.979209E+01 -7.823929E-02 -3.904226E-02 -7.823929E-02  6.995730E+01  1.056769E+00  1.453323E+00  3.114897E+00  4.071427E-01
