$coord
  -11.58975303028207      2.72130353252015     -0.13295096944437  c
  -10.83895542829362      0.65842060340028     -1.95353984228018  c
   -8.43237918704999     -0.35704465099848     -1.29236789927229  o
   -7.95349591465649      0.49307515956140      0.29059517577246  h
  -13.42811713397137      3.67195814428272     -0.48932826836278  h
  -10.25064866833395      3.31269258390086      1.66095758146000  o
  -10.86797154904314      1.61860690725771     -4.68735236602282  c
  -12.31507248851662     -0.81996724489372     -1.75424362733620  h
  -10.39313775164194      0.05852801676057     -5.96932463857510  h
   -9.48223711124098      3.14431186393524     -4.94072440950964  h
  -12.75405124828893      2.32688621505866     -5.19407538703835  h
$user-defined bonds
$redundant
     number_of_atoms            11
     degrees_of_freedom         27
     internal_coordinates       27
     frozen_coordinates          0
# definitions of redundant internals
   1 k  0.7071067811865 tors   4    3    2    1 val=  66.33046
        0.7071067811865 tors   4    3    2    7
   2 k  1.0000000000000 stre   3    4           val=   1.85952
   3 k  1.0000000000000 bend   2    4    3      val= 105.46274
   4 k  0.5000000000000 tors   6    1    2    3 val= 116.67672
        0.5000000000000 tors   6    1    2    7
        0.5000000000000 tors   5    1    2    3
        0.5000000000000 tors   5    1    2    7
   5 k  1.0000000000000 stre   1    6           val=   2.31539
   6 k  1.0000000000000 stre   1    5           val=   2.10008
   7 k  0.8152398338715 bend   5    6    1      val=   1.23774
       -0.3678742115870 bend   2    6    1
       -0.4472723753132 bend   2    5    1
   8 k -0.0447399029558 bend   5    6    1      val=   2.67094
        0.7300111267853 bend   2    6    1
       -0.6819692777928 bend   2    5    1
   9 k  1.0000000000000 outp   6    2    5    1 val=  -0.38397
  10 k  1.0000000000000 stre   2    8           val=   2.09864
  11 k  0.2188506831831 bend   3    8    2      val=   3.06070
        0.5829286691658 bend   7    8    2
       -0.7824950767480 bend   1    8    2
  12 k  0.7986968500496 bend   3    8    2      val=   3.30352
       -0.5676907899238 bend   7    8    2
       -0.1995257095128 bend   1    8    2
  13 k  0.4082482904639 tors   9    7    2    1 val=  60.22444
        0.4082482904639 tors   9    7    2    3
        0.4082482904639 tors  11    7    2    1
        0.4082482904639 tors  11    7    2    3
        0.4082482904639 tors  10    7    2    1
        0.4082482904639 tors  10    7    2    3
  14 k  1.0000000000000 stre   7    9           val=   2.07431
  15 k  1.0000000000000 stre   7   11           val=   2.07743
  16 k  1.0000000000000 stre   7   10           val=   2.07659
  17 k  0.3881907261273 bend  11    9    7      val=   0.38609
        0.4254281823264 bend  10    9    7
        0.4228725316897 bend  10   11    7
       -0.4072505108913 bend   2    9    7
       -0.4085268881209 bend   2   11    7
       -0.3959172222000 bend   2   10    7
  18 k  0.7042965524364 bend  11    9    7      val=   0.62419
       -0.2827517921860 bend  10    9    7
       -0.3749817004511 bend  10   11    7
        0.2371596901876 bend   2    9    7
        0.1785042859772 bend   2   11    7
       -0.4419253509434 bend   2   10    7
  19 k  0.0557063487433 bend  11    9    7      val=   0.23600
       -0.6514265058998 bend  10    9    7
        0.6014087377186 bend  10   11    7
       -0.3089399747362 bend   2    9    7
        0.3380061421489 bend   2   11    7
       -0.0339967674386 bend   2   10    7
  20 k -0.4369564761496 bend  11    9    7      val=   0.01625
        0.1990337395103 bend  10    9    7
        0.2297196723602 bend  10   11    7
        0.3757993957811 bend   2    9    7
        0.3212306600934 bend   2   11    7
       -0.6872184207112 bend   2   10    7
  21 k -0.0142594805589 bend  11    9    7      val=   0.47373
        0.3318242162505 bend  10    9    7
       -0.3169813893492 bend  10   11    7
       -0.6103938871899 bend   2    9    7
        0.6446123610028 bend   2   11    7
       -0.0332620211926 bend   2   10    7
  22 k  1.0000000000000 stre   2    3           val=   2.69443
  23 k  1.0000000000000 stre   2    7           val=   2.89768
  24 k  1.0000000000000 stre   2    1           val=   2.85197
  25 k -0.6935049710148 bend   7    3    2      val=   2.80922
        0.7202972623070 bend   1    3    2
        0.0149234409869 bend   1    7    2
  26 k -0.3978429823534 bend   7    3    2      val=   1.94106
       -0.4001497236876 bend   1    3    2
        0.8255914001641 bend   1    7    2
  27 k  0.6006428361098 bend   7    3    2      val= 111.03412
        0.5666145537716 bend   1    3    2
        0.5640710335447 bend   1    7    2
        27 non zero eigenvalues  of BmBt
           1           4.724491241    1    0
         1
           2           4.189703327    2    0
         2
           3           3.616474909    3    0
         3
           4           3.402642218    4    0
         4
           5           3.158906590    5    0
         5
           6           2.791251222    6    0
         6
           7           2.653129937    7    0
         7
           8           2.224234831    8    0
         8
           9           2.066797601    9    0
         9
          10           1.795194938   10    0
        10
          11           1.442279429   11    0
        11
          12           1.209203632   12    0
        12
          13           0.887900453   13    0
        13
          14           0.868732403   14    0
        14
          15           0.700325049   15    0
        15
          16           0.696337078   16    0
        16
          17           0.549342727   17    0
        17
          18           0.509177302   18    0
        18
          19           0.446179209   19    0
        19
          20           0.401940941   20    0
        20
          21           0.360235875   21    0
        21
          22           0.304397799   22    0
        22
          23           0.294703144   23    0
        23
          24           0.253652426   24    0
        24
          25           0.095457368   25    0
        25
          26           0.080260815   26    0
        26
          27           0.061480403   27    0
        27
$end
