$energy      SCF               SCFKIN            SCFPOT
     1 -268.4841228997      267.3298125991     -535.8139354988
     2 -268.4874678799      267.3037714048     -535.7912392848
     3 -268.4892347974      267.3045492182     -535.7937840156
     4 -268.4899171957      267.2976062305     -535.7875234261
     5 -268.4903712328      267.2994031247     -535.7897743575
     6 -268.4907219746      267.3056671315     -535.7963891062
     7 -268.4910794480      267.3137129114     -535.8047923593
     8 -268.4914171241      267.3206547875     -535.8120719116
     9 -268.4915996044      267.3174190537     -535.8090186581
    10 -268.4917176956      267.3103108781     -535.8020285737
    11 -268.4918174598      267.3004327464     -535.7922502061
    12 -268.4918639004      267.3028307502     -535.7946946506
    13 -268.4918719036      267.3074894471     -535.7993613506
    14 -268.4918731406      267.3083555075     -535.8002286481
    15 -268.4918740061      267.3078042738     -535.7996782799
    16 -268.4918743676      267.3075542692     -535.7994286368
    17 -268.4918737880      267.3076489611     -535.7995227491
    18 -268.4918738086      267.3076530507     -535.7995268594
    19 -268.4918738138      267.3076620159     -535.7995358296
    20 -268.4918738122      267.3076559645     -535.7995297767
    21 -268.4918738098      267.3076522637     -535.7995260736
    22 -268.4918738107      267.3076517706     -535.7995255813
    23 -268.4918738101      267.3076495131     -535.7995233232
$end
