$grad          cartesian gradients
  cycle =      1    SCF energy =     -268.4841228997   |dE/dxyz| =  0.055935
  -11.65518150483715      2.94377978579298     -0.12669132159621      c
  -10.85247249598728      0.81015675193862     -1.91048970638738      c
   -8.30087218269252      0.00808711412333     -1.29546871301060      o
   -8.10057141009215     -0.93350792572105      0.24218277448077      h
  -13.70108989652685      3.17884556578896     -0.16895561945794      h
  -10.22420970782912      4.24951845496928      1.11670801267333      o
  -10.82820452351427      1.68635776781459     -4.65689343548406      c
  -12.14850527289065     -0.79085034734029     -1.65086297162598      h
  -10.23965330269186      0.11730843224902     -5.87834610870312      h
   -9.52151341253567      3.27807090528186     -4.91376092638797      h
  -12.73354580172163      2.28100462588803     -5.21977663511003      h
  -.75018950627392D-02  0.10131566310515D-01  0.14937236326132D-01
  -.26775938180204D-01  0.50652692002607D-02  -.20177062660045D-01
  -.54953197374310D-02  -.93722408127746D-02  0.26714467320890D-01
  0.11320092692416D-01  0.44159738794242D-02  -.13168806393509D-01
  0.15915618614877D-01  -.95991486630456D-02  -.57277954752681D-02
  0.24430011371236D-02  0.47484963697486D-03  -.25061180958436D-02
  0.41360996407364D-02  -.59453027102616D-03  -.13040665984556D-02
  0.54252739185925D-02  0.14069742739473D-03  0.42456390541543D-03
  0.27388867389981D-03  0.42722724366495D-03  -.20496873693460D-03
  -.22873082129329D-03  -.92811371977086D-04  -.64942678951607D-03
  0.55228078176328D-03  -.96915139643886D-03  0.16344521371700D-02
  cycle =      2    SCF energy =     -268.4874678799   |dE/dxyz| =  0.029846
  -11.64871601423388      2.94099486697385     -0.14397485883972      c
  -10.78928466892456      0.81479725349191     -1.90227921344560      c
   -8.25887508044110     -0.01690393750110     -1.33543010077658      o
   -8.14576925911967     -0.92084821282654      0.25521072115750      h
  -13.72494312845749      3.22515806334166     -0.21628505292838      h
  -10.25032628355108      4.21267732778596      1.16911603749617      o
  -10.83233961664903      1.68355440486611     -4.65043072413576      c
  -12.11104503630580     -0.77508812937024     -1.64133047092540      h
  -10.26044360003898      0.11214873950921     -5.87720196953730      h
   -9.53429071043194      3.27832685905107     -4.93336725910581      h
  -12.74978611316563      2.27395389546345     -5.18638175956830      h
  -.14072441686345D-02  0.77137456208437D-02  0.10166251216839D-01
  -.13340800773074D-01  0.57335450430649D-02  -.13034303493714D-01
  -.39938309154800D-02  -.49248376733945D-02  0.11941967261371D-01
  0.72608277174073D-02  -.44387665503501D-03  -.44775785612100D-02
  0.40461372691226D-02  -.54422254107337D-02  -.27971917284978D-02
  0.11454954186990D-02  -.71594268951219D-03  -.28729012437204D-02
  0.31330360975263D-02  -.11925895447259D-02  0.61847860467701D-04
  0.35930449443735D-02  -.19852225665865D-03  0.30707807433738D-03
  0.23655926319428D-03  0.17645626513055D-03  0.69824823544506D-05
  -.27595319351037D-03  -.15727516287517D-03  -.75367601712756D-04
  -.31843008796770D-03  -.52621299732573D-03  0.82715386054365D-03
  cycle =      3    SCF energy =     -268.4892347974   |dE/dxyz| =  0.008550
  -11.62840878344898      2.91085138329333     -0.17343593058949      c
  -10.74297670363730      0.78370898341617     -1.89450381860833      c
   -8.22241091372356     -0.01909875966952     -1.37858993567116      o
   -8.19314686288915     -0.81278741847312      0.28687832749123      h
  -13.70630762894735      3.31276051583136     -0.31259982908839      h
  -10.26348349245736      4.10690376285319      1.24570401905538      o
  -10.84585846065584      1.67709402101240     -4.63971621050555      c
  -12.09071482010030     -0.79667591655401     -1.62876389014037      h
  -10.29419176098457      0.11533684092994     -5.88838616941485      h
   -9.54977512992668      3.27368570754316     -4.93071589335136      h
  -12.76854495454806      2.27699201060244     -5.14822531978629      h
  0.37643651687753D-02  0.29412958029739D-02  0.29035140429091D-02
  -.14949836504370D-02  0.42406762543207D-03  -.21102103453010D-02
  -.17406633123692D-02  0.11812200773352D-02  -.12039015847775D-02
  0.90459603468146D-04  -.16710101569184D-02  0.72399924244765D-03
  -.29628803970315D-02  -.11850599625886D-02  -.17657765034425D-03
  -.32116029663165D-03  -.82117606682391D-03  -.22296204277586D-02
  0.25882423031457D-02  -.38618220681069D-03  0.12968134782316D-02
  0.60889699380984D-03  -.57269260841850D-03  0.40685552350301D-03
  0.13052091246171D-03  -.18753111490716D-04  0.24632923949147D-03
  -.16946896520592D-03  0.18604032713201D-03  -.84140490765605D-05
  -.49075557201225D-03  -.10139828482765D-03  0.19217488246124D-03
  cycle =      4    SCF energy =     -268.4899171957   |dE/dxyz| =  0.005336
  -11.61966115005216      2.88572727397860     -0.17438296548680      c
  -10.72176370726695      0.77240481234472     -1.89837377176642      c
   -8.19673825995629     -0.02307304894524     -1.39623502684156      o
   -8.15081871630089     -0.67288865320096      0.33026092787121      h
  -13.64079121018915      3.44978920573854     -0.46871218003863      h
  -10.31638317656159      3.92897198880458      1.41692169127909      o
  -10.87180881062573      1.66510971231167     -4.64835909696425      c
  -12.07045171343802     -0.80803764177880     -1.62669745147845      h
  -10.35845256381979      0.09764381541644     -5.90669997249773      h
   -9.56392755824305      3.24736310340336     -4.96431891555376      h
  -12.79502264486554      2.28576056271244     -5.12575788913188      h
  0.22957440954413D-02  0.85078240346875D-03  0.13069785097974D-02
  0.50071322062484D-03  -.16530170649848D-02  0.10033082909141D-02
  0.72606336254460D-03  0.52243416117265D-03  -.18128241095772D-02
  -.11546633707069D-02  -.10725824146176D-02  0.60203829905903D-03
  -.23809964084480D-02  0.50423365596299D-03  -.80900183137198D-04
  -.63716989387130D-03  0.14110630052289D-03  -.14438293780137D-02
  0.35900355992401D-03  0.66952064232169D-03  0.35265251200808D-03
  0.58072709424228D-03  -.61881618990456D-04  -.13493556345893D-04
  0.42647986452746D-04  -.21834983864444D-03  0.24410051253657D-03
  -.12764436912865D-03  0.13873675275405D-03  0.12169349920600D-03
  -.23051338614213D-03  0.17682688304771D-03  -.34166128721454D-03
  cycle =      5    SCF energy =     -268.4903712328   |dE/dxyz| =  0.004453
  -11.60902188596986      2.85814775399247     -0.16729043994636      c
  -10.71961139653493      0.76628133288963     -1.91078180578267      c
   -8.19467322687048     -0.03278348391864     -1.40946295545919      o
   -8.09534358115238     -0.48354502436328      0.37569756350354      h
  -13.55065728896971      3.57571713445300     -0.58126165560477      h
  -10.37479349134173      3.72652742285372      1.58031725333383      o
  -10.89201994112870      1.64948108704067     -4.66502117172998      c
  -12.07490280930768     -0.81038619376146     -1.63494937037452      h
  -10.41280976515129      0.07406292910431     -5.92690972288935      h
   -9.56940084889517      3.21479739083402     -5.00309681943771      h
  -12.81258527599723      2.29047078166091     -5.11959552622200      h
  0.10707844955435D-02  -.15084720362596D-03  -.17892416858850D-03
  -.13993005182644D-03  -.21742019198600D-02  0.22481252662677D-02
  0.13270467947936D-02  0.30579461914959D-03  -.20824363627636D-03
  -.73997599243652D-03  -.71984831375564D-03  -.44510554220345D-03
  -.32734590861247D-03  0.51575389632572D-03  -.96228161441225D-04
  -.79795022797424D-03  0.90648328894682D-03  -.20732134380086D-03
  -.11814762322817D-02  0.10593695371115D-02  -.53006187094480D-03
  0.60034688669336D-03  0.18530496885813D-03  -.45038362347161D-03
  -.20504034192008D-04  -.23543880882446D-03  0.13027688548456D-03
  -.46532010986117D-04  0.56707618439428D-04  0.13040019131356D-03
  0.22677020560627D-03  0.19963750181982D-03  -.44400585705755D-03
  cycle =      6    SCF energy =     -268.4907219746   |dE/dxyz| =  0.005172
  -11.59721062858428      2.82553609526133     -0.15389862029206      c
  -10.72897964070804      0.76167742508993     -1.92917558182495      c
   -8.21738487291218     -0.06721523902589     -1.41629897400518      o
   -8.04474144781093     -0.23932324581711      0.41127556578455      h
  -13.46551200700777      3.67019032047587     -0.62662444628835      h
  -10.41715301615082      3.52428525264683      1.70672735895397      o
  -10.90069346052631      1.63202321731823     -4.68585445428493      c
  -12.10759797462834     -0.79954736519541     -1.65426769080766      h
  -10.44892437029277      0.04857782558441     -5.94740743609973      h
   -9.56106698665062      3.17948733132212     -5.03878065056397      h
  -12.81655510604710      2.29307951312504     -5.12804972118088      h
  0.54348473385574D-03  -.56828170427714D-03  -.12859372690091D-02
  -.50390128740270D-03  -.11809531722896D-02  0.26571378381066D-02
  0.78846293795329D-03  0.77676395856687D-03  0.11495225052229D-02
  -.15389787589005D-03  -.91696763514488D-03  -.15138523854818D-02
  0.11469433287016D-02  -.55694296873632D-04  0.91363282872216D-04
  -.10508831189756D-02  0.13298264156860D-02  0.84884899886062D-03
  -.16764466942777D-02  0.40339026231836D-03  -.10358511477500D-02
  0.36172593308925D-03  0.22572625635386D-03  -.73717616162413D-03
  -.49213333496605D-04  -.91720287904468D-04  -.53641053605780D-04
  0.48743823369279D-04  -.80754450424991D-05  0.11128697518415D-03
  0.53163941370352D-03  0.11580139665512D-03  -.23337306099341D-03
  cycle =      7    SCF energy =     -268.4910794480   |dE/dxyz| =  0.005917
  -11.58833467418832      2.79088428374640     -0.13770682177357      c
  -10.75002530107175      0.75569214242687     -1.94837238807120      c
   -8.26212118641815     -0.11823997702068     -1.40570801235306      o
   -8.00100775656233      0.02947473616481      0.41577557910302      h
  -13.40542672541894      3.72885141607548     -0.61466323153099      h
  -10.42830753376536      3.34294862496493      1.78616276130512      o
  -10.89735186166327      1.61490925012414     -4.70531639290111      c
  -12.16470106823229     -0.77987045132097     -1.67800138844634      h
  -10.46322168745987      0.02432822522529     -5.96340351240585      h
   -9.53878617309955      3.14480945451734     -5.06212786152948      h
  -12.80653554343933      2.29498342588175     -5.14899338200574      h
  0.79851077266985D-03  -.44256920114875D-03  -.16549453451478D-02
  -.10192002565484D-02  0.32602760943010D-03  0.21342863208781D-02
  -.48930109605050D-04  0.22020002826315D-02  0.18902381505878D-02
  0.65160611696981D-03  -.15221760720673D-02  -.20178175291662D-02
  0.15759362139439D-02  -.68535161549731D-03  0.14745645730584D-03
  -.12314179532160D-02  0.74376552386302D-03  0.12316032930628D-02
  -.10423594539248D-02  -.88954008119530D-03  -.94674568715483D-03
  -.36892349980588D-03  0.18597799505748D-03  -.72243179299079D-03
  -.52921695831015D-04  0.14638853606339D-03  -.23451930093013D-03
  0.13765905278215D-03  -.48068087984521D-04  0.27871057851653D-04
  0.57666179255936D-03  -.27887228845586D-04  0.18542789892466D-03
  cycle =      8    SCF energy =     -268.4914171241   |dE/dxyz| =  0.006408
  -11.58582121269186      2.75758913872251     -0.12106135052527      c
  -10.77862662865969      0.74858789039145     -1.96653838049806      c
   -8.32730118513140     -0.18353620622934     -1.37112953285295      o
   -7.97905200222716      0.28066276108789      0.38715175642420      h
  -13.39591021391196      3.73181660146095     -0.54353544891854      h
  -10.38290705188029      3.22231224651409      1.80157891345369      o
  -10.88101394730044      1.60240112533816     -4.72088361165349      c
  -12.23717640908139     -0.75316672310579     -1.70518606986132      h
  -10.45096285709133      0.00680833398801     -5.97326597246052      h
   -9.50433470006361      3.11797000867225     -5.06830510919861      h
  -12.78271330328003      2.29732595394516     -5.18117984451834      h
  0.61298051252237D-03  -.44817394757932D-03  -.10903462526279D-02
  -.54530674268251D-03  0.24227602099816D-02  0.34548920709784D-03
  -.11195533406933D-02  0.33252948873983D-02  0.17102592285160D-02
  0.12753504667807D-02  -.16203670511210D-02  -.13654929323864D-02
  0.91331689834426D-03  -.87794556516387D-03  0.16086868914238D-04
  -.51750495153519D-03  -.69895065270772D-03  0.62900099967589D-03
  0.41974839149056D-03  -.24271280148273D-02  -.19968860745950D-03
  -.13848707043451D-02  0.15188189290044D-03  -.20743782280209D-03
  -.36692469358793D-04  0.40509610887829D-03  -.36180656481311D-03
  0.19080997990398D-03  -.10404379565540D-03  -.75650435779215D-04
  0.18152583305051D-03  -.16999378663533D-03  0.62992214243184D-03
  cycle =      9    SCF energy =     -268.4915996044   |dE/dxyz| =  0.006044
  -11.58704987493971      2.74198291465168     -0.11684514769428      c
  -10.79821666355294      0.73207754730439     -1.97349307466332      c
   -8.37324938652604     -0.24060058667154     -1.34346544097224      o
   -7.99036271506855      0.38249733890047      0.36324795420072      h
  -13.43046573583255      3.68495616260115     -0.47197622665520      h
  -10.30883395668406      3.23839078388718      1.74944866548818      o
  -10.86606554643062      1.60365375672573     -4.72180664744880      c
  -12.28142965256250     -0.74804115250164     -1.72345709285949      h
  -10.42480606809699      0.01251317793718     -5.97593116175015      h
   -9.48252016462664      3.11780639409930     -5.04632473217273      h
  -12.76281974699856      2.30353479385146     -5.20175174608191      h
  -.22587893803047D-03  -.71575874964794D-03  -.73048986522439D-04
  0.13706706037460D-02  0.29826123760438D-02  -.12568599321043D-02
  -.13834146566423D-02  0.23502781953093D-02  0.40426462732374D-03
  0.65716756910812D-03  -.88413161005201D-03  -.17205245098606D-03
  -.28033672629901D-03  -.49523284492523D-03  0.12588898678247D-03
  0.51739405978096D-03  -.97076984307021D-03  -.42772604637586D-04
  0.13323924169404D-02  -.26444534734811D-02  0.47497211713214D-03
  -.17898114632694D-02  0.15687158214073D-03  0.42099808547836D-03
  -.26062782593643D-04  0.43177825096552D-03  -.29611861195697D-03
  0.14464795804711D-03  -.10646674287929D-03  -.14847356608148D-03
  -.27088241528248D-03  -.14360358099191D-03  0.61920179752110D-03
  cycle =     10    SCF energy =     -268.4917176956   |dE/dxyz| =  0.005329
  -11.58858142431478      2.72656515070092     -0.11656666347099      c
  -10.81836868801904      0.69987344291134     -1.96964029719201      c
   -8.41227902950917     -0.30519825007832     -1.31807319349608      o
   -7.96935577410282      0.49665864692912      0.30204012279448      h
  -13.42698509074754      3.68771505149300     -0.45902996362495      h
  -10.28555401203182      3.22991575646488      1.73177256055093      o
  -10.85980621846930      1.60413897750462     -4.71101508541979      c
  -12.31815881762249     -0.76330981233547     -1.73363785513149      h
  -10.40369800041088      0.02300880783393     -5.97304630286328      h
   -9.47232762081693      3.12066925841570     -5.00522146856072      h
  -12.75070483527438      2.30873410094564     -5.20993650419533      h
  -.19816215215088D-03  -.32720811920658D-03  -.42496776540929D-03
  0.27512594463653D-02  0.15134078108280D-02  -.87502632894560D-03
  -.96390446597558D-03  0.59360588510826D-03  -.12675026904761D-02
  -.11014891657272D-03  0.58181860125622D-03  0.11186048676165D-03
  -.97361181707889D-03  0.17106936621297D-03  0.32424686903035D-03
  0.38321465127872D-03  -.91918844377331D-03  0.57467516425197D-03
  0.16018182081513D-02  -.18693532726346D-02  0.78092831889862D-03
  -.20354880897933D-02  0.15112056253214D-03  0.71798356693411D-03
  -.32766291678379D-04  0.26041470285951D-03  -.16489192677027D-03
  0.32724668992679D-04  -.78729021018770D-04  -.10498881441023D-03
  -.40639598355821D-03  -.10603569311318D-03  0.37934224034127D-03
  cycle =     11    SCF energy =     -268.4918174598   |dE/dxyz| =  0.004725
  -11.58661671680308      2.72712618805383     -0.12762896143449      c
  -10.82728895465693      0.67255377410555     -1.96413704716514      c
   -8.41852847812176     -0.33651381295242     -1.31346213568253      o
   -7.98330924420653      0.47177473839068      0.30724682283913      h
  -13.44203646988067      3.66278747330700     -0.45795436593873      h
  -10.24811456558609      3.30537884781368      1.67177103086071      o
  -10.86221133675220      1.61472467790260     -4.69788781153616      c
  -12.31776467479465     -0.79437051302095     -1.73756211593336      h
  -10.38794675005281      0.04763329026839     -5.97146776460066      h
   -9.48040550706432      3.14144439828477     -4.96434854586986      h
  -12.75159681340012      2.31623206863222     -5.20692375614815      h
  -.17209642515570D-03  0.22628847271722D-04  0.36623065391517D-03
  0.24383890821520D-02  -.45753214235339D-03  -.13213794539967D-02
  0.61608828968385D-04  -.94371062070336D-03  -.21770688835105D-02
  -.79526374451692D-03  0.88101669128590D-03  0.93453687533168D-03
  -.12365439627086D-02  0.51393361614532D-03  0.38762690669793D-03
  0.26210017747164D-03  0.18774960671625D-03  0.32182781785051D-03
  0.11266119638087D-02  -.43321271327127D-03  0.72749344816496D-03
  -.11366991602055D-02  0.15011285623256D-03  0.84858009284842D-03
  -.35308464592543D-04  0.93558267265648D-05  0.68929981193816D-04
  -.71928243812996D-04  0.63408093061990D-05  -.82757309099284D-04
  -.37773044929251D-03  0.74189941096217D-04  -.48068990011418D-04
  cycle =     12    SCF energy =     -268.4918639004   |dE/dxyz| =  0.002204
  -11.58727215152695      2.72528467900788     -0.13192173145920      c
  -10.83272695485916      0.66391973631887     -1.95924342689618      c
   -8.41880581913654     -0.34167981449507     -1.30560345443470      o
   -7.96726104751342      0.47313165992391      0.30533076133647      h
  -13.42678335603869      3.67666028837200     -0.48681675022945      h
  -10.25644165157169      3.30426687568463      1.67181694558007      o
  -10.86889269844019      1.61743006787364     -4.69232206392330      c
  -12.31127143380792     -0.81094039388819     -1.74026885278866      h
  -10.39238580578876      0.05471089992998     -5.97081036040539      h
   -9.48719431137779      3.14555740580319     -4.95144641692051      h
  -12.75678428125805      2.32042972625449     -5.20106930046839      h
  -.75267936027523D-04  0.37424743343448D-03  0.40749767360138D-03
  0.28065346590505D-03  -.93984794434701D-03  -.11408318740680D-02
  0.55204966892261D-03  -.40977089772209D-03  -.69584417574672D-03
  -.12627492517854D-03  0.32660392429898D-03  0.52120029333719D-03
  -.27407660720255D-03  0.14861393347325D-03  0.12081281535360D-03
  -.78917975613102D-04  0.13855567347787D-04  0.24027635315282D-04
  0.29558649440913D-03  0.23196308411118D-03  0.35621107106659D-03
  -.33333310301534D-03  0.28302862099316D-03  0.54249445147708D-03
  -.29814634605496D-04  -.96364860248443D-04  0.79980685861208D-04
  -.73400074417390D-04  0.11045942267085D-04  -.21920809375450D-04
  -.73497423652785D-04  0.69222097996396D-04  -.16100867896397D-03
  cycle =     13    SCF energy =     -268.4918719036   |dE/dxyz| =  0.000928
  -11.58872472751145      2.72275102673136     -0.13235914889627      c
  -10.83603386069503      0.66143772161903     -1.95606162515543      c
   -8.42569599615430     -0.34919969286202     -1.29791171345589      o
   -7.95855267980892      0.48446038092885      0.29736703966945      h
  -13.42395972127159      3.67722995170648     -0.49284905010313      h
  -10.25634190028196      3.30533239614908      1.66902396504474      o
  -10.86966108351592      1.61803154696241     -4.68954454832895      c
  -12.31075517582140     -0.81691956164116     -1.74683252286391      h
  -10.39454863718515      0.05672932750538     -5.97026843153301      h
   -9.48550158875617      3.14459996704352     -4.94563058513603      h
  -12.75604414031727      2.32431806664241     -5.19728802985083      h
  -.94851309056454D-04  0.18063393826014D-03  0.28668300022405D-03
  -.90658676694222D-04  -.30692577283625D-03  -.58382035249460D-03
  0.24769294007942D-03  -.84582094386554D-04  -.11518297348245D-04
  -.33674769987849D-04  0.30906379043072D-04  0.47227608436562D-04
  0.12665254769834D-03  -.33711496707445D-04  0.87626549876568D-05
  -.10058980618499D-03  -.40318267079592D-04  -.89690000677600D-04
  -.64753429532452D-04  0.15276753058779D-03  0.18176058446771D-03
  0.59747011776801D-04  0.17246315331756D-03  0.26179316571508D-03
  -.20139742422785D-04  -.68788018036781D-04  0.51175316415630D-05
  -.35815858614535D-04  0.16189925863275D-05  0.22445404121871D-04
  0.68971612865565D-04  0.11070694707724D-04  -.99530092800823D-04
  cycle =     14    SCF energy =     -268.4918731406   |dE/dxyz| =  0.000278
  -11.58988006124727      2.72099236237883     -0.13281644281118      c
  -10.83943962563799      0.65844630534971     -1.95385072899038      c
   -8.43254354890080     -0.35679927113864     -1.29240869461377      o
   -7.95372156478862      0.49501461005976      0.28955772120243      h
  -13.42760800153310      3.67219968253241     -0.48971563762969      h
  -10.25088724866710      3.31135776950922      1.66147455644194      o
  -10.86817235444860      1.61840550562295     -4.68720958582365      c
  -12.31466013824660     -0.82058543781814     -1.75300931865339      h
  -10.39383558217990      0.05842715750531     -5.96955812985051      h
   -9.48159708816221      3.14350115074227     -4.93996955239371      h
  -12.75347429750697      2.32781129604167     -5.19484883748735      h
  -.50371033196717D-05  0.95466292013568D-05  0.40316615734837D-04
  -.78336059051942D-04  0.10654213623273D-03  -.13968497530058D-03
  0.39314297525905D-04  -.70568555265993D-06  0.52015474821948D-04
  -.25940542642544D-04  -.12764460631531D-05  -.58084550982163D-04
  0.67877599068400D-04  -.39953218062494D-04  -.14120418294246D-04
  0.16791961051588D-04  -.14996906580578D-04  -.11449707284061D-04
  -.35050925045965D-04  -.18215744390239D-04  0.10646139874532D-03
  0.49954015276604D-04  -.23061903107191D-04  0.67286201837963D-04
  -.13214758587857D-04  -.19974279126256D-05  -.17119694513207D-04
  0.29498456489141D-05  0.83475431598701D-05  0.14436705897763D-04
  0.40534292470751D-04  -.65049966371383D-05  -.20153528238941D-04
  cycle =     15    SCF energy =     -268.4918740061   |dE/dxyz| =  0.000160
  -11.58998273499153      2.72115960458323     -0.13288128451116      c
  -10.83923685577747      0.65842236664242     -1.95353537168422      c
   -8.43261392138815     -0.35736885624551     -1.29224399426828      o
   -7.95312389486499      0.49419419812201      0.28970033491870      h
  -13.42837703330296      3.67159099515113     -0.48935789114765      h
  -10.25078089870716      3.31268571480558      1.66091572011120      o
  -10.86799191653834      1.61849110798206     -4.68715969289340      c
  -12.31489754976177     -0.82038781929429     -1.75383122594674      h
  -10.39377736733482      0.05853107037719     -5.96950899839416      h
   -9.48149900287008      3.14361604568245     -4.94016153169519      h
  -12.75353833578191      2.32783670297909     -5.19429071509837      h
  -.14718228616983D-05  -.12004157278617D-05  0.55219443934607D-05
  -.27274817993361D-04  0.10528294121298D-03  -.40808044441981D-04
  0.35380472974050D-04  -.26370575888585D-04  0.13455700856979D-04
  -.63232007995878D-05  0.10080908181831D-05  -.28990830785447D-04
  0.23492457710272D-04  -.14032633005701D-04  -.18007655827393D-05
  0.22002877628657D-04  0.29420931222102D-05  0.70954539325707D-05
  -.18618856254787D-04  -.37955278587888D-04  0.54984260072610D-04
  0.25988099158492D-04  -.27876369112917D-04  0.25804814538326D-04
  -.97067182729046D-05  0.99816355887405D-05  -.13784994663757D-04
  0.40349455067423D-05  0.59188869187266D-05  0.78659779405160D-05
  0.11980059347272D-04  0.65142485254632D-06  -.99391459924408D-05
  cycle =     16    SCF energy =     -268.4918743676   |dE/dxyz| =  0.000073
  -11.58989361019765      2.72121871221444     -0.13295773263902      c
  -10.83916106897372      0.65829368960190     -1.95344444090559      c
   -8.43260961839837     -0.35742028620873     -1.29219037349823      o
   -7.95308322306606      0.49370705759035      0.29004768345103      h
  -13.42854867865839      3.67148284938054     -0.48913352697146      h
  -10.25054057764719      3.31308408048306      1.66061232499686      o
  -10.86789476452456      1.61856067968421     -4.68720857128293      c
  -12.31521757514470     -0.82017959545839     -1.75422366469015      h
  -10.39342097168580      0.05860252196622     -5.96944046837328      h
   -9.48173004014911      3.14393600516032     -4.94033917586614      h
  -12.75371938287362      2.32748541637146     -5.19407670483036      h
  0.24094808162900D-04  -.56699130039084D-05  -.34363856671882D-05
  -.13525487407712D-04  0.40533271858094D-04  0.45433679716766D-05
  0.23437052355801D-04  -.13044883158481D-04  -.10753464490532D-04
  0.13005761965557D-04  0.67180162368063D-05  -.49750608066557D-06
  -.44654001617184D-05  0.22283015417429D-05  0.55978679867758D-05
  0.17232719378868D-04  0.44993081865785D-05  0.49938645806380D-05
  0.48102971339017D-05  -.24036902051251D-04  0.17615116188349D-04
  0.65763113847872D-05  -.11232654474558D-04  0.78769007455341D-05
  -.64460080400897D-05  0.10847385747109D-04  -.61187954342734D-05
  0.46553642890634D-06  0.33492925560485D-05  -.47815968475667D-06
  -.57730237709996D-05  0.42635936659263D-05  -.23685419409114D-06
  cycle =     17    SCF energy =     -268.4918737880   |dE/dxyz| =  0.000035
  -11.58979444772108      2.72124302737764     -0.13294155369858      c
  -10.83903811543044      0.65831973632501     -1.95348682195252      c
   -8.43256291242937     -0.35732411737984     -1.29220787027443      o
   -7.95322997017313      0.49345966296547      0.29026679864314      h
  -13.42819858037286      3.67185291465205     -0.48929590660425      h
  -10.25062732835666      3.31276501147644      1.66086704870851      o
  -10.86793675496905      1.61859669283525     -4.68729762891082      c
  -12.31521734829538     -0.81998136572777     -1.75427003551887      h
  -10.39312646186687      0.05857635303590     -5.96934960759136      h
   -9.48213044113491      3.14425561299896     -4.94055539822273      h
  -12.75395715056941      2.32700760222629     -5.19408367518736      h
  0.17294747917562D-04  0.70062738749543D-07  0.63383210363588D-05
  0.50409510939375D-05  0.73904636493927D-07  0.62616777335989D-05
  0.74435171027454D-05  -.67576035434058D-07  -.34145092749904D-05
  0.15211700034226D-04  0.46675861852807D-05  -.55661371424209D-05
  0.62800135424423D-05  0.22968838072901D-05  0.81069560862665D-05
  0.10207745954671D-04  0.13707564288090D-05  -.22729107301833D-05
  -.11043932090019D-05  -.17819719664303D-05  0.18790720280049D-05
  0.98429720180038D-05  0.55611208837347D-05  0.62379845515645D-05
  -.39776509911660D-05  0.29427313536223D-05  -.15455785246365D-05
  -.31194124654466D-05  0.15961153041200D-05  -.15309001682381D-05
  -.35487311713100D-05  0.16198591211158D-05  0.48674147095362D-05
  cycle =     18    SCF energy =     -268.4918738086   |dE/dxyz| =  0.000034
  -11.58977162580400      2.72127213234647     -0.13295107535223      c
  -10.83899712245181      0.65836036477282     -1.95351700726063      c
   -8.43246896178897     -0.35717075362776     -1.29229689163140      o
   -7.95337069363051      0.49323904609286      0.29044646982158      h
  -13.42818178890469      3.67186802426941     -0.48929733860970      h
  -10.25062090624553      3.31276657061750      1.66088021836778      o
  -10.86794854899940      1.61860470831096     -4.68732374434998      c
  -12.31515646056860     -0.81996939515340     -1.75424418531827      h
  -10.39313379359496      0.05855615192470     -5.96934014826070      h
   -9.48217438577065      3.14428345472967     -4.94063582302029      h
  -12.75399522356003      2.32696082650218     -5.19407512499544      h
  0.15856414544047D-04  0.67736020420428D-06  0.70415555438741D-05
  0.60135785163035D-05  -.32374922315226D-05  0.21720872610542D-05
  0.62892020674388D-05  0.39726495063563D-05  -.35290827181123D-05
  0.14410440683996D-04  0.33011082601619D-05  -.53981369944611D-05
  0.69739792433743D-05  0.15795971145816D-05  0.81938706016568D-05
  0.11924107671590D-04  0.22416821909566D-05  -.23943225873624D-05
  -.82103590981486D-07  0.38178054091037D-06  0.23299578334190D-05
  0.81168715531377D-05  0.44333591401324D-05  0.70357205322058D-05
  -.39877332973157D-05  0.19220776373563D-05  -.72383659344144D-07
  -.28969935829681D-05  0.18068794354065D-05  -.20734736964970D-05
  -.30371113578509D-05  0.12399922406925D-05  0.60687776907223D-05
  cycle =     19    SCF energy =     -268.4918738138   |dE/dxyz| =  0.000033
  -11.58974471335436      2.72131566056998     -0.13295346276439      c
  -10.83892680957375      0.65844174415962     -1.95355222989388      c
   -8.43233592000941     -0.35698001342384     -1.29240914387067      o
   -7.95352709354946      0.49298268164043      0.29065556801605      h
  -13.42810089522045      3.67197292307180     -0.48936221230135      h
  -10.25068513126749      3.31267261331074      1.66099758083389      o
  -10.86797947550300      1.61860643393498     -4.68736282245782      c
  -12.31504222092426     -0.81994838474098     -1.75420856400166      h
  -10.39315706565871      0.05851652438100     -5.96932638359820      h
   -9.48225468815154      3.14431552745123     -4.94076411343915      h
  -12.75406549810671      2.32687542043045     -5.19406886713209      h
  0.10471013974389D-04  0.23777324751062D-05  0.48810865203586D-05
  0.90086521269961D-05  -.85831462201535D-06  -.59571406049730D-06
  0.65949102260321D-05  0.54737592320997D-05  -.33577165519938D-05
  0.12420929037152D-04  0.19103837560486D-05  -.63988281892025D-05
  0.95296222640817D-05  0.52853067609993D-06  0.81364383458515D-05
  0.14769507461487D-04  0.25421010651783D-05  0.73986133775072D-07
  -.13987361573986D-05  0.18081804009917D-05  0.29198217532389D-05
  0.68589068286939D-05  0.13138148787228D-05  0.73215880214486D-05
  -.40358447640845D-05  0.83332614669862D-06  0.14430520759168D-05
  -.24302843462387D-05  0.19147600360259D-05  -.19498391398629D-05
  -.21652746427514D-05  0.42557298643442D-06  0.70282980357064D-05
  cycle =     20    SCF energy =     -268.4918738122   |dE/dxyz| =  0.000033
  -11.58975343642736      2.72130372383772     -0.13295317263380      c
  -10.83895144160286      0.65841947048681     -1.95354125560572      c
   -8.43237750233525     -0.35703976935252     -1.29237258288532      o
   -7.95349145380383      0.49306356912682      0.29059639027446      h
  -13.42812446729128      3.67194485119557     -0.48933528983904      h
  -10.25065268887682      3.31270255667334      1.66095394328599      o
  -10.86797084731756      1.61860733087061     -4.68735033894081      c
  -12.31507303414524     -0.81996469418509     -1.75423203376669      h
  -10.39314584406478      0.05852891628216     -5.96932634986464      h
   -9.48223181360935      3.14430852868621     -4.94072284454153      h
  -12.75404698184480      2.32689664716377     -5.19407111609218      h
  0.10730999917774D-04  0.18612322327943D-05  0.45087310053815D-05
  0.79065465374770D-05  0.78018706291955D-06  0.83559723946386D-06
  0.73266889759616D-05  0.38551331550396D-05  -.36652561968831D-05
  0.12651648532189D-04  0.26411323721387D-05  -.58996264388766D-05
  0.90161646531250D-05  0.71517339682303D-06  0.81671344054693D-05
  0.15007672689749D-04  0.25751763656767D-05  -.73591333638046D-07
  -.11823953213613D-05  0.11752247732200D-05  0.26845331699138D-05
  0.70791759572419D-05  0.11081406276203D-05  0.68111705748067D-05
  -.40150126630889D-05  0.11878454720393D-05  0.11022122108906D-05
  -.23833142598906D-05  0.18415571241548D-05  -.18811745883876D-05
  -.25335634748769D-05  0.54016894265874D-06  0.68578701785255D-05
  cycle =     21    SCF energy =     -268.4918738098   |dE/dxyz| =  0.000032
  -11.58975241792328      2.72130430389025     -0.13295135110532      c
  -10.83895298028348      0.65842193744246     -1.95354032472208      c
   -8.43237762515860     -0.35704224202293     -1.29236918358544      o
   -7.95349489907661      0.49307152970453      0.29059693534331      h
  -13.42811481733534      3.67196032277480     -0.48933427395801      h
  -10.25065250186374      3.31268852058500      1.66096212249453      o
  -10.86797237187545      1.61860675652866     -4.68735258706996      c
  -12.31507126190642     -0.81996569232274     -1.75424021383042      h
  -10.39313893543920      0.05852776558229     -5.96932488650349      h
   -9.48223909654184      3.14431266557146     -4.94072621494976      h
  -12.75405260391515      2.32688526305161     -5.19407467272265      h
  0.10480334569907D-04  0.20770746089055D-05  0.38275465711890D-05
  0.71152825620174D-05  0.16943039380241D-05  0.19187100274431D-05
  0.82223564634720D-05  0.28681536294872D-05  -.40136745312613D-05
  0.12523549811516D-04  0.30492845550789D-05  -.55162601282355D-05
  0.91730546971924D-05  0.86041873147147D-06  0.82832056018875D-05
  0.15072250943216D-04  0.21625432494732D-05  0.29851447252982D-06
  -.12486792902028D-05  0.12021635346082D-05  0.21610824020579D-05
  0.73148192544226D-05  0.98486545374588D-06  0.63882140357296D-05
  -.39478065397142D-05  0.11726900592812D-05  0.10599004657552D-05
  -.23684039804073D-05  0.17497138952716D-05  -.18383115537451D-05
  -.27298775866491D-05  0.45543151575012D-06  0.68833797820037D-05
  cycle =     22    SCF energy =     -268.4918738107   |dE/dxyz| =  0.000032
  -11.58975365560664      2.72130301248837     -0.13295169646654      c
  -10.83895677615370      0.65841834525905     -1.95353902679290      c
   -8.43238139695158     -0.35704825749875     -1.29236641615217      o
   -7.95349540868916      0.49307551046598      0.29059375871021      h
  -13.42812088945877      3.67195279896064     -0.48932590970849      h
  -10.25064389631364      3.31270056072470      1.66095007681115      o
  -10.86797092136504      1.61860772860704     -4.68735093461447      c
  -12.31507421855006     -0.81996926446758     -1.75424527546528      h
  -10.39313691568560      0.05852984577748     -5.96932436220740      h
   -9.48223552755666      3.14431227194719     -4.94072037195230      h
  -12.75404990498825      2.32688857852127     -5.19407449277109      h
  0.10162911412426D-04  0.15114294780461D-05  0.39696175654913D-05
  0.66424128233877D-05  0.16156533864456D-05  0.22409426642458D-05
  0.85103250239416D-05  0.26341434118116D-05  -.41603145151115D-05
  0.12457121236376D-04  0.31063420218302D-05  -.54268689906323D-05
  0.91823889642462D-05  0.86616517586124D-06  0.84354366445133D-05
  0.15338583222779D-04  0.28073530980444D-05  -.36926260049697D-07
  -.11656136121516D-05  0.12739572132769D-05  0.20518096521260D-05
  0.75006344904538D-05  0.11198829940606D-05  0.62425890114265D-05
  -.39476167606398D-05  0.11988150925568D-05  0.10416328981300D-05
  -.23543326044539D-05  0.16850785939104D-05  -.18458291747916D-05
  -.27253085805590D-05  0.46075265239254D-06  0.69256571291754D-05
$end
