$hessapprox internal
  0.811704546471D-02  0.365955461123D-02  0.599395524264D+00 -0.224101477209D-02
  0.489423327967D-01  0.235387690011D+00  0.803767366432D-02  0.134981000237D-03
 -0.152121551114D-02  0.378948539815D-01  0.129420044017D-02 -0.114158523423D-01
  0.268425667122D-01  0.406719914444D-02  0.102169902745D+01 -0.353736855669D-03
 -0.126464418565D-02  0.794326493770D-02 -0.500930044589D-03 -0.584712378463D-02
  0.422515701042D+00 -0.156106385767D-03  0.126422480712D-01 -0.407629403134D-01
  0.180216077062D-03 -0.455760645411D-02  0.124565548488D-01  0.333009324880D+00
 -0.326518055871D-02  0.348062522811D-01 -0.590945974133D-01  0.592120539516D-02
  0.322704401903D-01 -0.961343151930D-02 -0.676105621795D-02  0.314625021909D+00
  0.825357860294D-02  0.404277981094D-02 -0.125664782016D-02  0.273260499356D-01
  0.921835148054D-02  0.734786367507D-02 -0.693744933389D-03 -0.422282569235D-03
  0.155826838692D+00 -0.376500659838D-02 -0.103159381791D-02  0.817347848541D-02
  0.131908120976D-02 -0.310034115854D-01 -0.852057930232D-02 -0.183124755830D-01
  0.128827734525D-01  0.124636673822D-01  0.374016096386D+00 -0.389626718071D-02
 -0.633307995628D-02 -0.525775733161D-02 -0.161061504770D-02  0.324891308042D-01
 -0.890710843092D-02 -0.931986063535D-02 -0.157484134047D-01  0.174545944247D-01
 -0.529260628768D-02  0.167001456016D+00 -0.509163772017D-02 -0.595921252672D-02
 -0.208101684026D-01  0.504581974460D-02 -0.165790063740D-02 -0.160539911479D-01
  0.420362750467D-01  0.161668501035D-01  0.184441281691D-01 -0.539705759487D-02
 -0.158586631660D-01  0.237511178558D+00  0.480194934727D-03  0.187402611023D-02
 -0.944242072573D-03  0.262358447539D-02 -0.288687586092D-03 -0.129753987369D-02
  0.195381559510D-03 -0.244724967260D-02  0.402482782894D-02 -0.227778239166D-02
 -0.198938648467D-02  0.733382469213D-03  0.749982998192D-02 -0.447449064645D-03
 -0.408143570706D-05  0.181414938887D-02 -0.747147516622D-03  0.371856725518D-02
  0.302490202087D-02  0.142211084357D-02 -0.808501014578D-03 -0.293878922951D-02
  0.486454852461D-02 -0.481692799233D-02  0.108439008446D-02  0.278354419309D-03
  0.419983664416D+00  0.129353688427D-02 -0.644529892444D-02  0.436365882954D-03
 -0.133676505790D-02 -0.185455897527D-02 -0.587527264624D-02 -0.157618537960D-02
  0.372049910315D-02  0.339148025591D-02 -0.291165066251D-02  0.112721598202D-02
 -0.246207093596D-02  0.614978101273D-05  0.133861759253D-02  0.417323276800D+00
  0.642160631512D-03  0.166714274342D-02  0.947879896073D-03  0.150992304750D-02
 -0.307281198737D-02 -0.222296819072D-02 -0.321442802149D-02 -0.227229915446D-02
  0.219261724255D-02 -0.546856601285D-02  0.136214745103D-02  0.499113231715D-02
 -0.417316063711D-03  0.698710911402D-03 -0.254956623002D-03  0.418645937893D+00
 -0.446697102707D-02 -0.220472724867D-02 -0.387029857145D-02 -0.252370671253D-02
 -0.896400723209D-02  0.125130902869D-01  0.407082385796D-02  0.210132550537D-01
 -0.885398813850D-02  0.326701932940D-02  0.260481339682D-01 -0.233246664059D-01
  0.211309504409D-02 -0.673894918233D-03  0.210426852419D-02  0.329378172083D-02
  0.299605443874D+00  0.325871547630D-02  0.689208326907D-02 -0.199465397486D-03
  0.872635195576D-02  0.463986170409D-02 -0.629617638218D-02 -0.207592702355D-02
 -0.171481563454D-01  0.107642916610D-01 -0.368639144987D-02 -0.892698202481D-02
  0.165296205285D-01 -0.109640751599D-02  0.498749940907D-03 -0.347761415029D-03
 -0.261719855088D-02  0.165695704578D-01  0.310989518449D+00 -0.829653608199D-03
 -0.402045779160D-02  0.145733163162D-01  0.304356103215D-03 -0.169063139385D-02
  0.534935939561D-02  0.316964518130D-02  0.690409360113D-02 -0.368678733898D-02
  0.346915094135D-02  0.346091002828D-02  0.531605854151D-02  0.857961509916D-03
 -0.135055072437D-02  0.176490243186D-02  0.874328145861D-03 -0.482721751204D-02
  0.363139000194D-02  0.315095720142D+00  0.308549491082D-02  0.631152470182D-02
  0.155813688760D-01  0.652323282831D-02  0.307397489889D-02 -0.567666788635D-02
 -0.818644787336D-02 -0.230071512887D-01  0.996693198725D-02 -0.805949183311D-02
 -0.193505778446D-01  0.420107227802D-01 -0.256429951534D-02  0.497749759085D-03
  0.575049758543D-04 -0.508056406498D-02  0.304018765203D-01 -0.191845515580D-01
  0.329477145674D-02  0.291922835458D+00 -0.100609421319D-02 -0.124939956101D-02
  0.181178862997D-01 -0.120196776403D-02  0.124404633252D-01  0.514318064781D-02
 -0.110488869862D-02 -0.103891118610D-01 -0.993304752722D-02  0.991431298789D-02
 -0.291992471344D-01  0.203362602504D-01  0.103034516815D-02 -0.418651930788D-02
  0.518391165601D-02  0.635183684196D-03  0.280264484805D-02 -0.885150967288D-03
 -0.592177398950D-02 -0.566346700548D-02  0.307114212448D+00 -0.214441948658D-03
 -0.152052940591D-01  0.425351002511D-01 -0.212438867313D-02 -0.287214947915D-02
  0.127194300371D-01 -0.188633341418D-02  0.671626614657D-02 -0.373605628694D-02
  0.179301192917D-01  0.316129115380D-01  0.604832122918D-01  0.765366024111D-03
 -0.116122888202D-02 -0.251233226200D-02  0.956051890177D-03  0.822599339039D-02
 -0.244043910117D-02 -0.675125933335D-02 -0.191657510812D-01  0.147120331551D-02
  0.362770374081D+00  0.582644853548D-02 -0.756622236988D-02 -0.602630149181D-02
  0.113642170907D-02  0.124973309030D-01 -0.109540866432D-01  0.277883854973D-01
  0.168086497376D-02 -0.476893468280D-02  0.232766354285D-01  0.389359502675D-01
 -0.323721669129D-01  0.271169090686D-02 -0.130793862132D-02 -0.101124388653D-02
  0.419447777510D-02 -0.153011982054D-01  0.865075154309D-02 -0.714712599078D-03
  0.232331086421D-01  0.514698336666D-02  0.136084007541D-01  0.342253211541D+00
 -0.222878013442D-02 -0.813481280222D-02 -0.735806494394D-02 -0.239856743019D-02
  0.224954054577D-01  0.658982087405D-02 -0.991080185348D-02 -0.256766236534D-02
 -0.455910215675D-02  0.161372827955D-01 -0.473342656893D-01  0.359523815231D-02
  0.223239540673D-02 -0.378458707285D-02  0.125544570695D-02  0.383482741091D-02
 -0.660917011854D-02  0.102350961664D-01 -0.475899735473D-02  0.138439084817D-01
 -0.206394239068D-01 -0.255516557091D-02  0.361256887810D-02  0.337019332176D+00
 -0.116244776642D-01  0.170532091540D-01 -0.617356081908D-02  0.971622891678D-02
 -0.486913419036D-02 -0.558451615553D-02  0.177167359649D-01 -0.322699406285D-01
  0.155635508242D-01 -0.101430183307D-01  0.717185942076D-02 -0.839941764199D-02
 -0.311541898935D-02  0.319057088621D-02 -0.118986211914D-02 -0.349934858238D-02
  0.148694336078D-01 -0.853228397041D-02  0.579788206581D-02 -0.134037161614D-01
  0.101356828767D-01 -0.520036459464D-02 -0.247993210789D-02  0.237050911489D-01
  0.349243550459D+00 -0.113159124701D-01 -0.101365350573D-01 -0.297535490671D-02
 -0.226833201026D-01 -0.238401581016D-01  0.116415432447D-01 -0.170153257246D-01
  0.336721278323D-01 -0.612386127133D-03 -0.186398611867D-01 -0.203458170765D-01
 -0.295710046205D-02 -0.446484397158D-02  0.408267186513D-02 -0.581522727834D-02
 -0.328619478028D-03  0.477194228581D-02 -0.516851507160D-02  0.290832825279D-02
 -0.119096008022D-01  0.293300169089D-01 -0.462604429815D-01  0.334798823436D-01
  0.141748787425D-02 -0.148272168804D-01  0.277219454168D+00  0.427778309378D-02
  0.124658373898D-01 -0.103146952040D-01 -0.796382783465D-02 -0.110020709503D-01
  0.246707168772D-01 -0.834805451021D-02  0.664371924162D-02  0.498569527420D-03
 -0.179991343818D-01 -0.215549138364D-01 -0.343319053281D-01 -0.396149120092D-02
  0.150149596114D-02  0.583470584460D-02 -0.281122442541D-02  0.696600826340D-03
 -0.130211034261D-02  0.445556104969D-02  0.490682234712D-02  0.149254147383D-01
  0.220499080709D-01  0.431038194845D-02  0.393978809399D-01  0.194892330490D-01
 -0.449511704808D-01  0.463368191703D+00
$end
