$coord
   -4.37118488519200     -3.57784054374383      3.54814673294481  h
   -2.40381023303533     -4.14752586536419      3.90008913479367  c
   -1.79099038662252     -5.36123091916485      2.32786324972752  h
   -2.21649828699853     -5.53790891692199      6.40141517256808  c
   -1.22714990085487     -2.43426922256510      3.91277276875396  h
   -3.42691113967975     -7.23755458988882      6.37680568700922  h
   -2.86775336844331     -4.31279003329579      7.96038028018417  h
    0.39402271625672     -6.25246750084137      6.79887493195716  o
    0.48515581932172     -7.14413279171554      8.40660773939327  h
$user-defined bonds
$redundant
     number_of_atoms             9
     degrees_of_freedom         21
     internal_coordinates       21
     frozen_coordinates          0
# definitions of redundant internals
   1 k  0.5773502691896 tors   1    2    4    8 val=  60.06892
        0.5773502691896 tors   5    2    4    8
        0.5773502691896 tors   3    2    4    8
   2 k  1.0000000000000 stre   2    1           val=   2.07821
   3 k  1.0000000000000 stre   2    5           val=   2.07845
   4 k  1.0000000000000 stre   2    3           val=   2.07859
   5 k -0.4041954295784 bend   5    1    2      val=   2.04778
       -0.4070132585148 bend   3    1    2
       -0.4037364345530 bend   3    5    2
        0.4111537324200 bend   4    1    2
        0.4119587880271 bend   4    5    2
        0.4113462274045 bend   4    3    2
   6 k  0.3681892279734 bend   5    1    2      val=   1.01494
        0.3484504657811 bend   3    1    2
       -0.7048094719359 bend   3    5    2
        0.4101710597260 bend   4    1    2
       -0.1923783911352 bend   4    5    2
       -0.2025162461588 bend   4    3    2
   7 k  0.6331784028565 bend   5    1    2      val=   0.05127
       -0.6424676443176 bend   3    1    2
        0.0121891301245 bend   3    5    2
       -0.0068512660188 bend   4    1    2
        0.3074643660270 bend   4    5    2
       -0.3026393646662 bend   4    3    2
   8 k  0.2035753275786 bend   5    1    2      val=   0.90676
        0.2060115831081 bend   3    1    2
       -0.4028449953697 bend   3    5    2
       -0.7063540485813 bend   4    1    2
        0.3599445354463 bend   4    5    2
        0.3540284067519 bend   4    3    2
   9 k  0.3063582267068 bend   5    1    2      val=   0.00159
       -0.3038246939682 bend   3    1    2
       -0.0019522133505 bend   3    5    2
       -0.0032090166668 bend   4    1    2
       -0.6365702346192 bend   4    5    2
        0.6392178186942 bend   4    3    2
  10 k  1.0000000000000 stre   4    7           val=   2.08696
  11 k  1.0000000000000 stre   4    6           val=   2.08674
  12 k  0.0446845390048 bend   6    7    4      val=   1.95442
        0.4994485317904 bend   8    7    4
        0.4969286789063 bend   8    6    4
       -0.4999620581572 bend   2    7    4
       -0.5016515569098 bend   2    6    4
  13 k  0.0006617415001 bend   6    7    4      val=   0.03124
       -0.4977346733703 bend   8    7    4
        0.4997646581389 bend   8    6    4
       -0.5023058776549 bend   2    7    4
        0.5001838149839 bend   2    6    4
  14 k -0.8845872750956 bend   6    7    4      val=   3.84441
        0.2520084639817 bend   8    7    4
        0.2533644918539 bend   8    6    4
        0.2120541506532 bend   2    7    4
        0.2117464480905 bend   2    6    4
  15 k -0.0005966649143 bend   6    7    4      val=   0.04822
        0.5013948630512 bend   8    7    4
       -0.5010954768998 bend   8    6    4
       -0.4982091869773 bend   2    7    4
        0.4992932648644 bend   2    6    4
  16 k  1.0000000000000 tors   9    8    4    2 val= 180.10162
  17 k  1.0000000000000 stre   8    9           val=   1.84070
  18 k  1.0000000000000 bend   4    9    8      val= 107.49873
  19 k  1.0000000000000 stre   4    8           val=   2.73558
  20 k  1.0000000000000 stre   4    2           val=   2.86791
  21 k  1.0000000000000 bend   2    8    4      val= 108.40217
        21 non zero eigenvalues  of BmBt
           1           4.355049190    1    0
         1
           2           3.836518850    2    0
         2
           3           3.627008913    3    0
         3
           4           3.009780472    4    0
         4
           5           2.975839910    5    0
         5
           6           2.380833025    6    0
         6
           7           1.820940186    7    0
         7
           8           1.331981222    8    0
         8
           9           1.235228842    9    0
         9
          10           0.882901854   10    0
        10
          11           0.766302286   11    0
        11
          12           0.729518817   12    0
        12
          13           0.699899815   13    0
        13
          14           0.621584829   14    0
        14
          15           0.408441120   15    0
        15
          16           0.356211877   16    0
        16
          17           0.289871428   17    0
        17
          18           0.276579436   18    0
        18
          19           0.257129658   19    0
        19
          20           0.183152814   20    0
        20
          21           0.091129616   21    0
        21
$end
