$energy      SCF               SCFKIN            SCFPOT
     1 -155.1122082986      154.3668791187     -309.4790874173
     2 -155.1142685336      154.3551876672     -309.4694562008
     3 -155.1151402939      154.3605121776     -309.4756524715
     4 -155.1151680944      154.3573034953     -309.4724715896
     5 -155.1151739334      154.3564081673     -309.4715821007
     6 -155.1151723535      154.3568255431     -309.4719978967
     7 -155.1151715088      154.3568181377     -309.4719896465
     8 -155.1151714545      154.3567798433     -309.4719512978
     9 -155.1151714283      154.3567663290     -309.4719377574
    10 -155.1151714218      154.3567689208     -309.4719403425
    11 -155.1151714181      154.3567673972     -309.4719388153
    12 -155.1151714192      154.3567686979     -309.4719401171
    13 -155.1151714192      154.3567694158     -309.4719408351
    14 -155.1151714194      154.3567691101     -309.4719405295
$end
