$grad          cartesian gradients
  cycle =      1    SCF energy =     -155.1122082986   |dE/dxyz| =  0.037678
   -4.35441378403704     -3.58254265630296      3.58887008329966      h
   -2.39444300346961     -4.14183045620259      3.88635017816277      c
   -1.74613763451926     -5.39045661466935      2.34422413791212      h
   -2.32307670228422     -5.53026030029514      6.40036433329446      c
   -1.15490960790610     -2.46342599809372      3.94924725761732      h
   -3.50587687652112     -7.23526287584901      6.35813210142360      h
   -2.93764015490530     -4.30354983728448      7.95762612818111      h
    0.30742261926629     -6.25891408843051      6.79260278559351      o
    0.68395547912846     -7.09947755637368      8.35553869184733      h
  0.41308845972755D-02  -.46180703990778D-02  0.70585554364439D-02
  -.40553719274106D-02  0.43296912216838D-02  -.64566242882736D-02
  0.31455839951520D-02  -.23876095237391D-02  -.16964840772781D-02
  -.18805189382895D-01  0.55994551989577D-02  -.41624175268099D-02
  0.40238046323187D-02  0.15722964569974D-02  0.56480454876776D-03
  0.35415216278836D-02  0.88261969546757D-03  0.86566130510508D-04
  0.28420698228290D-02  -.15148111483500D-02  -.12495198960998D-02
  -.44605887300763D-02  -.88691503024677D-02  0.19600712327245D-01
  0.95918636187853D-02  0.49996583443954D-02  -.13774796583772D-01
  cycle =      2    SCF energy =     -155.1142685336   |dE/dxyz| =  0.018512
   -4.37598943853641     -3.58789153065174      3.56437362765591      h
   -2.40271565951276     -4.14020040310453      3.88593957642437      c
   -1.75797718690146     -5.36965364234841      2.33900143492392      h
   -2.26747077021014     -5.52980691865859      6.39739844472423      c
   -1.19897923500699     -2.44636331171680      3.93011211641940      h
   -3.46719222924230     -7.23123272666981      6.36825056651300      h
   -2.89477463623851     -4.29959581767383      7.95531246815194      h
    0.34431812092853     -6.26070754867725      6.80171589911200      o
    0.59566136947214     -7.14026848400048      8.39085156340710      h
  0.38712055057649D-04  -.19069576254015D-02  0.34750467541725D-02
  -.82223732505499D-03  0.30054189387367D-02  -.53940343157723D-02
  0.16184290572913D-02  -.46611459300941D-03  0.51297586906782D-03
  -.80785681990683D-02  0.36455063429621D-02  -.37199509120014D-02
  0.15956813982871D-02  -.64649797925334D-03  0.54548612273519D-03
  0.19910118071228D-02  -.16947303153880D-04  0.10545487888911D-03
  0.18246596619727D-02  -.64238295275335D-03  -.37250567354050D-03
  -.54722779079729D-02  -.35226702555368D-02  0.85023991252265D-02
  0.72746080539631D-02  0.55106189502588D-03  -.36995151379902D-02
  cycle =      3    SCF energy =     -155.1151402939   |dE/dxyz| =  0.005696
   -4.37775467974727     -3.57814093318071      3.55370001747000      h
   -2.40474943666175     -4.14526852878060      3.89641406344794      c
   -1.78938009173561     -5.36204664679181      2.33192112027450      h
   -2.21192944852667     -5.53670303490219      6.39949163965794      c
   -1.22345584544545     -2.43923391244695      3.91296271505353      h
   -3.42195826278823     -7.23864282537446      6.37415852424123      h
   -2.86755219186893     -4.31004587381073      7.95742005877378      h
    0.38845723280841     -6.24641163989390      6.80078451156757      o
    0.48320305871760     -7.14922698832009      8.40610304684538      h
  -.12464939094622D-02  0.10184498608666D-03  0.22714612866617D-03
  0.10191491547186D-02  0.80171986454206D-03  -.16588935102072D-02
  0.37719230671071D-04  0.39358584053006D-03  0.11086916509486D-02
  0.27729590984263D-02  -.37319090148508D-03  -.27096213398292D-03
  -.22605250908445D-03  -.11261581326535D-02  0.26206410802266D-03
  0.27262780194659D-04  -.45124084927634D-03  -.80063395800391D-05
  0.15589491821869D-03  0.21527672796043D-03  0.24500112075018D-03
  -.28658464063946D-02  0.13595699827403D-02  -.14377638227697D-02
  0.30371412107177D-03  -.92764332007403D-03  0.15167889745749D-02
  cycle =      4    SCF energy =     -155.1151680944   |dE/dxyz| =  0.002518
   -4.37451094457874     -3.57957671016846      3.55133416987297      h
   -2.40452214046469     -4.14632563254324      3.89805241048149      c
   -1.78886932258883     -5.36208454950464      2.32982115902853      h
   -2.21367908612933     -5.53751023370621      6.40098081817708      c
   -1.22572190733861     -2.43576727878436      3.91376902551761      h
   -3.42654826086263     -7.23657858402094      6.37559932154090      h
   -2.86864198145176     -4.31053282647033      7.95827934030511      h
    0.39211985544066     -6.25021089394608      6.79956769605136      o
    0.48525412272604     -7.14713367435719      8.40555175635680      h
  -.43287139994835D-03  -.28049669618752D-04  0.18913811093695D-03
  0.61716139535123D-05  0.54039423420219D-03  -.94856704744198D-03
  0.90662165112276D-04  0.37106632058248D-04  0.41592103457616D-03
  0.15108069339265D-02  -.36035710536161D-03  0.86385968634389D-04
  0.17183867746629D-04  -.39265635575847D-03  0.19147752952385D-03
  -.15786131509885D-03  -.14887374510977D-03  -.41295905745801D-04
  -.97835952080669D-04  0.16989132505618D-03  0.99302666966561D-04
  -.11023241604693D-02  0.48861996190508D-03  -.48614565530314D-03
  0.14219787033748D-03  -.31099359413170D-03  0.47770199779262D-03
  cycle =      5    SCF energy =     -155.1151739334   |dE/dxyz| =  0.000858
   -4.37156758810612     -3.57852363973145      3.54990081153664      h
   -2.40402006468672     -4.14724345470004      3.89954470274881      c
   -1.79040697110323     -5.36200372580524      2.32812517999850      h
   -2.21564605123520     -5.53830194601500      6.40168623117807      c
   -1.22615299494088     -2.43453439580823      3.91359102648891      h
   -3.42827957563161     -7.23660598231426      6.37610158030520      h
   -2.86938607232927     -4.31236915057641      7.95935575259526      h
    0.39404607760735     -6.25228367341330      6.79861652129335      o
    0.48629357517779     -7.14385441513754      8.40603389118711      h
  0.71620065134004D-04  -.81354070941883D-04  0.12713719905723D-03
  -.36076403626993D-03  0.23936351252624D-03  -.32430154492931D-03
  0.60268562369417D-04  -.10362043547099D-03  -.37055694292465D-05
  0.42493868299733D-03  -.24538005458413D-03  0.26247175525332D-03
  0.91094762443400D-04  0.32656070626719D-04  0.80390032015460D-04
  -.13969539801986D-03  0.55039017750336D-04  -.37317512635249D-04
  -.14896125896981D-03  0.53505758542682D-04  -.26558436796914D-04
  -.47725578828456D-04  -.16969366946451D-04  0.39746371800931D-04
  0.24051971780278D-04  0.62625183094744D-04  -.13417290643358D-03
  cycle =      6    SCF energy =     -155.1151723535   |dE/dxyz| =  0.000282
   -4.37112969412588     -3.57812594765460      3.54861172973071      h
   -2.40378610213035     -4.14751983217414      3.90002604189942      c
   -1.79082190875661     -5.36134943476115      2.32784492361504      h
   -2.21618259955082     -5.53813879588255      6.40158088184950      c
   -1.22701770241837     -2.43423412560381      3.91302626609446      h
   -3.42746815601159     -7.23715734287476      6.37669973860673      h
   -2.86813620245981     -4.31282034115018      7.96008751631164      h
    0.39412681732353     -6.25261335421035      6.79859132946745      o
    0.48529588288201     -7.14376120918991      8.40648726975690      h
  0.34541946457189D-04  -.26870307112320D-04  0.40964307427331D-04
  -.10922924740399D-03  0.54205655751913D-04  -.76154828918554D-04
  -.34187226687632D-05  -.22108558019013D-04  -.14645898101434D-04
  0.11282512618831D-03  -.97308198049463D-04  0.13849852527938D-03
  0.72426020580885D-05  0.23122584318247D-04  0.15407272228930D-04
  -.38474088254720D-04  0.39444071967376D-04  -.76320581445838D-05
  -.43237454561557D-04  -.78889625169942D-05  -.29253395879503D-04
  0.24172787020466D-04  0.91813883229541D-06  -.19272506152190D-04
  -.98757539842322D-05  0.32331799533936D-04  -.64106094197103D-04
  cycle =      7    SCF energy =     -155.1151715088   |dE/dxyz| =  0.000055
   -4.37115272868823     -3.57784558879951      3.54819025286634      h
   -2.40376622650958     -4.14753810223760      3.90009243576290      c
   -1.79101103174277     -5.36116734508952      2.32780505100701      h
   -2.21649230357195     -5.53795736261224      6.40142419079166      c
   -1.22716708857356     -2.43425604555587      3.91275017179602      h
   -3.42699628524305     -7.23751622104364      6.37679532032774      h
   -2.86775562497395     -4.31285656505395      7.96035003474368      h
    0.39398495497095     -6.25257561545609      6.79884357336508      o
    0.48523666908426     -7.14400753765303      8.40670466667142      h
  -.16041437683634D-04  -.21210804016791D-05  0.12493031176578D-04
  0.21149296290657D-06  -.16229747148433D-05  -.19021123304208D-05
  -.21119612355736D-04  0.10104592493454D-04  -.17572354922279D-05
  0.15527125175330D-05  -.56809438460786D-05  0.14850999627808D-04
  -.20971798844222D-04  0.13318409763097D-05  -.44447529000315D-05
  0.65010505068408D-05  0.29474581763611D-05  0.35534281543521D-05
  0.75823626532745D-05  -.14185850701842D-04  -.54197848664006D-05
  -.14373329699779D-05  0.55185313430073D-05  -.19263553354465D-04
  0.18310279700375D-04  -.55297238346630D-06  -.14385223213842D-04
  cycle =      8    SCF energy =     -155.1151714545   |dE/dxyz| =  0.000048
   -4.37117438027029     -3.57784979858104      3.54816950911805      h
   -2.40378649022932     -4.14753325426275      3.90009300200610      c
   -1.79100535595592     -5.36119742707403      2.32782834915179      h
   -2.21648222265127     -5.53792623565096      6.40141666790899      c
   -1.22716983353614     -2.43425254317476      3.91274965182156      h
   -3.42694149553805     -7.23753833503300      6.37679849078512      h
   -2.86775311804403     -4.31280683014986      7.96036456003790      h
    0.39400911316210     -6.25251408782189      6.79887893353425      o
    0.48518411781503     -7.14410187175317      8.40665653296809      h
  -.17303143525826D-04  -.17294026852521D-05  0.11570087580723D-04
  -.57060901106562D-05  -.18758732012319D-05  0.31734779995241D-05
  -.19626271574313D-04  0.69158061241081D-05  -.29931229883484D-05
  0.59296206696632D-05  -.28094379052324D-05  0.21880417306538D-05
  -.18562218346618D-04  0.29148926685429D-05  -.31209282520400D-05
  0.49632081089990D-05  -.32451532746558D-05  0.27955307538071D-05
  0.67973395304899D-05  -.78913424885196D-05  0.15521496206372D-05
  0.96575727775994D-06  0.40823959423786D-05  -.16448598192831D-04
  0.17142953605564D-04  -.64946099545549D-06  -.14982632463745D-04
  cycle =      9    SCF energy =     -155.1151714283   |dE/dxyz| =  0.000047
   -4.37118209312981     -3.57784636176686      3.54815762263315      h
   -2.40380226258368     -4.14752929413748      3.90009282805419      c
   -1.79099798684439     -5.36122110034564      2.32784864411756      h
   -2.21648855074556     -5.53791321880868      6.40141291869434      c
   -1.22715856786480     -2.43425945529919      3.91276306176115      h
   -3.42691917031060     -7.23755143996457      6.37679816796582      h
   -2.86775363826274     -4.31278778395944      7.96037539988090      h
    0.39401961135095     -6.25248377441848      6.79888179968923      o
    0.48516299314276     -7.14412795480113      8.40662525453550      h
  -.16142169899591D-04  -.23099558316558D-05  0.11890579015975D-04
  -.11455548136585D-04  -.76399224230306D-06  0.44556743415969D-05
  -.18296819677743D-04  0.45656311717934D-05  -.37267432748400D-05
  0.53310412162499D-05  -.20644359690347D-05  -.28980142094681D-05
  -.16514725655614D-04  0.39864061217865D-05  -.19844325508632D-05
  0.48406507628662D-05  -.54386102670001D-05  0.22824125494843D-05
  0.66786369723459D-05  -.50029972027410D-05  0.46615774582093D-05
  0.39589886356994D-05  0.23829764860817D-05  -.14262643123542D-04
  0.16206202411839D-04  0.34737828413789D-06  -.16676683318562D-04
  cycle =     10    SCF energy =     -155.1151714218   |dE/dxyz| =  0.000046
   -4.37118440109036     -3.57784478101051      3.54815053733862      h
   -2.40380809890243     -4.14752723081720      3.90009132991053      c
   -1.79099260138480     -5.36122924747395      2.32785912734128      h
   -2.21649351952422     -5.53790818569695      6.40141437205832      c
   -1.22715387463278     -2.43426455038726      3.91276833853262      h
   -3.42691068703948     -7.23755397948063      6.37680309654485      h
   -2.86775456384226     -4.31278446583389      7.96037867782153      h
    0.39402279506438     -6.25246828513473      6.79888088069200      o
    0.48515528610408     -7.14413965766635      8.40660933709209      h
  -.15589563109819D-04  -.26090022235414D-05  0.12123614499773D-04
  -.12929143636833D-04  0.22666435876839D-06  0.34418187299934D-05
  -.17925457237764D-04  0.41898843324562D-05  -.33908671940308D-05
  0.37532952374408D-05  -.21453092507451D-05  -.26289697207665D-05
  -.16079288740256D-04  0.37439450371324D-05  -.16056318081353D-05
  0.53709937786750D-05  -.53681225553881D-05  0.23011903081648D-05
  0.71084366902036D-05  -.50880405383924D-05  0.46069086060418D-05
  0.51707998556805D-05  0.23784864288390D-05  -.14204363786297D-04
  0.15728560975245D-04  0.36992557952975D-06  -.16897893825640D-04
  cycle =     11    SCF energy =     -155.1151714181   |dE/dxyz| =  0.000046
   -4.37118483104140     -3.57784119859457      3.54814811175907      h
   -2.40381025757876     -4.14752591748465      3.90008979562692      c
   -1.79099025191451     -5.36122901304740      2.32786169515471      h
   -2.21649751574870     -5.53791133585020      6.40141358974125      c
   -1.22715029676569     -2.43426843785895      3.91277438723513      h
   -3.42691465216653     -7.23755448018492      6.37680298580871      h
   -2.86774988117437     -4.31279128395278      7.96038035151699      h
    0.39402131749481     -6.25247562809092      6.79887144964102      o
    0.48515670364728     -7.14412308843709      8.40661333084804      h
  -.15466233801859D-04  -.27033584957536D-05  0.12298305184191D-04
  -.13057007060432D-04  0.82695642474040D-06  0.21888016553118D-05
  -.17838984470983D-04  0.43223516928981D-05  -.29976182586711D-05
  0.27564918602119D-05  -.24598116886154D-05  -.13282939266279D-05
  -.16070081625574D-04  0.33735484251951D-05  -.14474525359791D-05
  0.56949604718415D-05  -.48154860748661D-05  0.23678508886196D-05
  0.74246545306855D-05  -.56741997362386D-05  0.40958489652687D-05
  0.56802328827765D-05  0.22011298319025D-05  -.14668336871748D-04
  0.15481961457672D-04  0.63061953115007D-06  -.16760810850169D-04
  cycle =     12    SCF energy =     -155.1151714192   |dE/dxyz| =  0.000046
   -4.37118509794944     -3.57784124405892      3.54814712242486      h
   -2.40381033931309     -4.14752579577894      3.90008932341056      c
   -1.79099022318301     -5.36123074972962      2.32786323687028      h
   -2.21649780228946     -5.53790885457369      6.40141507274183      c
   -1.22715012303407     -2.43426892452370      3.91277251959720      h
   -3.42691087961152     -7.23755448608429      6.37680547558539      h
   -2.86775305090834     -4.31278946695504      7.96038005400140      h
    0.39402273495025     -6.25246757972967      6.79887524727225      o
    0.48515511609081     -7.14413328206761      8.40660764542807      h
  -.15560295059697D-04  -.27024099286121D-05  0.12311370096545D-04
  -.12833683269431D-04  0.91386399461713D-06  0.19749612492348D-05
  -.17869318631972D-04  0.43707340773580D-05  -.29068374428065D-05
  0.24919216344010D-05  -.23723627859684D-05  -.11103882843824D-05
  -.16118511126928D-04  0.32819103314707D-05  -.14634121966190D-05
  0.57686326225548D-05  -.47991307139394D-05  0.24226900244015D-05
  0.74900382101700D-05  -.58378376471546D-05  0.39139099245467D-05
  0.57643256854423D-05  0.24570693050729D-05  -.14749025022742D-04
  0.15474737555608D-04  0.38740865182518D-06  -.16644957398282D-04
  cycle =     13    SCF energy =     -155.1151714192   |dE/dxyz| =  0.000046
   -4.37118496202178     -3.57784079195209      3.54814672720701      h
   -2.40381026939528     -4.14752582262689      3.90008918055456      c
   -1.79099016369716     -5.36123067133312      2.32786320197897      h
   -2.21649830100530     -5.53790904848516      6.40141506609269      c
   -1.22715004733675     -2.43426909066554      3.91277288313998      h
   -3.42691143230278     -7.23755451224652      6.37680558716862      h
   -2.86775291901789     -4.31279005048815      7.96038028159891      h
    0.39402256270689     -6.25246819968514      6.79887463916114      o
    0.48515586682218     -7.14413219601887      8.40660813042998      h
  -.15587449555765D-04  -.26840869975231D-05  0.12307994703233D-04
  -.12733003554907D-04  0.90095936411405D-06  0.18923434426665D-05
  -.17885064950846D-04  0.43973274419240D-05  -.28813492371216D-05
  0.23518866127045D-05  -.23283514391514D-05  -.10388395171590D-05
  -.16147379107240D-04  0.32620053701249D-05  -.14543974440080D-05
  0.57812027733084D-05  -.47702838417152D-05  0.24338585704435D-05
  0.75198028188783D-05  -.58956437452573D-05  0.38830979955107D-05
  0.58007229942481D-05  0.24458108804915D-05  -.14843459671510D-04
  0.15506935903742D-04  0.37179068929083D-06  -.16550908118362D-04
$end
