$hessapprox internal
  0.919382462515D-02 -0.126945806707D-02  0.411398047075D+00  0.148551232533D-02
  0.115534658335D-01  0.400173577093D+00  0.178056647629D-02  0.142231182311D-01
 -0.119518676048D-01  0.395156581163D+00  0.100434173663D-03 -0.202545576198D-01
 -0.658184887201D-02 -0.705341405585D-02  0.178619211349D+00 -0.297866779965D-03
  0.230520870809D-01 -0.400012407713D-02 -0.746492901310D-02  0.755061432897D-01
  0.257510033290D+00  0.143682405330D-02  0.873770436255D-02 -0.566602608075D-02
 -0.845157215716D-02 -0.920888800578D-03 -0.125023156284D-01  0.309560508603D+00
  0.208215429863D-04  0.388528184962D-02 -0.556734544747D-02 -0.773225929943D-02
 -0.602046953580D-02  0.815914512307D-02 -0.712518770117D-02  0.300376640521D+00
 -0.133122815322D-02  0.808988805818D-04 -0.193040202815D-03  0.132599173616D-03
  0.285681546300D-02  0.165389638367D-02  0.628004620572D-03  0.967491918006D-03
  0.334349357433D+00  0.274884605639D-02  0.387356762345D-02 -0.893717017993D-02
 -0.131338638465D-01 -0.665133610759D-02 -0.958096133415D-02 -0.107430909522D-01
 -0.108920930644D-01  0.170609385567D-03  0.386922576291D+00  0.158802906168D-02
 -0.341180816604D-02 -0.158894081261D-02 -0.277862786588D-02 -0.798014194614D-02
  0.291225745819D-02 -0.199280872079D-02 -0.579356763614D-02 -0.704269781666D-03
 -0.165634437502D-01  0.409598112159D+00  0.135120192500D-02  0.144198424696D-01
 -0.108430401814D-01 -0.117582012646D-01  0.612878716467D-02  0.115607417675D-01
 -0.168837672628D-02 -0.213247752437D-01 -0.261418741849D-02 -0.154487610623D-01
 -0.140049267245D-01  0.223744200463D+00  0.972441771154D-03  0.334204916057D-02
 -0.128334693394D-02 -0.218625367742D-02  0.125037715144D-02 -0.510574922618D-02
 -0.289789752549D-02 -0.381939808309D-02 -0.279245484880D-03 -0.232269569093D-02
  0.285790000550D-03 -0.182262949594D-02  0.340816440755D+00 -0.368076262065D-03
 -0.627263754215D-02  0.466009546090D-02  0.869423482778D-02 -0.586831024711D-02
  0.266217520573D-01  0.132563065293D-01  0.211025105453D-02 -0.305073747714D-02
  0.153305456720D-01  0.111595981705D-02 -0.483532403844D-01  0.413753599453D-02
  0.277114039864D+00  0.181975726829D-02  0.195979073767D-02 -0.120234794940D-02
 -0.210860875488D-02 -0.187761653520D-02 -0.314281013872D-02 -0.234303113658D-02
 -0.564385950924D-02 -0.997896759246D-03 -0.318874200897D-02 -0.373483136949D-03
 -0.219022561000D-02 -0.242577729529D-03  0.426043750503D-02  0.341974837365D+00
  0.561423862785D-02 -0.267046467547D-02  0.486501394585D-02  0.577486579256D-02
 -0.127980660815D-02 -0.147673917673D-02  0.475581710929D-02 -0.255503330240D-02
 -0.543402093334D-02  0.101527366667D-01  0.713046576985D-02  0.471196313787D-02
  0.417730434663D-02  0.103677396284D-03  0.742331663114D-02  0.365227031443D-01
 -0.415678095585D-02 -0.244103000182D-01  0.161194700207D-01  0.212326941655D-01
  0.220957645579D-02  0.193993097756D-01  0.156546103102D-01  0.208513334633D-01
  0.747302328307D-03  0.953964129383D-02 -0.270327588020D-02  0.137788820952D-01
  0.511579836680D-02 -0.177939537619D-01  0.356456301587D-02 -0.112260944161D-01
  0.593763117464D+00 -0.149019765822D-02 -0.107591823732D-01  0.687534992089D-03
  0.242160282467D-02  0.177054364546D-01  0.316359803805D-01  0.709961143639D-02
 -0.574390401606D-01 -0.100637915813D-02 -0.222615230505D-02 -0.608718160847D-02
  0.425965187094D-02  0.188432147934D-02  0.297711199533D-03 -0.348610557585D-02
 -0.468013431598D-02  0.141418678908D-01  0.188994526223D+00 -0.343817727728D-02
  0.110731868553D-01 -0.447228706723D-02 -0.947385128017D-03 -0.872237001261D-02
  0.452359549117D-02  0.961336741063D-02  0.316126473101D-01  0.167793604729D-02
  0.321697195022D-01  0.252491390990D-01  0.765421293863D-01  0.519591514456D-02
  0.139915031231D-01  0.514719723146D-02 -0.972878880952D-02  0.119773430173D-01
  0.237975995918D-01  0.327418210016D+00 -0.238352913863D-02  0.434660082141D-02
  0.757751560343D-02  0.116433562210D-01  0.537425711207D-01 -0.856915679106D-02
  0.115008509113D-01  0.969099306760D-02 -0.190285399015D-02  0.219895515500D-01
  0.904748190517D-02 -0.272049799192D-01  0.248682175975D-02 -0.295902059578D-01
  0.346354095183D-02 -0.688402771845D-02 -0.110935079195D-01  0.413894083471D-02
  0.532832748892D-02  0.343336449345D+00  0.234535947421D-02  0.905513479300D-02
 -0.106034493848D-01 -0.158412625500D-01 -0.229969560096D-01 -0.372212292039D-02
 -0.156304794884D-01 -0.197486742535D-01  0.154342677672D-02 -0.333609611443D-01
 -0.159664022441D-01 -0.274379707237D-01 -0.424550699993D-02  0.139658982250D-01
 -0.540851370918D-02  0.969405885434D-02  0.240782889673D-01  0.144342172214D-01
  0.584305249547D-01  0.302166420775D-01  0.336269976639D+00
$end
