#         time      en-total      pe-total      be-total      pressure          s_xx          s_xy          s_xz          s_yx          s_yy          s_yz          s_zx          s_zy          s_zz   temperature     bndlen-av    bndlen-max    bndlen-min
  0.000000E+00  1.456715E+01  1.297358E+01  1.108493E-01  6.970231E+01  6.971423E+01 -3.770124E-02 -9.088556E-02 -3.770124E-02  6.957875E+01  4.683250E-02 -9.088556E-02  4.683250E-02  6.981396E+01  1.062375E+00  1.451602E+00  3.210009E+00  2.793444E-01
  5.000000E+01  1.458373E+01  1.299961E+01  1.150841E-01  6.964853E+01  6.966917E+01  7.274514E-02 -1.310012E-02  7.274514E-02  6.960057E+01 -2.876674E-03 -1.310012E-02 -2.876674E-03  6.967584E+01  1.056073E+00  1.462655E+00  3.119075E+00  3.477861E-01
  1.000000E+02  1.458946E+01  1.299861E+01  1.082620E-01  6.958984E+01  6.962576E+01  2.157555E-02  7.207983E-02  2.157555E-02  6.962850E+01 -3.827674E-02  7.207983E-02 -3.827674E-02  6.951527E+01  1.060565E+00  1.444988E+00  3.276342E+00  3.183727E-01
  1.500000E+02  1.459425E+01  1.301303E+01  1.089107E-01  6.965128E+01  6.960812E+01 -6.833746E-02 -2.938828E-02 -6.833746E-02  6.976407E+01 -2.152856E-03 -2.938828E-02 -2.152856E-03  6.958165E+01  1.054145E+00  1.440586E+00  3.185671E+00  3.445261E-01
  2.000000E+02  1.457698E+01  1.299519E+01  1.095899E-01  6.966117E+01  6.969193E+01  4.020366E-02  1.660875E-02  4.020366E-02  6.974218E+01 -5.487937E-02  1.660875E-02 -5.487937E-02  6.954940E+01  1.054532E+00  1.445478E+00  3.400474E+00  3.429096E-01
  2.500000E+02  1.456722E+01  1.299485E+01  1.095654E-01  6.968884E+01  6.972298E+01 -5.732106E-02 -1.765536E-03 -5.732106E-02  6.971729E+01 -1.415633E-02 -1.765536E-03 -1.415633E-02  6.962625E+01  1.048248E+00  1.444648E+00  3.016284E+00  4.508246E-01
  3.000000E+02  1.458507E+01  1.300106E+01  1.112206E-01  6.965415E+01  6.967481E+01  9.715038E-02  8.491448E-03  9.715038E-02  6.967968E+01 -6.802698E-02  8.491448E-03 -6.802698E-02  6.960797E+01  1.056004E+00  1.450062E+00  3.076093E+00  4.106908E-01
  3.500000E+02  1.458529E+01  1.299087E+01  1.130912E-01  6.972677E+01  6.975483E+01  1.871867E-02 -1.273533E-01  1.871867E-02  6.971091E+01 -1.121534E-02 -1.273533E-01 -1.121534E-02  6.971457E+01  1.062947E+00  1.457045E+00  3.212091E+00  3.653820E-01
  4.000000E+02  1.456910E+01  1.299700E+01  1.113532E-01  6.974314E+01  6.978291E+01 -8.723697E-03 -9.544735E-03 -8.723697E-03  6.974906E+01 -7.572044E-04 -9.544735E-03 -7.572044E-04  6.969746E+01  1.048068E+00  1.450356E+00  3.023007E+00  4.137402E-01
  4.500000E+02  1.455336E+01  1.297073E+01  1.131420E-01  6.971851E+01  6.972494E+01 -5.210651E-02  7.486970E-02 -5.210651E-02  6.975010E+01 -5.435903E-03  7.486970E-02 -5.435903E-03  6.968048E+01  1.055087E+00  1.462877E+00  3.103308E+00  4.052331E-01
  5.000000E+02  1.457577E+01  1.298783E+01  1.115794E-01  6.967120E+01  6.953090E+01 -4.225007E-02  3.008769E-02 -4.225007E-02  6.971929E+01  9.408610E-02  3.008769E-02  9.408610E-02  6.976343E+01  1.058627E+00  1.445044E+00  3.084182E+00  4.187461E-01
  5.500000E+02  1.460707E+01  1.300850E+01  1.096010E-01  6.958607E+01  6.969872E+01 -7.914117E-02  6.319276E-02 -7.914117E-02  6.960687E+01  1.874503E-01  6.319276E-02  1.874503E-01  6.945264E+01  1.065708E+00  1.443613E+00  3.060557E+00  4.370951E-01
  6.000000E+02  1.458132E+01  1.300374E+01  1.146486E-01  6.960085E+01  6.956564E+01  5.416685E-02  5.928632E-02  5.416685E-02  6.958441E+01 -2.544044E-02  5.928632E-02 -2.544044E-02  6.965251E+01  1.051720E+00  1.454236E+00  3.089100E+00  3.115484E-01
  6.500000E+02  1.458653E+01  1.299956E+01  1.118856E-01  6.968191E+01  6.965094E+01 -5.637578E-03 -8.879342E-02 -5.637578E-03  6.964069E+01 -6.260411E-02 -8.879342E-02 -6.260411E-02  6.975411E+01  1.057983E+00  1.448880E+00  3.313488E+00  3.922563E-01
  7.000000E+02  1.458118E+01  1.299575E+01  1.115891E-01  6.958609E+01  6.961479E+01  3.129530E-03  6.933420E-03  3.129530E-03  6.957075E+01 -4.473489E-02  6.933420E-03 -4.473489E-02  6.957273E+01  1.056954E+00  1.458919E+00  2.969263E+00  3.501315E-01
  7.500000E+02  1.457421E+01  1.298290E+01  1.097543E-01  6.974331E+01  6.984764E+01 -2.259368E-02 -3.922475E-02 -2.259368E-02  6.965581E+01  1.464205E-02 -3.922475E-02  1.464205E-02  6.972649E+01  1.060875E+00  1.452322E+00  3.102371E+00  3.762021E-01
  8.000000E+02  1.456406E+01  1.298965E+01  1.110162E-01  6.962233E+01  6.962715E+01 -2.321340E-02  7.791139E-02 -2.321340E-02  6.960918E+01  2.614133E-02  7.791139E-02  2.614133E-02  6.963065E+01  1.049611E+00  1.447456E+00  3.350346E+00  4.181495E-01
  8.500000E+02  1.457810E+01  1.299367E+01  1.136809E-01  6.964920E+01  6.973278E+01 -1.512450E-01 -6.076176E-02 -1.512450E-01  6.961613E+01 -2.329081E-02 -6.076176E-02 -2.329081E-02  6.959869E+01  1.056287E+00  1.456454E+00  3.342400E+00  3.015940E-01
  9.000000E+02  1.459236E+01  1.299979E+01  1.139658E-01  6.964303E+01  6.970129E+01  6.944485E-02  4.356077E-02  6.944485E-02  6.960985E+01 -2.414998E-02  4.356077E-02 -2.414998E-02  6.961794E+01  1.061719E+00  1.460736E+00  3.213110E+00  4.618979E-01
  9.500000E+02  1.457998E+01  1.299413E+01  1.084076E-01  6.972653E+01  6.962741E+01 -5.401531E-02 -2.357486E-02 -5.401531E-02  6.977790E+01  4.510330E-02 -2.357486E-02  4.510330E-02  6.977428E+01  1.057234E+00  1.444465E+00  3.090518E+00  4.007514E-01
  1.000000E+03  1.457855E+01  1.299278E+01  1.110716E-01  6.958287E+01  6.956652E+01 -1.951159E-02 -4.299169E-02 -1.951159E-02  6.957146E+01  3.394287E-03 -4.299169E-02  3.394287E-03  6.961064E+01  1.057183E+00  1.449398E+00  3.115936E+00  4.465027E-01
  1.050000E+03  1.460346E+01  1.301063E+01  1.103560E-01  6.962667E+01  6.957043E+01  3.472338E-02 -2.223609E-02  3.472338E-02  6.976945E+01  3.811224E-02 -2.223609E-02  3.811224E-02  6.954015E+01  1.061885E+00  1.450267E+00  3.331050E+00  3.775813E-01
  1.100000E+03  1.458208E+01  1.299408E+01  1.164298E-01  6.962723E+01  6.965172E+01  5.698585E-02 -8.717043E-02  5.698585E-02  6.964877E+01  2.183187E-02 -8.717043E-02  2.183187E-02  6.958119E+01  1.058663E+00  1.465049E+00  3.084756E+00  3.676704E-01
  1.150000E+03  1.458860E+01  1.299662E+01  1.155900E-01  6.968780E+01  6.958797E+01  8.569624E-04 -6.959543E-02  8.569624E-04  6.979071E+01 -1.156824E-03 -6.959543E-02 -1.156824E-03  6.968472E+01  1.061321E+00  1.462690E+00  3.430557E+00  3.397016E-01
  1.200000E+03  1.457882E+01  1.299630E+01  1.177237E-01  6.959487E+01  6.951012E+01 -4.036597E-02 -8.373658E-02 -4.036597E-02  6.972135E+01 -6.508626E-02 -8.373658E-02 -6.508626E-02  6.955313E+01  1.055007E+00  1.468208E+00  3.154354E+00  4.531267E-01
  1.250000E+03  1.456540E+01  1.298691E+01  1.105026E-01  6.963285E+01  6.963470E+01 -4.271131E-02  7.137602E-03 -4.271131E-02  6.968993E+01 -5.305688E-02  7.137602E-03 -5.305688E-02  6.957393E+01  1.052327E+00  1.448232E+00  3.142839E+00  3.518950E-01
  1.300000E+03  1.457623E+01  1.298642E+01  1.082492E-01  6.971189E+01  6.980787E+01  4.038629E-02 -5.697215E-02  4.038629E-02  6.978966E+01 -2.728844E-02 -5.697215E-02 -2.728844E-02  6.953816E+01  1.059875E+00  1.436866E+00  3.256209E+00  4.064738E-01
  1.350000E+03  1.460287E+01  1.300964E+01  1.138886E-01  6.964039E+01  6.962552E+01 -1.021475E-02 -4.987033E-02 -1.021475E-02  6.966888E+01 -7.070576E-02 -4.987033E-02 -7.070576E-02  6.962677E+01  1.062159E+00  1.448205E+00  3.239190E+00  3.513509E-01
  1.400000E+03  1.457034E+01  1.298787E+01  1.125119E-01  6.968105E+01  6.968546E+01  4.542792E-04  6.856090E-02  4.542792E-04  6.957250E+01  5.170850E-02  6.856090E-02  5.170850E-02  6.978519E+01  1.054979E+00  1.449465E+00  3.086239E+00  3.570694E-01
  1.450000E+03  1.457814E+01  1.298690E+01  1.163008E-01  6.974527E+01  6.975924E+01 -1.190467E-01  9.087185E-02 -1.190467E-01  6.976659E+01  2.688269E-02  9.087185E-02  2.688269E-02  6.970999E+01  1.060827E+00  1.460615E+00  3.296511E+00  4.933093E-01
  1.500000E+03  1.457579E+01  1.299251E+01  1.184651E-01  6.962419E+01  6.977125E+01 -2.727988E-02  2.403127E-02 -2.727988E-02  6.962117E+01 -8.824524E-03  2.403127E-02 -8.824524E-03  6.948015E+01  1.055520E+00  1.469825E+00  3.467621E+00  4.034101E-01
  1.550000E+03  1.458278E+01  1.300398E+01  1.137968E-01  6.953179E+01  6.957246E+01 -4.734836E-02 -3.277746E-02 -4.734836E-02  6.958207E+01  7.704848E-02 -3.277746E-02  7.704848E-02  6.944085E+01  1.052532E+00  1.450272E+00  3.812853E+00  4.141873E-01
  1.600000E+03  1.457887E+01  1.298427E+01  1.111283E-01  6.970892E+01  6.973818E+01  2.448447E-02  3.455643E-02  2.448447E-02  6.972023E+01  3.870497E-02  3.455643E-02  3.870497E-02  6.966835E+01  1.063067E+00  1.445109E+00  3.207152E+00  4.081652E-01
  1.650000E+03  1.455705E+01  1.299038E+01  1.119161E-01  6.969948E+01  6.970803E+01 -5.006229E-02  6.701172E-02 -5.006229E-02  6.973790E+01 -2.985731E-02  6.701172E-02 -2.985731E-02  6.965251E+01  1.044445E+00  1.446120E+00  3.291932E+00  4.122161E-01
  1.700000E+03  1.456883E+01  1.299361E+01  1.151361E-01  6.975227E+01  6.970788E+01 -8.585660E-03  6.333584E-02 -8.585660E-03  6.983692E+01  6.624746E-02  6.333584E-02  6.624746E-02  6.971202E+01  1.050145E+00  1.457397E+00  3.362106E+00  4.003264E-01
  1.750000E+03  1.460568E+01  1.300129E+01  1.163301E-01  6.971281E+01  6.972070E+01 -5.013213E-02  1.090063E-01 -5.013213E-02  6.972316E+01  1.756051E-02  1.090063E-01  1.756051E-02  6.969458E+01  1.069598E+00  1.456812E+00  3.071913E+00  4.836516E-01
  1.800000E+03  1.458225E+01  1.301147E+01  1.124720E-01  6.951688E+01  6.946439E+01  9.891987E-03  4.850511E-02  9.891987E-03  6.949685E+01  2.814527E-03  4.850511E-02  2.814527E-03  6.958941E+01  1.047190E+00  1.459264E+00  3.445652E+00  4.000867E-01
  1.850000E+03  1.457993E+01  1.299974E+01  1.127298E-01  6.974245E+01  6.973148E+01 -2.351222E-02 -3.762928E-02 -2.351222E-02  6.970953E+01  4.602088E-02 -3.762928E-02  4.602088E-02  6.978634E+01  1.053461E+00  1.449718E+00  3.010554E+00  4.204506E-01
  1.900000E+03  1.458340E+01  1.299252E+01  1.114420E-01  6.970195E+01  6.971073E+01 -8.814903E-02  2.736303E-02 -8.814903E-02  6.977829E+01 -9.279249E-03  2.736303E-02 -9.279249E-03  6.961685E+01  1.060591E+00  1.448518E+00  3.321836E+00  4.216331E-01
  1.950000E+03  1.455574E+01  1.298785E+01  1.084761E-01  6.956735E+01  6.958580E+01 -2.762133E-02  3.119279E-02 -2.762133E-02  6.958192E+01 -6.700578E-02  3.119279E-02 -6.700578E-02  6.953434E+01  1.045255E+00  1.442706E+00  3.258461E+00  4.167496E-01
  2.000000E+03  1.455735E+01  1.298302E+01  1.101644E-01  6.961719E+01  6.956797E+01  4.471672E-02 -3.011246E-02  4.471672E-02  6.963784E+01 -1.305105E-02 -3.011246E-02 -1.305105E-02  6.964576E+01  1.049558E+00  1.447346E+00  3.017753E+00  4.132284E-01
  2.050000E+03  1.458178E+01  1.300308E+01  1.086876E-01  6.963915E+01  6.965587E+01  7.013485E-03 -3.954520E-02  7.013485E-03  6.962697E+01 -7.648630E-02 -3.954520E-02 -7.648630E-02  6.963460E+01  1.052464E+00  1.441462E+00  3.188963E+00  3.001587E-01
  2.100000E+03  1.455479E+01  1.298586E+01  1.117732E-01  6.955301E+01  6.946093E+01  4.520274E-02  1.569325E-02  4.520274E-02  6.963176E+01  5.049301E-02  1.569325E-02  5.049301E-02  6.956634E+01  1.045953E+00  1.451288E+00  3.528871E+00  3.148641E-01
  2.150000E+03  1.456626E+01  1.298756E+01  1.104499E-01  6.955430E+01  6.964661E+01  3.183110E-02 -8.873058E-02  3.183110E-02  6.947697E+01 -8.689455E-02 -8.873058E-02 -8.689455E-02  6.953932E+01  1.052467E+00  1.448828E+00  3.057882E+00  4.073068E-01
  2.200000E+03  1.456985E+01  1.299055E+01  1.134562E-01  6.960899E+01  6.955139E+01 -1.929386E-02 -2.328881E-02 -1.929386E-02  6.968065E+01  9.631789E-02 -2.328881E-02  9.631789E-02  6.959492E+01  1.052870E+00  1.457354E+00  3.302203E+00  3.926266E-01
  2.250000E+03  1.456439E+01  1.299385E+01  1.132530E-01  6.961919E+01  6.961669E+01 -1.765460E-02  8.907615E-03 -1.765460E-02  6.962616E+01 -1.565250E-02  8.907615E-03 -1.565250E-02  6.961472E+01  1.047027E+00  1.455614E+00  3.061310E+00  4.890316E-01
  2.300000E+03  1.458127E+01  1.299618E+01  1.139843E-01  6.967577E+01  6.954949E+01  4.201215E-02  4.855746E-04  4.201215E-02  6.972877E+01  5.454479E-02  4.855746E-04  5.454479E-02  6.974906E+01  1.056727E+00  1.458063E+00  3.205162E+00  3.711800E-01
  2.350000E+03  1.457937E+01  1.299059E+01  1.155127E-01  6.970021E+01  6.970892E+01 -2.763898E-02  9.257543E-02 -2.763898E-02  6.969742E+01  8.064652E-02  9.257543E-02  8.064652E-02  6.969431E+01  1.059183E+00  1.452504E+00  3.139133E+00  3.327318E-01
  2.400000E+03  1.456672E+01  1.298213E+01  1.076690E-01  6.984600E+01  6.985981E+01  5.345019E-02  4.419739E-02  5.345019E-02  6.980974E+01 -3.682544E-02  4.419739E-02 -3.682544E-02  6.986846E+01  1.056398E+00  1.445674E+00  3.048944E+00  3.932313E-01
  2.450000E+03  1.458321E+01  1.299308E+01  1.081670E-01  6.959872E+01  6.965275E+01  4.542022E-02 -1.007310E-01  4.542022E-02  6.951433E+01 -5.362737E-02 -1.007310E-01 -5.362737E-02  6.962908E+01  1.060088E+00  1.439904E+00  2.879280E+00  3.650193E-01
  2.500000E+03  1.458113E+01  1.300944E+01  1.150929E-01  6.955897E+01  6.955436E+01 -3.270998E-02  3.447810E-02 -3.270998E-02  6.961398E+01 -1.059232E-01  3.447810E-02 -1.059232E-01  6.950859E+01  1.047792E+00  1.456310E+00  3.430848E+00  3.511515E-01
  2.550000E+03  1.458327E+01  1.299222E+01  1.140086E-01  6.967397E+01  6.967422E+01 -6.700926E-02  7.231351E-02 -6.700926E-02  6.969870E+01  3.331687E-02  7.231351E-02  3.331687E-02  6.964900E+01  1.060702E+00  1.458640E+00  3.180057E+00  3.395404E-01
  2.600000E+03  1.457696E+01  1.300146E+01  1.096776E-01  6.966310E+01  6.970497E+01 -1.309975E-02  7.658426E-02 -1.309975E-02  6.973804E+01  8.901410E-03  7.658426E-02  8.901410E-03  6.954629E+01  1.050334E+00  1.445450E+00  3.158651E+00  4.136084E-01
  2.650000E+03  1.456528E+01  1.297810E+01  1.118501E-01  6.978708E+01  6.967681E+01  7.019390E-02  1.972204E-02  7.019390E-02  6.978700E+01  1.105554E-01  1.972204E-02  1.105554E-01  6.989743E+01  1.058121E+00  1.453405E+00  3.019235E+00  2.273079E-01
  2.700000E+03  1.457306E+01  1.299753E+01  1.112892E-01  6.954792E+01  6.950852E+01  6.791191E-02  1.906034E-02  6.791191E-02  6.951390E+01  1.265506E-02  1.906034E-02  1.265506E-02  6.962135E+01  1.050356E+00  1.458432E+00  3.010348E+00  4.077107E-01
  2.750000E+03  1.457918E+01  1.299586E+01  1.137121E-01  6.964297E+01  6.954278E+01  7.957438E-02 -8.945684E-02  7.957438E-02  6.979160E+01  7.359803E-02 -8.945684E-02  7.359803E-02  6.959452E+01  1.055547E+00  1.454544E+00  3.306590E+00  4.149805E-01
  2.800000E+03  1.458015E+01  1.299551E+01  1.111840E-01  6.967363E+01  6.983139E+01  2.710529E-02 -1.469880E-03  2.710529E-02  6.966316E+01  1.064802E-02 -1.469880E-03  1.064802E-02  6.952635E+01  1.056423E+00  1.450227E+00  3.130814E+00  4.612197E-01
  2.850000E+03  1.460658E+01  1.301505E+01  1.085238E-01  6.972687E+01  6.979327E+01 -2.346949E-02 -7.740537E-02 -2.346949E-02  6.976885E+01 -6.171408E-03 -7.740537E-02 -6.171408E-03  6.961848E+01  1.061019E+00  1.440632E+00  2.990436E+00  3.977500E-01
  2.900000E+03  1.458616E+01  1.299254E+01  1.080406E-01  6.965627E+01  6.973672E+01 -4.595020E-02 -2.788929E-02 -4.595020E-02  6.971814E+01 -5.801594E-02 -2.788929E-02 -5.801594E-02  6.951394E+01  1.062412E+00  1.438278E+00  3.306288E+00  4.441587E-01
  2.950000E+03  1.458370E+01  1.299109E+01  1.109686E-01  6.981187E+01  6.983737E+01  6.740866E-02  1.879911E-02  6.740866E-02  6.982410E+01 -7.766056E-02  1.879911E-02 -7.766056E-02  6.977414E+01  1.061736E+00  1.446922E+00  3.155933E+00  3.841816E-01
  3.000000E+03  1.457542E+01  1.299377E+01  1.098822E-01  6.965839E+01  6.967058E+01  9.676257E-03  9.041955E-02  9.676257E-03  6.962443E+01  5.498620E-02  9.041955E-02  5.498620E-02  6.968018E+01  1.054433E+00  1.447939E+00  3.194481E+00  4.209173E-01
  3.050000E+03  1.458089E+01  1.300930E+01  1.107390E-01  6.961353E+01  6.960456E+01  1.697106E-02 -6.364881E-02  1.697106E-02  6.975483E+01  7.039747E-02 -6.364881E-02  7.039747E-02  6.948121E+01  1.047725E+00  1.443477E+00  3.075473E+00  3.737355E-01
  3.100000E+03  1.456970E+01  1.298874E+01  1.125342E-01  6.962072E+01  6.955555E+01 -3.377070E-02 -2.315397E-02 -3.377070E-02  6.972034E+01 -3.159268E-02 -2.315397E-02 -3.159268E-02  6.958627E+01  1.053969E+00  1.453020E+00  3.309119E+00  3.313907E-01
  3.150000E+03  1.458976E+01  1.299802E+01  1.087529E-01  6.967275E+01  6.966997E+01  6.403650E-02 -2.141945E-02  6.403650E-02  6.961348E+01 -5.996354E-02 -2.141945E-02 -5.996354E-02  6.973481E+01  1.061159E+00  1.444664E+00  3.483020E+00  4.434559E-01
  3.200000E+03  1.457810E+01  1.298744E+01  1.096803E-01  6.966995E+01  6.974851E+01  8.619596E-02 -2.329748E-02  8.619596E-02  6.967664E+01 -7.301589E-02 -2.329748E-02 -7.301589E-02  6.958471E+01  1.060443E+00  1.451941E+00  2.950270E+00  3.967932E-01
  3.250000E+03  1.457401E+01  1.298419E+01  1.089656E-01  6.972043E+01  6.970650E+01  1.078301E-02 -5.632626E-02  1.078301E-02  6.974028E+01  8.596687E-02 -5.632626E-02  8.596687E-02  6.971452E+01  1.059877E+00  1.447148E+00  3.257216E+00  4.023411E-01
  3.300000E+03  1.457571E+01  1.298894E+01  1.068371E-01  6.976209E+01  6.976763E+01 -1.476321E-01  8.697775E-02 -1.476321E-01  6.985515E+01  8.720631E-02  8.697775E-02  8.720631E-02  6.966349E+01  1.057846E+00  1.445941E+00  3.025883E+00  4.185562E-01
  3.350000E+03  1.458445E+01  1.299764E+01  1.135902E-01  6.964507E+01  6.971359E+01  7.366167E-02  5.456658E-02  7.366167E-02  6.959874E+01  6.096330E-02  5.456658E-02  6.096330E-02  6.962289E+01  1.057872E+00  1.455093E+00  3.239961E+00  3.606064E-01
  3.400000E+03  1.458789E+01  1.299143E+01  1.127966E-01  6.965158E+01  6.955653E+01  2.292034E-02  9.787563E-02  2.292034E-02  6.971607E+01  4.159546E-02  9.787563E-02  4.159546E-02  6.968214E+01  1.064308E+00  1.449211E+00  3.077385E+00  3.001133E-01
  3.450000E+03  1.457880E+01  1.299717E+01  1.075876E-01  6.968618E+01  6.968483E+01  5.612797E-02 -3.059802E-02  5.612797E-02  6.973582E+01  1.154205E-01 -3.059802E-02  1.154205E-01  6.963790E+01  1.054420E+00  1.437277E+00  3.222665E+00  3.576995E-01
  3.500000E+03  1.457810E+01  1.300293E+01  1.136480E-01  6.966062E+01  6.973925E+01  3.122122E-02 -4.560680E-02  3.122122E-02  6.964340E+01  2.956639E-02 -4.560680E-02  2.956639E-02  6.959921E+01  1.050110E+00  1.456057E+00  3.244576E+00  3.191556E-01
  3.550000E+03  1.458130E+01  1.299624E+01  1.072483E-01  6.976118E+01  6.985591E+01 -2.579891E-02 -1.228380E-02 -2.579891E-02  6.968570E+01  1.934391E-02 -1.228380E-02  1.934391E-02  6.974193E+01  1.056705E+00  1.434917E+00  3.140224E+00  3.852809E-01
  3.600000E+03  1.456621E+01  1.299513E+01  1.122461E-01  6.973109E+01  6.979011E+01 -5.944445E-02  5.739550E-03 -5.944445E-02  6.978561E+01 -1.080361E-01  5.739550E-03 -1.080361E-01  6.961753E+01  1.047382E+00  1.454093E+00  3.072318E+00  4.328164E-01
  3.650000E+03  1.457590E+01  1.298972E+01  1.156291E-01  6.966874E+01  6.961603E+01  9.052162E-03 -3.755541E-02  9.052162E-03  6.978003E+01 -1.074524E-02 -3.755541E-02 -1.074524E-02  6.961015E+01  1.057455E+00  1.464767E+00  3.193160E+00  4.167644E-01
  3.700000E+03  1.454829E+01  1.297315E+01  1.049918E-01  6.975000E+01  6.973466E+01  1.022004E-01 -5.240204E-02  1.022004E-01  6.977153E+01 -5.373093E-02 -5.240204E-02 -5.373093E-02  6.974381E+01  1.050097E+00  1.433207E+00  3.525145E+00  3.782255E-01
  3.750000E+03  1.458792E+01  1.299965E+01  1.111257E-01  6.965532E+01  6.967943E+01  1.648072E-02  5.525692E-02  1.648072E-02  6.963004E+01 -3.408626E-03  5.525692E-02 -3.408626E-03  6.965647E+01  1.058843E+00  1.448311E+00  3.217850E+00  4.139699E-01
  3.800000E+03  1.458655E+01  1.299923E+01  1.114254E-01  6.964658E+01  6.973617E+01  7.385383E-03  1.705785E-02  7.385383E-03  6.954560E+01 -7.741167E-02  1.705785E-02 -7.741167E-02  6.965796E+01  1.058214E+00  1.448543E+00  3.107546E+00  3.762028E-01
  3.850000E+03  1.460000E+01  1.300130E+01  1.115335E-01  6.967611E+01  6.967336E+01 -5.618442E-02 -2.925576E-02 -5.618442E-02  6.963696E+01  2.442131E-03 -2.925576E-02  2.442131E-03  6.971799E+01  1.065802E+00  1.449717E+00  3.248119E+00  4.439599E-01
  3.900000E+03  1.456691E+01  1.298604E+01  1.110211E-01  6.970621E+01  6.985828E+01  1.840747E-03 -6.599109E-02  1.840747E-03  6.955704E+01 -3.771437E-02 -6.599109E-02 -3.771437E-02  6.970331E+01  1.053910E+00  1.453276E+00  3.258682E+00  4.104065E-01
  3.950000E+03  1.456028E+01  1.298699E+01  1.111273E-01  6.959131E+01  6.961161E+01  2.740539E-02 -5.013651E-02  2.740539E-02  6.965803E+01 -5.814142E-02 -5.013651E-02 -5.814142E-02  6.950428E+01  1.048864E+00  1.453566E+00  3.327465E+00  4.151782E-01
  4.000000E+03  1.456486E+01  1.299484E+01  1.129429E-01  6.959842E+01  6.970039E+01 -3.121578E-03  6.155521E-02 -3.121578E-03  6.942766E+01  1.773550E-02  6.155521E-02  1.773550E-02  6.966721E+01  1.046680E+00  1.454091E+00  3.312417E+00  3.708616E-01
  4.050000E+03  1.457165E+01  1.299030E+01  1.115010E-01  6.962626E+01  6.969082E+01 -9.233865E-02 -2.374474E-02 -9.233865E-02  6.956347E+01  7.739972E-02 -2.374474E-02  7.739972E-02  6.962450E+01  1.054234E+00  1.448796E+00  3.328304E+00  4.446643E-01
  4.100000E+03  1.456327E+01  1.298922E+01  1.102703E-01  6.959994E+01  6.966034E+01 -4.245917E-02  7.085452E-02 -4.245917E-02  6.953530E+01  2.409437E-03  7.085452E-02  2.409437E-03  6.960419E+01  1.049366E+00  1.449098E+00  3.075838E+00  3.873406E-01
  4.150000E+03  1.457832E+01  1.300015E+01  1.124530E-01  6.969265E+01  6.966548E+01 -5.282446E-02 -1.939412E-02 -5.282446E-02  6.977305E+01 -2.542808E-02 -1.939412E-02 -2.542808E-02  6.963942E+01  1.052116E+00  1.449014E+00  3.128891E+00  3.921556E-01
  4.200000E+03  1.456379E+01  1.299454E+01  1.088321E-01  6.955474E+01  6.948635E+01 -5.198613E-02 -4.764623E-02 -5.198613E-02  6.967743E+01  5.250914E-02 -4.764623E-02  5.250914E-02  6.950045E+01  1.046172E+00  1.441767E+00  3.079455E+00  3.978604E-01
  4.250000E+03  1.457725E+01  1.299282E+01  1.127411E-01  6.961626E+01  6.965990E+01  2.666007E-02 -3.332552E-02  2.666007E-02  6.966727E+01 -8.924022E-02 -3.332552E-02 -8.924022E-02  6.952160E+01  1.056291E+00  1.455119E+00  3.147429E+00  4.674106E-01
  4.300000E+03  1.459271E+01  1.301042E+01  1.149277E-01  6.968841E+01  6.977450E+01 -6.950715E-02 -1.241685E-02 -6.950715E-02  6.973806E+01 -6.622231E-03 -1.241685E-02 -6.622231E-03  6.955267E+01  1.054855E+00  1.461432E+00  3.004789E+00  3.871520E-01
  4.350000E+03  1.456026E+01  1.297172E+01  1.097371E-01  6.969305E+01  6.978771E+01 -8.921206E-02 -3.883191E-02 -8.921206E-02  6.965750E+01  9.450920E-02 -3.883191E-02  9.450920E-02  6.963394E+01  1.059029E+00  1.439893E+00  3.521788E+00  4.498105E-01
  4.400000E+03  1.455750E+01  1.298473E+01  1.148260E-01  6.966837E+01  6.975142E+01  4.634126E-02 -9.883795E-02  4.634126E-02  6.959402E+01  1.091971E-01 -9.883795E-02  1.091971E-01  6.965967E+01  1.048514E+00  1.456415E+00  3.271061E+00  4.057011E-01
  4.450000E+03  1.458120E+01  1.298732E+01  1.139491E-01  6.966597E+01  6.966203E+01 -7.599255E-03 -3.520191E-02 -7.599255E-03  6.960074E+01  9.045660E-02 -3.520191E-02  9.045660E-02  6.973515E+01  1.062582E+00  1.462843E+00  3.021652E+00  3.971688E-01
  4.500000E+03  1.457723E+01  1.299599E+01  1.118004E-01  6.966256E+01  6.974674E+01 -4.541076E-02 -5.675160E-02 -4.541076E-02  6.965186E+01 -6.385198E-02 -5.675160E-02 -6.385198E-02  6.958908E+01  1.054162E+00  1.448339E+00  3.208329E+00  4.345301E-01
  4.550000E+03  1.459684E+01  1.299447E+01  1.117861E-01  6.976008E+01  6.973964E+01 -1.319712E-02 -7.890498E-02 -1.319712E-02  6.978565E+01 -7.021691E-02 -7.890498E-02 -7.021691E-02  6.975495E+01  1.068243E+00  1.452288E+00  3.140144E+00  3.938628E-01
  4.600000E+03  1.455257E+01  1.297619E+01  1.123306E-01  6.966655E+01  6.964212E+01 -8.666021E-02  9.675851E-03 -8.666021E-02  6.964167E+01  1.066254E-02  9.675851E-03  1.066254E-02  6.971586E+01  1.050918E+00  1.460109E+00  3.136400E+00  3.641093E-01
  4.650000E+03  1.458689E+01  1.299520E+01  1.162724E-01  6.960668E+01  6.966016E+01  5.206804E-03 -2.002793E-02  5.206804E-03  6.953699E+01 -1.027570E-01 -2.002793E-02 -1.027570E-01  6.962290E+01  1.061123E+00  1.465057E+00  3.126895E+00  4.397070E-01
  4.700000E+03  1.459270E+01  1.299778E+01  1.121418E-01  6.970891E+01  6.973078E+01 -3.913870E-02 -2.061897E-02 -3.913870E-02  6.976569E+01 -1.126534E-01 -2.061897E-02 -1.126534E-01  6.963026E+01  1.063277E+00  1.454146E+00  3.170483E+00  3.361143E-01
  4.750000E+03  1.457010E+01  1.298305E+01  1.108445E-01  6.974092E+01  6.967730E+01 -2.588256E-02 -1.461070E-02 -2.588256E-02  6.980992E+01  1.781000E-02 -1.461070E-02  1.781000E-02  6.973555E+01  1.058032E+00  1.446073E+00  3.191171E+00  3.564088E-01
  4.800000E+03  1.457671E+01  1.299298E+01  1.107746E-01  6.971617E+01  6.971991E+01 -5.694614E-02  2.235578E-03 -5.694614E-02  6.972470E+01  6.435354E-02  2.235578E-03  6.435354E-02  6.970391E+01  1.055815E+00  1.449323E+00  3.258191E+00  3.901196E-01
  4.850000E+03  1.459991E+01  1.300643E+01  1.132326E-01  6.976390E+01  6.980725E+01 -5.313883E-02 -1.123139E-01 -5.313883E-02  6.977203E+01  4.227107E-02 -1.123139E-01  4.227107E-02  6.971241E+01  1.062324E+00  1.451860E+00  3.275495E+00  2.648626E-01
  4.900000E+03  1.457541E+01  1.298819E+01  1.178682E-01  6.968703E+01  6.965485E+01 -6.868772E-03  1.017665E-02 -6.868772E-03  6.974142E+01 -6.642722E-02  1.017665E-02 -6.642722E-02  6.966483E+01  1.058144E+00  1.460597E+00  3.465320E+00  4.241591E-01
  4.950000E+03  1.458161E+01  1.299091E+01  1.145837E-01  6.973197E+01  6.977304E+01 -3.251757E-02 -5.646723E-02 -3.251757E-02  6.960453E+01 -4.960326E-02 -5.646723E-02 -4.960326E-02  6.981833E+01  1.060466E+00  1.462709E+00  3.350254E+00  2.896135E-01
  5.000000E+03  1.458159E+01  1.299468E+01  1.111822E-01  6.961600E+01  6.965588E+01  4.964955E-02 -3.603503E-03  4.964955E-02  6.960413E+01  7.420662E-02 -3.603503E-03  7.420662E-02  6.958799E+01  1.057939E+00  1.441325E+00  3.343807E+00  4.279744E-01
  5.050000E+03  1.458814E+01  1.298616E+01  1.079856E-01  6.969734E+01  6.968869E+01 -4.755452E-02  4.157868E-02 -4.755452E-02  6.975090E+01  3.293262E-02  4.157868E-02  3.293262E-02  6.965244E+01  1.067984E+00  1.441466E+00  3.045218E+00  3.570660E-01
  5.100000E+03  1.457666E+01  1.299684E+01  1.112898E-01  6.967320E+01  6.968475E+01 -4.268771E-02 -8.253251E-02 -4.268771E-02  6.967306E+01  3.250634E-02 -8.253251E-02  3.250634E-02  6.966178E+01  1.053215E+00  1.457551E+00  3.129060E+00  3.194431E-01
  5.150000E+03  1.458298E+01  1.299048E+01  1.092955E-01  6.969854E+01  6.971782E+01  3.367922E-02 -1.059217E-01  3.367922E-02  6.971092E+01 -8.804959E-03 -1.059217E-01 -8.804959E-03  6.966688E+01  1.061670E+00  1.445204E+00  2.989340E+00  4.180279E-01
  5.200000E+03  1.458402E+01  1.299519E+01  1.129749E-01  6.960858E+01  6.955248E+01 -9.919262E-02  2.508847E-02 -9.919262E-02  6.969058E+01 -1.183028E-02  2.508847E-02 -1.183028E-02  6.958267E+01  1.059221E+00  1.453938E+00  3.269982E+00  4.180830E-01
  5.250000E+03  1.456491E+01  1.298073E+01  1.095145E-01  6.965118E+01  6.977622E+01  1.587386E-02  7.109851E-02  1.587386E-02  6.959143E+01  7.850729E-03  7.109851E-02  7.850729E-03  6.958588E+01  1.056122E+00  1.446298E+00  3.115146E+00  3.330759E-01
  5.300000E+03  1.456975E+01  1.298929E+01  1.134787E-01  6.960499E+01  6.965098E+01 -3.678461E-02  5.640408E-02 -3.678461E-02  6.964075E+01 -3.039912E-02  5.640408E-02 -3.039912E-02  6.952324E+01  1.053642E+00  1.451631E+00  3.108573E+00  4.333632E-01
  5.350000E+03  1.459281E+01  1.300806E+01  1.130646E-01  6.958764E+01  6.950620E+01  3.116721E-02 -1.214634E-01  3.116721E-02  6.959630E+01  1.016357E-01 -1.214634E-01  1.016357E-01  6.966043E+01  1.056500E+00  1.459553E+00  3.318895E+00  4.470063E-01
  5.400000E+03  1.460700E+01  1.300717E+01  1.094065E-01  6.961709E+01  6.958229E+01 -5.481456E-02  6.634571E-02 -5.481456E-02  6.965644E+01 -3.493630E-02  6.634571E-02 -3.493630E-02  6.961255E+01  1.066555E+00  1.441824E+00  3.359258E+00  3.090005E-01
  5.450000E+03  1.457968E+01  1.299861E+01  1.143299E-01  6.955325E+01  6.945468E+01  4.190722E-02  6.764644E-02  4.190722E-02  6.952096E+01 -5.162174E-02  6.764644E-02 -5.162174E-02  6.968410E+01  1.054048E+00  1.455813E+00  3.153443E+00  3.362598E-01
  5.500000E+03  1.456904E+01  1.299128E+01  1.135429E-01  6.969258E+01  6.968702E+01 -1.132833E-01 -3.163185E-02 -1.132833E-01  6.977165E+01 -4.719900E-03 -3.163185E-02 -4.719900E-03  6.961906E+01  1.051841E+00  1.455153E+00  3.311553E+00  4.069954E-01
  5.550000E+03  1.457437E+01  1.299998E+01  1.169506E-01  6.964674E+01  6.955466E+01 -4.217683E-02  3.336588E-03 -4.217683E-02  6.972606E+01 -7.016145E-02  3.336588E-03 -7.016145E-02  6.965950E+01  1.049593E+00  1.470348E+00  3.050421E+00  4.170439E-01
  5.600000E+03  1.458633E+01  1.300447E+01  1.128267E-01  6.957927E+01  6.940594E+01  8.927624E-03  2.057384E-02  8.927624E-03  6.964873E+01 -3.674032E-02  2.057384E-02 -3.674032E-02  6.968313E+01  1.054576E+00  1.455559E+00  3.709797E+00  3.582158E-01
  5.650000E+03  1.458878E+01  1.300049E+01  1.138570E-01  6.972177E+01  6.966078E+01  2.818115E-02 -1.372460E-01  2.818115E-02  6.982256E+01 -1.123343E-01 -1.372460E-01 -1.123343E-01  6.968197E+01  1.058864E+00  1.459146E+00  3.240254E+00  3.488109E-01
  5.700000E+03  1.459235E+01  1.301101E+01  1.121309E-01  6.977634E+01  6.971083E+01  1.350257E-01 -9.789439E-03  1.350257E-01  6.988680E+01 -3.613782E-02 -9.789439E-03 -3.613782E-02  6.973140E+01  1.054223E+00  1.452960E+00  3.089378E+00  3.800724E-01
  5.750000E+03  1.458287E+01  1.299095E+01  1.119345E-01  6.959973E+01  6.951312E+01  4.764415E-03 -7.210058E-02  4.764415E-03  6.967316E+01  7.309779E-02 -7.210058E-02  7.309779E-02  6.961291E+01  1.061278E+00  1.444799E+00  3.477377E+00  3.322096E-01
  5.800000E+03  1.456834E+01  1.300148E+01  1.143915E-01  6.951117E+01  6.960885E+01 -4.772783E-03 -1.420208E-01 -4.772783E-03  6.946782E+01 -4.742138E-02 -1.420208E-01 -4.742138E-02  6.945684E+01  1.044573E+00  1.459005E+00  3.178653E+00  4.276378E-01
  5.850000E+03  1.458336E+01  1.298935E+01  1.090337E-01  6.962573E+01  6.963617E+01 -2.472707E-02 -4.628611E-02 -2.472707E-02  6.956260E+01 -1.362803E-01 -4.628611E-02 -1.362803E-01  6.967841E+01  1.062667E+00  1.445114E+00  3.031330E+00  3.326922E-01
  5.900000E+03  1.457220E+01  1.298691E+01  1.120615E-01  6.966756E+01  6.967043E+01  4.411629E-02  1.687252E-02  4.411629E-02  6.965873E+01  7.791216E-03  1.687252E-02  7.791216E-03  6.967353E+01  1.056860E+00  1.449766E+00  3.328955E+00  3.561635E-01
  5.950000E+03  1.455308E+01  1.298487E+01  1.102670E-01  6.958427E+01  6.970567E+01  1.762646E-02  5.735643E-02  1.762646E-02  6.960872E+01  1.368093E-01  5.735643E-02  1.368093E-01  6.943843E+01  1.045476E+00  1.440622E+00  3.189210E+00  4.446580E-01
  6.000000E+03  1.457685E+01  1.299359E+01  1.087457E-01  6.960466E+01  6.971067E+01 -1.977223E-02  4.999554E-03 -1.977223E-02  6.952343E+01 -1.215814E-01  4.999554E-03 -1.215814E-01  6.957990E+01  1.055508E+00  1.447152E+00  3.261473E+00  4.378132E-01
  6.050000E+03  1.457438E+01  1.298926E+01  1.137008E-01  6.964149E+01  6.969629E+01  2.102845E-02 -9.576108E-02  2.102845E-02  6.959438E+01  3.656475E-02 -9.576108E-02  3.656475E-02  6.963380E+01  1.056746E+00  1.451087E+00  3.159697E+00  4.227444E-01
  6.100000E+03  1.456460E+01  1.298132E+01  1.084880E-01  6.970403E+01  6.964722E+01  2.808443E-02  1.062935E-02  2.808443E-02  6.977527E+01 -3.535243E-02  1.062935E-02 -3.535243E-02  6.968960E+01  1.055523E+00  1.445162E+00  3.261513E+00  3.539867E-01
  6.150000E+03  1.458963E+01  1.300381E+01  1.095208E-01  6.961953E+01  6.964757E+01  5.095882E-02 -1.848151E-02  5.095882E-02  6.962115E+01 -3.881643E-02 -1.848151E-02 -3.881643E-02  6.958987E+01  1.057214E+00  1.445072E+00  3.225454E+00  3.985858E-01
  6.200000E+03  1.458259E+01  1.299458E+01  1.039123E-01  6.970985E+01  6.969510E+01 -9.603351E-03  1.114303E-02 -9.603351E-03  6.975203E+01  6.832268E-02  1.114303E-02  6.832268E-02  6.968242E+01  1.058674E+00  1.427772E+00  3.219541E+00  4.305013E-01
  6.250000E+03  1.459228E+01  1.300939E+01  1.125012E-01  6.952783E+01  6.954073E+01  2.989833E-02 -4.678452E-03  2.989833E-02  6.955523E+01  4.598180E-02 -4.678452E-03  4.598180E-02  6.948752E+01  1.055259E+00  1.459178E+00  2.950488E+00  4.355291E-01
  6.300000E+03  1.457022E+01  1.298938E+01  1.112438E-01  6.962043E+01  6.966919E+01 -3.869635E-02 -7.802961E-02 -3.869635E-02  6.952660E+01 -9.584022E-02 -7.802961E-02 -9.584022E-02  6.966549E+01  1.053893E+00  1.444018E+00  3.225272E+00  3.850698E-01
  6.350000E+03  1.455449E+01  1.298969E+01  1.176647E-01  6.963727E+01  6.978120E+01  3.306562E-02  3.592072E-02  3.306562E-02  6.950586E+01 -1.200816E-02  3.592072E-02 -1.200816E-02  6.962474E+01  1.043199E+00  1.464796E+00  2.953302E+00  4.021932E-01
  6.400000E+03  1.458875E+01  1.300915E+01  1.093896E-01  6.960514E+01  6.968109E+01 -4.407787E-02 -2.953810E-02 -4.407787E-02  6.963768E+01 -7.394489E-02 -2.953810E-02 -7.394489E-02  6.949665E+01  1.053064E+00  1.441389E+00  3.315285E+00  2.803960E-01
  6.450000E+03  1.457681E+01  1.298858E+01  1.142130E-01  6.966573E+01  6.966625E+01  2.021428E-02 -7.951895E-03  2.021428E-02  6.959010E+01  3.181469E-03 -7.951895E-03  3.181469E-03  6.974084E+01  1.058821E+00  1.449168E+00  3.234818E+00  3.716047E-01
  6.500000E+03  1.457793E+01  1.299336E+01  1.106420E-01  6.965481E+01  6.973182E+01  1.749922E-02 -5.328984E-02  1.749922E-02  6.971106E+01  5.621482E-02 -5.328984E-02  5.621482E-02  6.952156E+01  1.056377E+00  1.445876E+00  3.339294E+00  3.662835E-01
  6.550000E+03  1.457133E+01  1.300117E+01  1.119964E-01  6.967965E+01  6.971032E+01  1.453328E-03  8.681705E-03  1.453328E-03  6.967434E+01  1.049848E-01  8.681705E-03  1.049848E-01  6.965429E+01  1.046773E+00  1.449993E+00  3.204943E+00  3.557695E-01
  6.600000E+03  1.459359E+01  1.299811E+01  1.086288E-01  6.957505E+01  6.952833E+01  4.550335E-02 -7.241613E-02  4.550335E-02  6.956347E+01  9.354584E-02 -7.241613E-02  9.354584E-02  6.963335E+01  1.063655E+00  1.445199E+00  3.336678E+00  2.653436E-01
  6.650000E+03  1.458786E+01  1.299287E+01  1.114500E-01  6.972235E+01  6.966960E+01  2.405269E-02 -3.415868E-02  2.405269E-02  6.986463E+01 -2.980740E-02 -3.415868E-02 -2.980740E-02  6.963281E+01  1.063327E+00  1.452611E+00  3.093707E+00  3.306379E-01
  6.700000E+03  1.457266E+01  1.299341E+01  1.101932E-01  6.966069E+01  6.979605E+01 -9.344958E-03 -1.104301E-01 -9.344958E-03  6.963816E+01  1.890331E-02 -1.104301E-01  1.890331E-02  6.954785E+01  1.052839E+00  1.444646E+00  2.989783E+00  2.717570E-01
  6.750000E+03  1.458209E+01  1.299418E+01  1.101465E-01  6.965539E+01  6.958011E+01 -4.760904E-02  9.331439E-03 -4.760904E-02  6.969270E+01  2.712216E-02  9.331439E-03  2.712216E-02  6.969335E+01  1.058604E+00  1.443516E+00  3.066248E+00  3.383228E-01
  6.800000E+03  1.458093E+01  1.299393E+01  1.089363E-01  6.974864E+01  6.980686E+01  5.921725E-03 -1.341851E-04  5.921725E-03  6.981993E+01  4.849504E-02 -1.341851E-04  4.849504E-02  6.961914E+01  1.058001E+00  1.438758E+00  3.041854E+00  3.043909E-01
  6.850000E+03  1.457475E+01  1.299716E+01  1.108085E-01  6.968123E+01  6.981467E+01 -3.760871E-02 -5.952412E-02 -3.760871E-02  6.965590E+01  1.123429E-02 -5.952412E-02  1.123429E-02  6.957311E+01  1.051727E+00  1.447527E+00  3.229973E+00  2.785655E-01
  6.900000E+03  1.459604E+01  1.299467E+01  1.117631E-01  6.971181E+01  6.975702E+01  1.022258E-01  1.835058E-02  1.022258E-01  6.984150E+01  8.358611E-02  1.835058E-02  8.358611E-02  6.953691E+01  1.067577E+00  1.453838E+00  2.929024E+00  4.062502E-01
  6.950000E+03  1.458509E+01  1.300387E+01  1.089442E-01  6.967185E+01  6.963670E+01  4.355026E-02  3.301978E-02  4.355026E-02  6.965378E+01 -1.121998E-01  3.301978E-02 -1.121998E-01  6.972507E+01  1.054140E+00  1.440036E+00  3.171144E+00  4.225786E-01
  7.000000E+03  1.456678E+01  1.298869E+01  1.091667E-01  6.957186E+01  6.968073E+01  6.882520E-02  6.289421E-02  6.882520E-02  6.955138E+01  8.124393E-02  6.289421E-02  8.124393E-02  6.948347E+01  1.052063E+00  1.443956E+00  3.095529E+00  3.543414E-01
  7.050000E+03  1.458131E+01  1.300989E+01  1.140392E-01  6.945211E+01  6.947163E+01 -5.928605E-02 -1.423594E-02 -5.928605E-02  6.940504E+01  2.823729E-03 -1.423594E-02  2.823729E-03  6.947966E+01  1.047608E+00  1.456524E+00  3.365472E+00  4.204806E-01
  7.100000E+03  1.459054E+01  1.300252E+01  1.100351E-01  6.969387E+01  6.977665E+01  3.342771E-02 -5.858114E-02  3.342771E-02  6.960358E+01 -2.660473E-02 -5.858114E-02 -2.660473E-02  6.970137E+01  1.058678E+00  1.451807E+00  3.292953E+00  5.012271E-01
  7.150000E+03  1.457068E+01  1.298982E+01  1.129599E-01  6.974041E+01  6.973717E+01 -3.403236E-02 -5.342901E-02 -3.403236E-02  6.979204E+01  4.763741E-02 -5.342901E-02  4.763741E-02  6.969201E+01  1.053907E+00  1.450530E+00  3.101958E+00  4.554391E-01
  7.200000E+03  1.457555E+01  1.300246E+01  1.121470E-01  6.964718E+01  6.971500E+01 -6.557292E-02  8.272920E-03 -6.557292E-02  6.960646E+01 -1.027122E-02  8.272920E-03 -1.027122E-02  6.962008E+01  1.048722E+00  1.453156E+00  3.199323E+00  4.061515E-01
  7.250000E+03  1.455901E+01  1.298654E+01  1.137899E-01  6.969299E+01  6.962073E+01  2.177647E-02 -7.282214E-03  2.177647E-02  6.981797E+01 -4.148397E-02 -7.282214E-03 -4.148397E-02  6.964027E+01  1.048316E+00  1.453121E+00  3.143038E+00  3.153332E-01
  7.300000E+03  1.456832E+01  1.299097E+01  1.108056E-01  6.961991E+01  6.973720E+01 -2.453303E-02  4.994229E-02 -2.453303E-02  6.955242E+01 -4.881158E-02  4.994229E-02 -4.881158E-02  6.957010E+01  1.051566E+00  1.449821E+00  3.269592E+00  3.451961E-01
  7.350000E+03  1.456758E+01  1.298924E+01  1.089318E-01  6.971551E+01  6.971063E+01 -8.517458E-03 -6.328326E-02 -8.517458E-03  6.974556E+01 -4.220732E-03 -6.328326E-02 -4.220732E-03  6.969035E+01  1.052233E+00  1.442042E+00  3.251036E+00  4.414443E-01
  7.400000E+03  1.460669E+01  1.302082E+01  1.125299E-01  6.969434E+01  6.979118E+01 -1.504357E-02 -2.566709E-02 -1.504357E-02  6.959395E+01 -1.080824E-01 -2.566709E-02 -1.080824E-01  6.969788E+01  1.057246E+00  1.442269E+00  3.310663E+00  4.282262E-01
  7.450000E+03  1.459797E+01  1.301073E+01  1.102502E-01  6.963065E+01  6.956367E+01  2.855344E-02  1.333132E-01  2.855344E-02  6.972353E+01 -6.230493E-02  1.333132E-01 -6.230493E-02  6.960474E+01  1.058162E+00  1.447853E+00  3.368370E+00  3.146152E-01
  7.500000E+03  1.456452E+01  1.299521E+01  1.089490E-01  6.963128E+01  6.955471E+01  5.582647E-02 -3.226991E-02  5.582647E-02  6.972278E+01  8.304371E-03 -3.226991E-02  8.304371E-03  6.961636E+01  1.046209E+00  1.439823E+00  3.003923E+00  4.072139E-01
  7.550000E+03  1.457846E+01  1.299942E+01  1.147267E-01  6.960890E+01  6.970330E+01  3.889873E-02  2.049263E-02  3.889873E-02  6.959304E+01  4.790975E-03  2.049263E-02  4.790975E-03  6.953036E+01  1.052698E+00  1.461920E+00  3.350285E+00  4.198760E-01
  7.600000E+03  1.458758E+01  1.299527E+01  1.085377E-01  6.966602E+01  6.957030E+01 -4.717637E-02  2.295183E-02 -4.717637E-02  6.981988E+01  3.419683E-02  2.295183E-02  3.419683E-02  6.960789E+01  1.061541E+00  1.441080E+00  3.300268E+00  3.953727E-01
  7.650000E+03  1.458985E+01  1.299166E+01  1.120919E-01  6.966613E+01  6.975858E+01 -5.726588E-02  1.279992E-01 -5.726588E-02  6.967478E+01  6.430892E-02  1.279992E-01  6.430892E-02  6.956503E+01  1.065464E+00  1.449630E+00  3.038781E+00  4.157600E-01
  7.700000E+03  1.454941E+01  1.297719E+01  1.103604E-01  6.970496E+01  6.978476E+01 -8.057025E-03  6.094369E-03 -8.057025E-03  6.967534E+01 -2.773042E-02  6.094369E-03 -2.773042E-02  6.965477E+01  1.048151E+00  1.444466E+00  3.208837E+00  4.739232E-01
  7.750000E+03  1.460002E+01  1.301238E+01  1.110530E-01  6.960265E+01  6.960342E+01 -2.015946E-02 -3.912133E-02 -2.015946E-02  6.963070E+01 -6.669713E-02 -3.912133E-02 -6.669713E-02  6.957384E+01  1.058426E+00  1.455594E+00  3.204127E+00  3.732032E-01
  7.800000E+03  1.458344E+01  1.299405E+01  1.124379E-01  6.960769E+01  6.953359E+01  8.522918E-02  9.659051E-03  8.522918E-02  6.966462E+01  1.167361E-01  9.659051E-03  1.167361E-01  6.962487E+01  1.059595E+00  1.451897E+00  3.322268E+00  3.288226E-01
  7.850000E+03  1.459072E+01  1.299478E+01  1.137351E-01  6.969198E+01  6.966423E+01  4.108560E-04 -3.375268E-02  4.108560E-04  6.979908E+01 -3.718323E-02 -3.375268E-02 -3.718323E-02  6.961262E+01  1.063964E+00  1.457035E+00  3.261694E+00  3.754946E-01
  7.900000E+03  1.458660E+01  1.299680E+01  1.112602E-01  6.964693E+01  6.963813E+01 -6.913137E-02  4.030093E-02 -6.913137E-02  6.972578E+01 -4.345406E-02  4.030093E-02 -4.345406E-02  6.957686E+01  1.059868E+00  1.452030E+00  3.339774E+00  4.196862E-01
  7.950000E+03  1.457644E+01  1.299629E+01  1.149033E-01  6.963475E+01  6.959964E+01 -1.756839E-02  6.195586E-02 -1.756839E-02  6.963774E+01 -3.627514E-02  6.195586E-02 -3.627514E-02  6.966687E+01  1.053437E+00  1.457837E+00  3.337275E+00  3.848593E-01
  8.000000E+03  1.460436E+01  1.300853E+01  1.100317E-01  6.971451E+01  6.972526E+01 -8.993238E-02 -2.297315E-02 -8.993238E-02  6.978724E+01 -5.532003E-02 -2.297315E-02 -5.532003E-02  6.963104E+01  1.063891E+00  1.448903E+00  3.178232E+00  3.045122E-01
  8.050000E+03  1.459182E+01  1.299936E+01  1.129240E-01  6.966970E+01  6.966494E+01 -7.549794E-03 -9.859028E-02 -7.549794E-03  6.977514E+01 -1.381290E-02 -9.859028E-02 -1.381290E-02  6.956901E+01  1.061638E+00  1.450869E+00  3.064210E+00  4.315304E-01
  8.100000E+03  1.457806E+01  1.298402E+01  1.128655E-01  6.960811E+01  6.955951E+01  3.828275E-02 -2.497758E-02  3.828275E-02  6.961121E+01 -5.155594E-02 -2.497758E-02 -5.155594E-02  6.965360E+01  1.062697E+00  1.453618E+00  3.363040E+00  3.569094E-01
  8.150000E+03  1.457441E+01  1.299202E+01  1.087690E-01  6.967041E+01  6.966654E+01 -1.225710E-01 -6.536530E-02 -1.225710E-01  6.962929E+01 -1.633232E-02 -6.536530E-02 -1.633232E-02  6.971538E+01  1.054928E+00  1.439076E+00  3.178385E+00  4.133480E-01
  8.200000E+03  1.458861E+01  1.299486E+01  1.158498E-01  6.958687E+01  6.959220E+01  2.637386E-02 -1.742283E-03  2.637386E-02  6.960705E+01  1.176968E-01 -1.742283E-03  1.176968E-01  6.956136E+01  1.062504E+00  1.454481E+00  3.112175E+00  4.413327E-01
  8.250000E+03  1.459667E+01  1.301442E+01  1.095414E-01  6.975404E+01  6.979433E+01  3.589082E-02 -6.045559E-02  3.589082E-02  6.986706E+01  9.055564E-03 -6.045559E-02  9.055564E-03  6.960075E+01  1.054836E+00  1.435241E+00  3.672410E+00  2.693605E-01
  8.300000E+03  1.456973E+01  1.298126E+01  1.077331E-01  6.967932E+01  6.969819E+01  3.289471E-02  1.285881E-01  3.289471E-02  6.974400E+01 -7.572951E-02  1.285881E-01 -7.572951E-02  6.959578E+01  1.058978E+00  1.439615E+00  2.984800E+00  4.401933E-01
  8.350000E+03  1.457864E+01  1.300091E+01  1.119132E-01  6.956367E+01  6.964888E+01 -6.085765E-02 -5.054105E-02 -6.085765E-02  6.955866E+01 -1.556004E-02 -5.054105E-02 -1.556004E-02  6.948346E+01  1.051821E+00  1.447296E+00  3.514187E+00  3.438068E-01
  8.400000E+03  1.458254E+01  1.299720E+01  1.162346E-01  6.959081E+01  6.968579E+01 -1.966803E-02 -6.804874E-02 -1.966803E-02  6.954225E+01 -5.744948E-02 -6.804874E-02 -5.744948E-02  6.954438E+01  1.056893E+00  1.468185E+00  3.259901E+00  4.477278E-01
  8.450000E+03  1.455435E+01  1.298053E+01  1.094904E-01  6.969465E+01  6.972040E+01 -6.541991E-02  7.323380E-02 -6.541991E-02  6.975797E+01  9.699216E-02  7.323380E-02  9.699216E-02  6.960558E+01  1.049212E+00  1.445184E+00  3.032558E+00  3.466793E-01
  8.500000E+03  1.457889E+01  1.299068E+01  1.124691E-01  6.976770E+01  6.988199E+01  6.353382E-02 -1.174342E-02  6.353382E-02  6.976711E+01 -4.824814E-02 -1.174342E-02 -4.824814E-02  6.965399E+01  1.058809E+00  1.452379E+00  3.178825E+00  3.487969E-01
  8.550000E+03  1.458826E+01  1.300755E+01  1.146013E-01  6.966232E+01  6.959016E+01 -5.937819E-02 -6.495852E-02 -5.937819E-02  6.976015E+01  8.767126E-03 -6.495852E-02  8.767126E-03  6.963664E+01  1.053807E+00  1.459034E+00  3.039087E+00  4.449050E-01
  8.600000E+03  1.457977E+01  1.299522E+01  1.134335E-01  6.964051E+01  6.962880E+01 -5.966986E-02 -1.092598E-01 -5.966986E-02  6.962959E+01 -2.284459E-02 -1.092598E-01 -2.284459E-02  6.966316E+01  1.056365E+00  1.450681E+00  3.198794E+00  4.309138E-01
  8.650000E+03  1.458656E+01  1.300379E+01  1.112723E-01  6.966147E+01  6.954271E+01 -3.330503E-02  4.844456E-03 -3.330503E-02  6.982772E+01 -6.159567E-03  4.844456E-03 -6.159567E-03  6.961396E+01  1.055177E+00  1.446277E+00  3.049330E+00  5.077090E-01
  8.700000E+03  1.457278E+01  1.298984E+01  1.112313E-01  6.971119E+01  6.963853E+01  3.720266E-02  4.713254E-02  3.720266E-02  6.972952E+01 -1.675187E-01  4.713254E-02 -1.675187E-01  6.976553E+01  1.055295E+00  1.452890E+00  2.948110E+00  4.221158E-01
  8.750000E+03  1.457310E+01  1.299265E+01  1.138296E-01  6.970099E+01  6.978031E+01  1.918600E-02 -2.845644E-02  1.918600E-02  6.968049E+01 -3.392399E-03 -2.845644E-02 -3.392399E-03  6.964218E+01  1.053636E+00  1.459178E+00  3.164054E+00  3.633923E-01
  8.800000E+03  1.459896E+01  1.300905E+01  1.150365E-01  6.968760E+01  6.965215E+01  5.230204E-02  8.305750E-02  5.230204E-02  6.968031E+01 -3.458204E-02  8.305750E-02 -3.458204E-02  6.973034E+01  1.059935E+00  1.462008E+00  2.947844E+00  4.484823E-01
  8.850000E+03  1.458378E+01  1.299978E+01  1.097140E-01  6.972332E+01  6.962290E+01  3.195440E-02  1.054820E-01  3.195440E-02  6.979595E+01 -6.816424E-02  1.054820E-01 -6.816424E-02  6.975109E+01  1.055996E+00  1.441386E+00  3.150859E+00  4.135893E-01
  8.900000E+03  1.459327E+01  1.299703E+01  1.093557E-01  6.961181E+01  6.971959E+01  5.094327E-03 -1.739118E-02  5.094327E-03  6.952048E+01 -7.207634E-02 -1.739118E-02 -7.207634E-02  6.959535E+01  1.064165E+00  1.447571E+00  3.585913E+00  4.815877E-01
  8.950000E+03  1.457197E+01  1.299033E+01  1.089235E-01  6.963886E+01  6.963836E+01  7.033392E-03 -8.580729E-02  7.033392E-03  6.959866E+01  5.600630E-02 -8.580729E-02  5.600630E-02  6.967955E+01  1.054427E+00  1.442275E+00  3.057575E+00  4.230059E-01
  9.000000E+03  1.457177E+01  1.299806E+01  1.132636E-01  6.962754E+01  6.963114E+01  5.581465E-02 -6.143560E-02  5.581465E-02  6.958243E+01  3.370750E-02 -6.143560E-02  3.370750E-02  6.966906E+01  1.049140E+00  1.460593E+00  3.216235E+00  4.096836E-01
  9.050000E+03  1.457504E+01  1.299168E+01  1.141045E-01  6.960431E+01  6.962518E+01  8.278881E-02 -5.766479E-02  8.278881E-02  6.968904E+01  8.269176E-02 -5.766479E-02  8.269176E-02  6.949870E+01  1.055572E+00  1.451707E+00  3.184036E+00  3.870649E-01
  9.100000E+03  1.457050E+01  1.298734E+01  1.096832E-01  6.954551E+01  6.959293E+01 -6.323198E-02  2.004340E-02 -6.323198E-02  6.961383E+01  4.456726E-03  2.004340E-02  4.456726E-03  6.942976E+01  1.055442E+00  1.440196E+00  3.301912E+00  4.263808E-01
  9.150000E+03  1.457559E+01  1.299921E+01  1.124422E-01  6.961400E+01  6.964787E+01  1.752130E-02 -1.046349E-01  1.752130E-02  6.966614E+01 -6.236831E-02 -1.046349E-01 -6.236831E-02  6.952801E+01  1.050920E+00  1.447630E+00  3.086437E+00  2.828836E-01
  9.200000E+03  1.456862E+01  1.298855E+01  1.099346E-01  6.953401E+01  6.956329E+01 -3.994291E-02  3.178727E-02 -3.994291E-02  6.953683E+01 -3.166002E-02  3.178727E-02 -3.166002E-02  6.950191E+01  1.053383E+00  1.443668E+00  3.275280E+00  3.588007E-01
  9.250000E+03  1.456871E+01  1.299322E+01  1.141186E-01  6.958315E+01  6.955087E+01  9.624555E-03  6.558010E-02  9.624555E-03  6.967417E+01 -8.868480E-02  6.558010E-02 -8.868480E-02  6.952440E+01  1.050327E+00  1.457651E+00  3.387430E+00  3.185442E-01
  9.300000E+03  1.456766E+01  1.298108E+01  1.071834E-01  6.961354E+01  6.964312E+01 -3.693631E-02 -4.777469E-02 -3.693631E-02  6.967617E+01  3.916710E-02 -4.777469E-02  3.916710E-02  6.952133E+01  1.057718E+00  1.434536E+00  3.025963E+00  4.153965E-01
  9.350000E+03  1.460218E+01  1.301479E+01  1.150147E-01  6.972523E+01  6.966686E+01  5.301908E-02 -6.513571E-02  5.301908E-02  6.982284E+01 -1.204640E-01 -6.513571E-02 -1.204640E-01  6.968599E+01  1.058257E+00  1.457755E+00  3.072076E+00  3.998590E-01
  9.400000E+03  1.458857E+01  1.299590E+01  1.119002E-01  6.973827E+01  6.993608E+01  1.768760E-02 -5.782568E-03  1.768760E-02  6.964039E+01  2.687521E-03 -5.782568E-03  2.687521E-03  6.963833E+01  1.061781E+00  1.452816E+00  3.291048E+00  4.130731E-01
  9.450000E+03  1.457685E+01  1.298567E+01  1.106591E-01  6.973173E+01  6.971188E+01 -8.099346E-02 -2.476073E-03 -8.099346E-02  6.980613E+01 -3.235429E-02 -2.476073E-03 -3.235429E-02  6.967717E+01  1.060784E+00  1.446926E+00  2.928675E+00  4.023784E-01
  9.500000E+03  1.459244E+01  1.299660E+01  1.139250E-01  6.957379E+01  6.963512E+01 -4.693720E-04  1.006230E-01 -4.693720E-04  6.956402E+01 -8.710917E-02  1.006230E-01 -8.710917E-02  6.952223E+01  1.063891E+00  1.458052E+00  3.625157E+00  3.092421E-01
  9.550000E+03  1.458924E+01  1.299974E+01  1.088232E-01  6.967937E+01  6.966252E+01  4.647932E-02 -3.783942E-02  4.647932E-02  6.967041E+01 -1.513087E-02 -3.783942E-02 -1.513087E-02  6.970517E+01  1.059667E+00  1.450072E+00  3.111675E+00  4.129190E-01
  9.600000E+03  1.455883E+01  1.297799E+01  1.102797E-01  6.972164E+01  6.983867E+01 -8.434736E-02 -1.936798E-02 -8.434736E-02  6.969031E+01  6.337123E-02 -1.936798E-02  6.337123E-02  6.963593E+01  1.053895E+00  1.449591E+00  3.208615E+00  3.196944E-01
  9.650000E+03  1.461977E+01  1.301503E+01  1.167968E-01  6.972655E+01  6.963205E+01  4.428126E-02 -3.409655E-02  4.428126E-02  6.975913E+01  5.773626E-02 -3.409655E-02  5.773626E-02  6.978848E+01  1.069827E+00  1.459522E+00  3.002817E+00  3.800301E-01
  9.700000E+03  1.458610E+01  1.300462E+01  1.114137E-01  6.967113E+01  6.972225E+01  1.853873E-02  5.309566E-02  1.853873E-02  6.977872E+01 -6.738572E-02  5.309566E-02 -6.738572E-02  6.951241E+01  1.054318E+00  1.451761E+00  3.361377E+00  4.029014E-01
  9.750000E+03  1.458287E+01  1.300638E+01  1.101050E-01  6.975953E+01  6.975940E+01  1.735246E-02  6.329012E-02  1.735246E-02  6.975598E+01  3.137578E-02  6.329012E-02  3.137578E-02  6.976320E+01  1.050989E+00  1.445436E+00  3.216294E+00  4.382064E-01
  9.800000E+03  1.458375E+01  1.300243E+01  1.129013E-01  6.962020E+01  6.954484E+01  4.477448E-02 -2.385431E-02  4.477448E-02  6.961177E+01 -3.545760E-02 -2.385431E-02 -3.545760E-02  6.970398E+01  1.054212E+00  1.455281E+00  3.484013E+00  4.494212E-01
  9.850000E+03  1.457549E+01  1.299755E+01  1.148930E-01  6.959180E+01  6.959246E+01  1.507243E-01 -2.801534E-03  1.507243E-01  6.963202E+01 -4.440797E-02 -2.801534E-03 -4.440797E-02  6.955092E+01  1.051961E+00  1.458869E+00  3.162314E+00  3.901897E-01
  9.900000E+03  1.456505E+01  1.298502E+01  1.110824E-01  6.960432E+01  6.958843E+01 -2.881130E-02 -1.941241E-02 -2.881130E-02  6.961085E+01 -6.634960E-02 -1.941241E-02 -6.634960E-02  6.961369E+01  1.053353E+00  1.448577E+00  3.190577E+00  4.549203E-01
  9.950000E+03  1.460526E+01  1.300799E+01  1.114937E-01  6.969470E+01  6.978852E+01  6.133541E-03  1.113290E-03  6.133541E-03  6.963483E+01  8.640448E-02  1.113290E-03  8.640448E-02  6.966074E+01  1.064851E+00  1.460621E+00  2.848399E+00  3.012422E-01
  1.000000E+04  1.459895E+01  1.300357E+01  1.127934E-01  6.963202E+01  6.966551E+01  1.373606E-02  9.961770E-02  1.373606E-02  6.967616E+01  5.574401E-02  9.961770E-02  5.574401E-02  6.955438E+01  1.063586E+00  1.463025E+00  2.987117E+00  4.654554E-01
  1.005000E+04  1.458728E+01  1.300041E+01  1.124343E-01  6.970865E+01  6.972789E+01  1.708046E-02 -4.931754E-02  1.708046E-02  6.964798E+01  1.187440E-01 -4.931754E-02  1.187440E-01  6.975008E+01  1.057914E+00  1.449115E+00  3.319399E+00  4.715521E-01
  1.010000E+04  1.457560E+01  1.299772E+01  1.129164E-01  6.959960E+01  6.954440E+01  2.985321E-02 -1.571108E-01  2.985321E-02  6.962695E+01  9.904504E-03 -1.571108E-01  9.904504E-03  6.962745E+01  1.051917E+00  1.456180E+00  3.200822E+00  4.348051E-01
  1.015000E+04  1.457298E+01  1.298393E+01  1.166315E-01  6.963313E+01  6.960215E+01 -7.241347E-02  9.506162E-02 -7.241347E-02  6.971370E+01 -4.532909E-02  9.506162E-02 -4.532909E-02  6.958352E+01  1.059368E+00  1.459089E+00  3.267581E+00  3.561260E-01
  1.020000E+04  1.457598E+01  1.299528E+01  1.100470E-01  6.960071E+01  6.969563E+01  4.721688E-02 -1.814864E-02  4.721688E-02  6.951908E+01  4.594764E-02 -1.814864E-02  4.594764E-02  6.958744E+01  1.053801E+00  1.441772E+00  3.503783E+00  4.622408E-01
  1.025000E+04  1.458229E+01  1.300635E+01  1.095626E-01  6.958655E+01  6.945864E+01  3.317157E-02 -1.133123E-01  3.317157E-02  6.964477E+01 -1.695267E-03 -1.133123E-01 -1.695267E-03  6.965623E+01  1.050629E+00  1.446451E+00  3.353145E+00  3.973486E-01
  1.030000E+04  1.459782E+01  1.300977E+01  1.175217E-01  6.972203E+01  6.967966E+01 -2.409466E-02 -6.156807E-02 -2.409466E-02  6.985284E+01  7.643532E-02 -6.156807E-02  7.643532E-02  6.963359E+01  1.058701E+00  1.470033E+00  3.226741E+00  4.484677E-01
  1.035000E+04  1.458406E+01  1.300306E+01  1.148501E-01  6.958416E+01  6.962457E+01  5.174876E-02  5.985598E-02  5.174876E-02  6.950090E+01 -5.898051E-02  5.985598E-02 -5.898051E-02  6.962702E+01  1.053999E+00  1.459468E+00  3.163363E+00  3.382931E-01
  1.040000E+04  1.458995E+01  1.299815E+01  1.108769E-01  6.962108E+01  6.976927E+01 -3.222944E-02 -3.901657E-02 -3.222944E-02  6.956913E+01 -9.171463E-02 -3.901657E-02 -9.171463E-02  6.952483E+01  1.061200E+00  1.449656E+00  3.153842E+00  4.131007E-01
  1.045000E+04  1.457693E+01  1.298985E+01  1.093238E-01  6.964738E+01  6.955501E+01 -1.451266E-02 -1.532978E-03 -1.451266E-02  6.972675E+01 -1.002918E-01 -1.532978E-03 -1.002918E-01  6.966039E+01  1.058055E+00  1.447403E+00  3.351138E+00  3.356537E-01
  1.050000E+04  1.459244E+01  1.300767E+01  1.133194E-01  6.956955E+01  6.963540E+01 -8.221551E-03 -4.481472E-03 -8.221551E-03  6.954743E+01 -8.781265E-02 -4.481472E-03 -8.781265E-02  6.952583E+01  1.056513E+00  1.456033E+00  3.082872E+00  4.700694E-01
  1.055000E+04  1.457180E+01  1.298427E+01  1.115236E-01  6.962025E+01  6.962424E+01  1.594328E-02  2.341376E-02  1.594328E-02  6.964600E+01  3.813056E-02  2.341376E-02  3.813056E-02  6.959050E+01  1.058352E+00  1.450261E+00  3.100171E+00  4.245024E-01
  1.060000E+04  1.457289E+01  1.299834E+01  1.110188E-01  6.963702E+01  6.967640E+01 -4.288798E-02  3.709301E-02 -4.288798E-02  6.972981E+01  4.089523E-02  3.709301E-02  4.089523E-02  6.950484E+01  1.049700E+00  1.448846E+00  3.045289E+00  3.876124E-01
  1.065000E+04  1.456820E+01  1.299194E+01  1.141666E-01  6.961515E+01  6.962516E+01 -7.804510E-02  5.169622E-02 -7.804510E-02  6.972271E+01 -4.712543E-02  5.169622E-02 -4.712543E-02  6.949759E+01  1.050839E+00  1.454309E+00  3.118551E+00  2.834378E-01
  1.070000E+04  1.457797E+01  1.298868E+01  1.089381E-01  6.964917E+01  6.967242E+01  6.808401E-03 -6.165046E-02  6.808401E-03  6.967471E+01  2.127034E-02 -6.165046E-02  2.127034E-02  6.960037E+01  1.059527E+00  1.442262E+00  2.873834E+00  3.171169E-01
  1.075000E+04  1.459755E+01  1.300321E+01  1.117684E-01  6.956987E+01  6.952165E+01 -2.071189E-05 -1.483898E-01 -2.071189E-05  6.955584E+01  4.888574E-02 -1.483898E-01  4.888574E-02  6.963212E+01  1.062895E+00  1.451848E+00  3.295095E+00  3.100105E-01
  1.080000E+04  1.458265E+01  1.300314E+01  1.143842E-01  6.960069E+01  6.964487E+01  4.127460E-02  2.602015E-02  4.127460E-02  6.960773E+01  1.884767E-02  2.602015E-02  1.884767E-02  6.954948E+01  1.053008E+00  1.458362E+00  3.435074E+00  4.400942E-01
  1.085000E+04  1.456118E+01  1.298941E+01  1.105774E-01  6.976432E+01  6.987232E+01  2.531497E-02 -2.862679E-02  2.531497E-02  6.973193E+01 -6.839296E-02 -2.862679E-02 -6.839296E-02  6.968871E+01  1.047849E+00  1.447784E+00  2.991634E+00  4.223270E-01
  1.090000E+04  1.457183E+01  1.299428E+01  1.093304E-01  6.966531E+01  6.973587E+01  7.172667E-02  4.912023E-02  7.172667E-02  6.975386E+01  1.438378E-02  4.912023E-02  1.438378E-02  6.950620E+01  1.051697E+00  1.450292E+00  3.067054E+00  3.030451E-01
  1.095000E+04  1.458823E+01  1.299430E+01  1.115205E-01  6.973369E+01  6.960902E+01 -6.439193E-02  3.506391E-02 -6.439193E-02  6.980163E+01  1.822540E-02  3.506391E-02  1.822540E-02  6.979043E+01  1.062622E+00  1.451279E+00  3.155885E+00  3.874957E-01
  1.100000E+04  1.457675E+01  1.299270E+01  1.138786E-01  6.955673E+01  6.957965E+01 -1.138246E-02  8.011692E-04 -1.138246E-02  6.961796E+01  1.138757E-02  8.011692E-04  1.138757E-02  6.947258E+01  1.056035E+00  1.456132E+00  3.311454E+00  3.154116E-01
  1.105000E+04  1.456264E+01  1.297653E+01  1.097459E-01  6.969401E+01  6.979821E+01  1.007934E-02 -3.551460E-02  1.007934E-02  6.956448E+01  2.934738E-02 -3.551460E-02  2.934738E-02  6.971934E+01  1.057406E+00  1.442953E+00  3.124129E+00  3.180705E-01
  1.110000E+04  1.456180E+01  1.298760E+01  1.133583E-01  6.968095E+01  6.948815E+01 -2.847764E-02  4.330275E-02 -2.847764E-02  6.977209E+01  6.312230E-02  4.330275E-02  6.312230E-02  6.978260E+01  1.049466E+00  1.458604E+00  3.716316E+00  3.666824E-01
  1.115000E+04  1.458900E+01  1.299223E+01  1.126115E-01  6.958445E+01  6.964070E+01 -4.005432E-02 -1.828785E-02 -4.005432E-02  6.948791E+01 -1.739122E-02 -1.828785E-02 -1.739122E-02  6.962473E+01  1.064510E+00  1.457256E+00  3.190162E+00  3.714443E-01
  1.120000E+04  1.456971E+01  1.299180E+01  1.112008E-01  6.958349E+01  6.961172E+01  6.335046E-02 -8.070940E-02  6.335046E-02  6.964182E+01 -3.395532E-03 -8.070940E-02 -3.395532E-03  6.949693E+01  1.051938E+00  1.450114E+00  3.388221E+00  4.414167E-01
  1.125000E+04  1.458100E+01  1.298669E+01  1.093860E-01  6.973488E+01  6.975188E+01 -3.891473E-02 -5.697870E-02 -3.891473E-02  6.966936E+01 -7.599482E-02 -5.697870E-02 -7.599482E-02  6.978339E+01  1.062869E+00  1.448903E+00  3.110085E+00  2.799473E-01
  1.130000E+04  1.457738E+01  1.299373E+01  1.092935E-01  6.967057E+01  6.961953E+01 -8.190643E-02 -8.440497E-02 -8.190643E-02  6.970271E+01  2.528595E-03 -8.440497E-02  2.528595E-03  6.968948E+01  1.055766E+00  1.446375E+00  3.091718E+00  3.455780E-01
  1.135000E+04  1.459434E+01  1.300104E+01  1.083863E-01  6.968716E+01  6.975807E+01 -1.731528E-02 -1.152236E-01 -1.731528E-02  6.971406E+01 -8.550421E-02 -1.152236E-01 -8.550421E-02  6.958936E+01  1.062203E+00  1.438100E+00  3.069027E+00  4.435724E-01
  1.140000E+04  1.456958E+01  1.299032E+01  1.071459E-01  6.962851E+01  6.964142E+01 -6.905813E-02 -9.183743E-02 -6.905813E-02  6.955385E+01 -1.329594E-01 -9.183743E-02 -1.329594E-01  6.969027E+01  1.052837E+00  1.444899E+00  2.864087E+00  4.561776E-01
  1.145000E+04  1.457420E+01  1.298917E+01  1.095506E-01  6.969098E+01  6.953077E+01  5.998292E-02  7.755107E-03  5.998292E-02  6.966557E+01 -2.050754E-02  7.755107E-03 -2.050754E-02  6.987660E+01  1.056688E+00  1.439539E+00  3.250354E+00  3.893218E-01
  1.150000E+04  1.456704E+01  1.298113E+01  1.132981E-01  6.963409E+01  6.964175E+01  5.960799E-02 -4.657963E-02  5.960799E-02  6.968337E+01  1.568804E-02 -4.657963E-02  1.568804E-02  6.957715E+01  1.057272E+00  1.457029E+00  3.272005E+00  4.616428E-01
  1.155000E+04  1.457616E+01  1.299366E+01  1.136418E-01  6.969670E+01  6.965480E+01  1.899612E-03  1.007490E-02  1.899612E-03  6.982710E+01  4.119742E-02  1.007490E-02  4.119742E-02  6.960820E+01  1.055000E+00  1.449735E+00  3.523498E+00  4.266462E-01
  1.160000E+04  1.457459E+01  1.298784E+01  1.130156E-01  6.954007E+01  6.958039E+01 -3.489900E-02  9.132721E-02 -3.489900E-02  6.952444E+01 -3.883653E-02  9.132721E-02 -3.883653E-02  6.951538E+01  1.057838E+00  1.455524E+00  3.410420E+00  4.164934E-01
  1.165000E+04  1.454214E+01  1.297473E+01  1.072301E-01  6.968626E+01  6.974414E+01 -3.640443E-02  8.143837E-02 -3.640443E-02  6.978877E+01  1.183033E-02  8.143837E-02  1.183033E-02  6.952588E+01  1.044943E+00  1.435169E+00  2.980169E+00  3.227512E-01
  1.170000E+04  1.458925E+01  1.299720E+01  1.113870E-01  6.966782E+01  6.963581E+01 -4.111246E-04 -7.976500E-02 -4.111246E-04  6.967316E+01 -4.821844E-02 -7.976500E-02 -4.821844E-02  6.969450E+01  1.061369E+00  1.452157E+00  3.223128E+00  4.344022E-01
  1.175000E+04  1.459556E+01  1.300172E+01  1.134399E-01  6.971493E+01  6.959159E+01  2.806446E-02  8.089248E-03  2.806446E-02  6.984039E+01  5.935317E-02  8.089248E-03  5.935317E-02  6.971280E+01  1.062559E+00  1.451828E+00  3.334929E+00  4.050029E-01
  1.180000E+04  1.457524E+01  1.299088E+01  1.135907E-01  6.970623E+01  6.963993E+01  5.299394E-02 -2.847866E-02  5.299394E-02  6.977750E+01  9.419810E-04 -2.847866E-02  9.419810E-04  6.970126E+01  1.056239E+00  1.456826E+00  3.159810E+00  3.896490E-01
  1.185000E+04  1.456263E+01  1.298826E+01  1.075674E-01  6.969925E+01  6.969449E+01  1.786052E-02 -5.240750E-02  1.786052E-02  6.969890E+01  5.633457E-02 -5.240750E-02  5.633457E-02  6.970437E+01  1.049580E+00  1.441838E+00  3.154409E+00  4.408099E-01
  1.190000E+04  1.458100E+01  1.299674E+01  1.085010E-01  6.965285E+01  6.967527E+01 -1.377376E-01 -3.573710E-02 -1.377376E-01  6.971848E+01  7.611629E-02 -3.573710E-02  7.611629E-02  6.956480E+01  1.056175E+00  1.436615E+00  3.007025E+00  2.833564E-01
  1.195000E+04  1.457600E+01  1.299242E+01  1.143645E-01  6.957496E+01  6.959559E+01  3.637364E-03  6.997191E-02  3.637364E-03  6.963041E+01  1.918205E-03  6.997191E-02  1.918205E-03  6.949887E+01  1.055722E+00  1.452026E+00  3.165119E+00  2.668967E-01
  1.200000E+04  1.459994E+01  1.300548E+01  1.127220E-01  6.971487E+01  6.970998E+01  1.404206E-02  7.016086E-02  1.404206E-02  6.971913E+01  6.476542E-02  7.016086E-02  6.476542E-02  6.971549E+01  1.062973E+00  1.450122E+00  3.241500E+00  3.900445E-01
  1.205000E+04  1.459292E+01  1.300419E+01  1.143379E-01  6.963960E+01  6.963338E+01 -1.118335E-01  3.783814E-02 -1.118335E-01  6.972849E+01 -2.678852E-02  3.783814E-02 -2.678852E-02  6.955692E+01  1.059151E+00  1.460689E+00  3.308301E+00  3.782141E-01
  1.210000E+04  1.458807E+01  1.300192E+01  1.129616E-01  6.961509E+01  6.970582E+01  9.525860E-02 -3.742038E-02  9.525860E-02  6.956722E+01 -9.290406E-02 -3.742038E-02 -9.290406E-02  6.957223E+01  1.057430E+00  1.455947E+00  3.135527E+00  3.668176E-01
  1.215000E+04  1.457080E+01  1.299294E+01  1.093149E-01  6.959768E+01  6.966879E+01 -9.684555E-03  2.104118E-03 -9.684555E-03  6.958346E+01 -1.105706E-03  2.104118E-03 -1.105706E-03  6.954080E+01  1.051909E+00  1.436490E+00  3.185795E+00  3.813688E-01
  1.220000E+04  1.456432E+01  1.297123E+01  1.093721E-01  6.962754E+01  6.954755E+01  7.676053E-02  8.673424E-02  7.676053E-02  6.970582E+01 -9.872832E-02  8.673424E-02 -9.872832E-02  6.962924E+01  1.062059E+00  1.438977E+00  3.390348E+00  4.102833E-01
  1.225000E+04  1.458402E+01  1.298423E+01  1.192385E-01  6.974588E+01  6.981277E+01 -7.319527E-02  7.937303E-02 -7.319527E-02  6.973600E+01  1.347365E-01  7.937303E-02  1.347365E-01  6.968886E+01  1.066528E+00  1.473133E+00  3.123729E+00  4.533957E-01
  1.230000E+04  1.457938E+01  1.299370E+01  1.095574E-01  6.963252E+01  6.967711E+01 -4.076633E-02  7.479359E-03 -4.076633E-02  6.970674E+01 -5.963016E-02  7.479359E-03 -5.963016E-02  6.951370E+01  1.057121E+00  1.444837E+00  3.035328E+00  4.085214E-01
  1.235000E+04  1.457717E+01  1.299106E+01  1.146664E-01  6.969296E+01  6.970318E+01 -1.354387E-01  5.848689E-02 -1.354387E-01  6.971762E+01  1.190662E-02  5.848689E-02  1.190662E-02  6.965807E+01  1.057407E+00  1.458738E+00  3.071797E+00  4.023566E-01
  1.240000E+04  1.458090E+01  1.299645E+01  1.095541E-01  6.961973E+01  6.954044E+01  8.904779E-02 -4.758321E-02  8.904779E-02  6.971904E+01 -1.437921E-02 -4.758321E-02 -1.437921E-02  6.959972E+01  1.056304E+00  1.445135E+00  3.073574E+00  4.769103E-01
  1.245000E+04  1.456999E+01  1.298544E+01  1.074010E-01  6.968617E+01  6.972164E+01 -1.743696E-02  2.870519E-02 -1.743696E-02  6.967185E+01  9.000954E-02  2.870519E-02  9.000954E-02  6.966502E+01  1.056370E+00  1.442953E+00  3.478900E+00  3.677888E-01
  1.250000E+04  1.458461E+01  1.299034E+01  1.120641E-01  6.959542E+01  6.970714E+01 -1.955854E-02  6.466964E-02 -1.955854E-02  6.944899E+01  4.258334E-02  6.466964E-02  4.258334E-02  6.963013E+01  1.062847E+00  1.448821E+00  2.915766E+00  3.073723E-01
  1.255000E+04  1.460571E+01  1.300843E+01  1.139122E-01  6.961115E+01  6.962618E+01  2.552016E-02  2.687572E-02  2.552016E-02  6.960145E+01  9.209507E-02  2.687572E-02  9.209507E-02  6.960581E+01  1.064856E+00  1.453960E+00  3.119330E+00  3.007780E-01
  1.260000E+04  1.458777E+01  1.300636E+01  1.155560E-01  6.957955E+01  6.955800E+01 -7.162603E-02  5.136553E-02 -7.162603E-02  6.959817E+01 -6.235949E-02  5.136553E-02 -6.235949E-02  6.958247E+01  1.054274E+00  1.463892E+00  3.348366E+00  3.530455E-01
  1.265000E+04  1.457930E+01  1.299281E+01  1.156293E-01  6.957646E+01  6.963126E+01 -7.379330E-02  3.328510E-02 -7.379330E-02  6.951699E+01  2.466908E-04  3.328510E-02  2.466908E-04  6.958113E+01  1.057657E+00  1.457574E+00  3.271665E+00  3.343751E-01
  1.270000E+04  1.457879E+01  1.299831E+01  1.118935E-01  6.960435E+01  6.958141E+01 -1.805270E-02  6.776284E-02 -1.805270E-02  6.965752E+01 -9.122029E-02  6.776284E-02 -9.122029E-02  6.957411E+01  1.053650E+00  1.447801E+00  3.105520E+00  3.308594E-01
  1.275000E+04  1.455535E+01  1.296876E+01  1.071160E-01  6.981713E+01  6.979379E+01  4.043051E-02 -2.591823E-02  4.043051E-02  6.983758E+01 -1.189464E-01 -2.591823E-02 -1.189464E-01  6.982001E+01  1.057730E+00  1.440366E+00  2.969714E+00  4.041260E-01
  1.280000E+04  1.458892E+01  1.300836E+01  1.127755E-01  6.958526E+01  6.965528E+01 -8.719701E-02 -3.919326E-02 -8.719701E-02  6.950784E+01 -8.485031E-02 -3.919326E-02 -8.485031E-02  6.959266E+01  1.053706E+00  1.458169E+00  3.084229E+00  4.072134E-01
  1.285000E+04  1.459737E+01  1.299438E+01  1.112177E-01  6.965570E+01  6.964888E+01  5.583321E-03 -1.481628E-02  5.583321E-03  6.964595E+01  1.000834E-01 -1.481628E-02  1.000834E-01  6.967227E+01  1.068661E+00  1.446879E+00  3.260257E+00  3.569024E-01
  1.290000E+04  1.457782E+01  1.300466E+01  1.115928E-01  6.967887E+01  6.976363E+01 -3.573336E-02  7.813735E-03 -3.573336E-02  6.959036E+01  5.836244E-02  7.813735E-03  5.836244E-02  6.968264E+01  1.048774E+00  1.448205E+00  3.300766E+00  3.222703E-01
  1.295000E+04  1.455800E+01  1.297499E+01  1.080880E-01  6.973802E+01  6.985405E+01  3.629675E-02 -3.515762E-02  3.629675E-02  6.969061E+01  4.469859E-02 -3.515762E-02  4.469859E-02  6.966941E+01  1.055342E+00  1.440086E+00  3.189928E+00  3.552155E-01
  1.300000E+04  1.459640E+01  1.300252E+01  1.086645E-01  6.973592E+01  6.975066E+01  1.102826E-01  7.701850E-02  1.102826E-01  6.979835E+01  4.134474E-03  7.701850E-02  4.134474E-03  6.965876E+01  1.062590E+00  1.437888E+00  3.373056E+00  2.927544E-01
  1.305000E+04  1.459201E+01  1.299220E+01  1.076645E-01  6.965555E+01  6.966673E+01 -4.249781E-02  1.495266E-05 -4.249781E-02  6.967264E+01  7.366977E-03  1.495266E-05  7.366977E-03  6.962727E+01  1.066542E+00  1.434744E+00  3.197127E+00  4.003768E-01
  1.310000E+04  1.458825E+01  1.299538E+01  1.094652E-01  6.961932E+01  6.965482E+01 -5.157786E-02 -1.202088E-01 -5.157786E-02  6.961271E+01 -6.482734E-02 -1.202088E-01 -6.482734E-02  6.959043E+01  1.061913E+00  1.440610E+00  3.070310E+00  4.140390E-01
  1.315000E+04  1.458464E+01  1.299378E+01  1.097997E-01  6.963984E+01  6.962018E+01  5.729443E-02  6.798649E-02  5.729443E-02  6.973907E+01  9.801710E-02  6.798649E-02  9.801710E-02  6.956026E+01  1.060577E+00  1.449226E+00  3.422904E+00  4.502369E-01
  1.320000E+04  1.459831E+01  1.300887E+01  1.126875E-01  6.981001E+01  6.973453E+01 -5.740389E-02  4.888552E-02 -5.740389E-02  6.982923E+01 -2.097990E-02  4.888552E-02 -2.097990E-02  6.986627E+01  1.059627E+00  1.451370E+00  3.002339E+00  4.049255E-01
  1.325000E+04  1.458448E+01  1.300867E+01  1.130960E-01  6.967839E+01  6.960702E+01  3.291676E-02  2.157486E-02  3.291676E-02  6.981257E+01  1.456303E-02  2.157486E-02  1.456303E-02  6.961557E+01  1.050538E+00  1.452328E+00  3.091877E+00  3.648312E-01
  1.330000E+04  1.456800E+01  1.298860E+01  1.132274E-01  6.955828E+01  6.953631E+01 -1.351446E-02  6.382438E-02 -1.351446E-02  6.971855E+01  4.845923E-02  6.382438E-02  4.845923E-02  6.941996E+01  1.052934E+00  1.455705E+00  3.178474E+00  4.037300E-01
  1.335000E+04  1.458871E+01  1.300198E+01  1.132379E-01  6.968948E+01  6.969651E+01  8.822468E-02 -3.978976E-02  8.822468E-02  6.974373E+01  1.473479E-01 -3.978976E-02  1.473479E-01  6.962820E+01  1.057820E+00  1.456297E+00  3.119187E+00  4.432561E-01
  1.340000E+04  1.459697E+01  1.299782E+01  1.169885E-01  6.967383E+01  6.968330E+01 -1.847871E-01 -1.165524E-01 -1.847871E-01  6.960597E+01 -6.128496E-02 -1.165524E-01 -6.128496E-02  6.973221E+01  1.066094E+00  1.459981E+00  3.133374E+00  3.819810E-01
  1.345000E+04  1.457653E+01  1.299813E+01  1.107045E-01  6.973972E+01  6.978135E+01  1.448834E-02  1.930299E-02  1.448834E-02  6.976345E+01 -1.391616E-01  1.930299E-02 -1.391616E-01  6.967435E+01  1.052265E+00  1.449227E+00  3.017236E+00  3.319710E-01
  1.350000E+04  1.457768E+01  1.299392E+01  1.081825E-01  6.962608E+01  6.958104E+01 -7.727293E-02 -8.356213E-02 -7.727293E-02  6.968711E+01 -2.360976E-02 -8.356213E-02 -2.360976E-02  6.961010E+01  1.055843E+00  1.448823E+00  2.941092E+00  3.913892E-01
  1.355000E+04  1.456934E+01  1.299970E+01  1.139514E-01  6.961222E+01  6.966209E+01 -4.996821E-02 -5.354152E-02 -4.996821E-02  6.957216E+01 -1.118669E-01 -5.354152E-02 -1.118669E-01  6.960241E+01  1.046423E+00  1.450917E+00  3.108620E+00  3.661562E-01
  1.360000E+04  1.457354E+01  1.299392E+01  1.138884E-01  6.966275E+01  6.965247E+01  2.434848E-02 -2.302316E-02  2.434848E-02  6.964453E+01  8.904436E-03 -2.302316E-02  8.904436E-03  6.969125E+01  1.053077E+00  1.454553E+00  3.197591E+00  4.274687E-01
  1.365000E+04  1.458185E+01  1.300442E+01  1.118813E-01  6.970999E+01  6.971077E+01  1.864816E-02  5.769090E-02  1.864816E-02  6.976912E+01  1.312260E-02  5.769090E-02  1.312260E-02  6.965008E+01  1.051623E+00  1.445816E+00  3.292717E+00  3.851378E-01
  1.370000E+04  1.460251E+01  1.300883E+01  1.138559E-01  6.963178E+01  6.959133E+01  6.790875E-03  4.252049E-02  6.790875E-03  6.975238E+01  8.520168E-02  4.252049E-02  8.520168E-02  6.955163E+01  1.062459E+00  1.452080E+00  3.394001E+00  3.579592E-01
  1.375000E+04  1.458156E+01  1.298679E+01  1.112561E-01  6.973358E+01  6.967269E+01 -8.767267E-02 -8.659245E-03 -8.767267E-02  6.981879E+01 -3.480436E-02 -8.659245E-03 -3.480436E-02  6.970925E+01  1.063182E+00  1.457905E+00  3.269848E+00  3.766666E-01
  1.380000E+04  1.457873E+01  1.299759E+01  1.090330E-01  6.966231E+01  6.966022E+01  2.026194E-02  1.706804E-02  2.026194E-02  6.969610E+01  7.482585E-02  1.706804E-02  7.482585E-02  6.963061E+01  1.054093E+00  1.436215E+00  2.959208E+00  3.610992E-01
  1.385000E+04  1.457765E+01  1.299473E+01  1.093633E-01  6.963727E+01  6.967196E+01  1.544221E-02 -1.241413E-01  1.544221E-02  6.964378E+01  3.358951E-02 -1.241413E-01  3.358951E-02  6.959608E+01  1.055282E+00  1.450032E+00  3.557520E+00  4.049657E-01
  1.390000E+04  1.456541E+01  1.297873E+01  1.091084E-01  6.965433E+01  6.965359E+01 -3.693511E-02  1.010452E-01 -3.693511E-02  6.965140E+01  4.382052E-02  1.010452E-01  4.382052E-02  6.965801E+01  1.057787E+00  1.446104E+00  3.374324E+00  4.701343E-01
  1.395000E+04  1.459703E+01  1.300311E+01  1.126813E-01  6.964633E+01  6.964843E+01 -3.723456E-02  1.374179E-02 -3.723456E-02  6.954752E+01 -8.871936E-02  1.374179E-02 -8.871936E-02  6.974305E+01  1.062612E+00  1.453032E+00  3.212294E+00  4.190528E-01
  1.400000E+04  1.457361E+01  1.298551E+01  1.092001E-01  6.962463E+01  6.974036E+01  3.475772E-02  1.035861E-01  3.475772E-02  6.961807E+01  4.977492E-02  1.035861E-01  4.977492E-02  6.951546E+01  1.058731E+00  1.445137E+00  3.255439E+00  2.942375E-01
  1.405000E+04  1.457210E+01  1.299240E+01  1.137894E-01  6.964072E+01  6.950317E+01 -3.320234E-02 -2.271624E-02 -3.320234E-02  6.974094E+01  2.779903E-02 -2.271624E-02  2.779903E-02  6.967807E+01  1.053134E+00  1.448104E+00  3.420167E+00  3.905762E-01
  1.410000E+04  1.457096E+01  1.298721E+01  1.099409E-01  6.965607E+01  6.964041E+01  2.259466E-02 -2.630623E-03  2.259466E-02  6.971509E+01 -8.671315E-02 -2.630623E-03 -8.671315E-02  6.961271E+01  1.055832E+00  1.447203E+00  3.195354E+00  4.002346E-01
  1.415000E+04  1.459369E+01  1.301084E+01  1.153922E-01  6.969310E+01  6.967015E+01  6.752297E-03 -1.600469E-02  6.752297E-03  6.969717E+01  4.981331E-02 -1.600469E-02  4.981331E-02  6.971198E+01  1.055229E+00  1.461955E+00  3.161160E+00  3.851972E-01
  1.420000E+04  1.456555E+01  1.299302E+01  1.150808E-01  6.964709E+01  6.975843E+01  3.246092E-02  6.077074E-02  3.246092E-02  6.961067E+01 -1.786503E-02  6.077074E-02 -1.786503E-02  6.957217E+01  1.048350E+00  1.457183E+00  3.195719E+00  4.234929E-01
  1.425000E+04  1.457037E+01  1.298973E+01  1.105529E-01  6.963577E+01  6.961899E+01  4.927438E-03 -1.359571E-01  4.927438E-03  6.959318E+01  3.147390E-03 -1.359571E-01  3.147390E-03  6.969514E+01  1.053759E+00  1.449111E+00  3.214167E+00  4.225060E-01
  1.430000E+04  1.456967E+01  1.299121E+01  1.118817E-01  6.977170E+01  6.989298E+01 -2.262668E-02  1.914976E-02 -2.262668E-02  6.968356E+01 -6.706664E-02  1.914976E-02 -6.706664E-02  6.973854E+01  1.052305E+00  1.444644E+00  3.224316E+00  3.470504E-01
  1.435000E+04  1.457389E+01  1.298933E+01  1.117905E-01  6.964640E+01  6.958554E+01 -6.902131E-02  9.375801E-02 -6.902131E-02  6.978310E+01  3.602936E-02  9.375801E-02  3.602936E-02  6.957055E+01  1.056374E+00  1.447739E+00  3.060564E+00  3.814296E-01
  1.440000E+04  1.455784E+01  1.298679E+01  1.094985E-01  6.965835E+01  6.966856E+01 -5.175462E-02 -6.357269E-02 -5.175462E-02  6.970630E+01  3.857020E-02 -6.357269E-02  3.857020E-02  6.960020E+01  1.047372E+00  1.446050E+00  2.954178E+00  3.966984E-01
  1.445000E+04  1.457901E+01  1.299133E+01  1.127510E-01  6.977791E+01  6.978430E+01  3.760903E-02 -8.941845E-02  3.760903E-02  6.971864E+01 -2.912089E-02 -8.941845E-02 -2.912089E-02  6.983080E+01  1.058449E+00  1.444236E+00  3.386220E+00  4.388229E-01
  1.450000E+04  1.457551E+01  1.300190E+01  1.087087E-01  6.965945E+01  6.974332E+01 -6.886563E-02  6.683110E-03 -6.886563E-02  6.964147E+01  6.729419E-02  6.683110E-03  6.729419E-02  6.959356E+01  1.049077E+00  1.444895E+00  3.106241E+00  3.886669E-01
  1.455000E+04  1.459144E+01  1.298946E+01  1.121684E-01  6.966396E+01  6.976735E+01 -1.124634E-01 -3.304898E-02 -1.124634E-01  6.955476E+01  1.233769E-01 -3.304898E-02  1.233769E-01  6.966978E+01  1.067988E+00  1.453886E+00  3.121117E+00  4.052438E-01
  1.460000E+04  1.458150E+01  1.299043E+01  1.140151E-01  6.971766E+01  6.978979E+01 -4.479824E-02 -5.800186E-02 -4.479824E-02  6.963965E+01 -8.279359E-02 -5.800186E-02 -8.279359E-02  6.972355E+01  1.060715E+00  1.459190E+00  3.179067E+00  4.320528E-01
  1.465000E+04  1.460594E+01  1.300677E+01  1.117334E-01  6.968958E+01  6.975201E+01 -2.061245E-02  2.006367E-02 -2.061245E-02  6.966498E+01 -1.471602E-02  2.006367E-02 -1.471602E-02  6.965173E+01  1.066111E+00  1.452476E+00  3.157158E+00  3.678077E-01
  1.470000E+04  1.458479E+01  1.300399E+01  1.128638E-01  6.967894E+01  6.973817E+01 -3.771101E-02 -8.123591E-02 -3.771101E-02  6.974998E+01  4.065899E-02 -8.123591E-02  4.065899E-02  6.954866E+01  1.053872E+00  1.448849E+00  3.240132E+00  2.940149E-01
  1.475000E+04  1.457952E+01  1.299582E+01  1.137258E-01  6.970549E+01  6.980786E+01  8.020235E-02  3.339240E-02  8.020235E-02  6.965102E+01 -2.443878E-02  3.339240E-02 -2.443878E-02  6.965758E+01  1.055802E+00  1.453172E+00  3.136336E+00  4.051611E-01
  1.480000E+04  1.458502E+01  1.299842E+01  1.147338E-01  6.970829E+01  6.964667E+01  4.966353E-02 -5.027028E-02  4.966353E-02  6.974236E+01 -6.214720E-02 -5.027028E-02 -6.214720E-02  6.973584E+01  1.057733E+00  1.454649E+00  3.059928E+00  3.642076E-01
  1.485000E+04  1.457575E+01  1.299577E+01  1.092323E-01  6.960824E+01  6.965617E+01  1.627985E-02  3.355265E-02  1.627985E-02  6.954024E+01 -3.036200E-02  3.355265E-02 -3.036200E-02  6.962832E+01  1.053314E+00  1.440446E+00  3.247736E+00  2.813794E-01
  1.490000E+04  1.458777E+01  1.300654E+01  1.166956E-01  6.960995E+01  6.973218E+01 -3.910093E-02 -3.237152E-02 -3.910093E-02  6.962014E+01  1.467312E-02 -3.237152E-02  1.467312E-02  6.947753E+01  1.054154E+00  1.460946E+00  3.002791E+00  4.552149E-01
  1.495000E+04  1.456626E+01  1.299034E+01  1.090039E-01  6.960235E+01  6.956560E+01  3.753055E-02  1.663514E-02  3.753055E-02  6.956535E+01  8.046530E-03  1.663514E-02  8.046530E-03  6.967610E+01  1.050616E+00  1.439090E+00  2.994122E+00  4.143964E-01
  1.500000E+04  1.459969E+01  1.301036E+01  1.157828E-01  6.957846E+01  6.949757E+01  8.635170E-02  8.210214E-03  8.635170E-02  6.952601E+01 -7.862847E-02  8.210214E-03 -7.862847E-02  6.971181E+01  1.059550E+00  1.467032E+00  3.177141E+00  3.741951E-01
