#         time      en-total      pe-total      be-total      pressure          s_xx          s_xy          s_xz          s_yx          s_yy          s_yz          s_zx          s_zy          s_zz   temperature     bndlen-av    bndlen-max    bndlen-min
  0.000000E+00  1.434641E+01  1.277134E+01  9.261827E-03  6.931186E+01  6.935654E+01  1.289593E-02 -9.255301E-02  1.289593E-02  6.925316E+01  1.461202E-02 -9.255301E-02  1.461202E-02  6.932588E+01  1.050051E+00  1.375905E+00  2.694380E+00  4.286947E-01
  5.000000E+01  1.435571E+01  1.276706E+01  8.818236E-03  6.936189E+01  6.928807E+01 -2.411138E-02 -1.007869E-01 -2.411138E-02  6.942662E+01  6.140013E-02 -1.007869E-01  6.140013E-02  6.937099E+01  1.059100E+00  1.384197E+00  2.795732E+00  5.273365E-01
  1.000000E+02  1.436775E+01  1.279090E+01  9.325307E-03  6.933384E+01  6.935145E+01  3.208137E-02  1.119779E-01  3.208137E-02  6.934819E+01 -4.512073E-02  1.119779E-01 -4.512073E-02  6.930189E+01  1.051234E+00  1.378092E+00  2.580278E+00  4.282980E-01
  1.500000E+02  1.434621E+01  1.277162E+01  1.032738E-02  6.936016E+01  6.948445E+01 -7.703361E-02  2.670686E-02 -7.703361E-02  6.941577E+01  5.252544E-02  2.670686E-02  5.252544E-02  6.918025E+01  1.049726E+00  1.406946E+00  2.766459E+00  5.099818E-01
  2.000000E+02  1.435037E+01  1.276726E+01  1.089253E-02  6.924165E+01  6.922204E+01 -6.202846E-02  8.835720E-02 -6.202846E-02  6.929250E+01 -2.291938E-03  8.835720E-02 -2.291938E-03  6.921039E+01  1.055408E+00  1.421228E+00  2.575661E+00  5.128281E-01
  2.500000E+02  1.434370E+01  1.276110E+01  9.255869E-03  6.939859E+01  6.948347E+01 -8.733684E-03 -2.835776E-02 -8.733684E-03  6.939769E+01  9.474453E-03 -2.835776E-02  9.474453E-03  6.931462E+01  1.055066E+00  1.372067E+00  2.886912E+00  4.913749E-01
  3.000000E+02  1.435323E+01  1.277435E+01  9.755839E-03  6.930903E+01  6.919439E+01  8.997189E-02  6.041340E-02  8.997189E-02  6.937441E+01 -2.252203E-02  6.041340E-02 -2.252203E-02  6.935830E+01  1.052585E+00  1.390865E+00  2.796186E+00  4.950500E-01
  3.500000E+02  1.435773E+01  1.278565E+01  1.136520E-02  6.929645E+01  6.932784E+01  9.568392E-02 -1.053255E-01  9.568392E-02  6.934259E+01 -2.256781E-02 -1.053255E-01 -2.256781E-02  6.921892E+01  1.048051E+00  1.446405E+00  2.962089E+00  5.070891E-01
  4.000000E+02  1.436366E+01  1.277351E+01  1.144606E-02  6.933552E+01  6.932386E+01  5.447367E-02  7.780332E-03  5.447367E-02  6.939542E+01 -1.269455E-01  7.780332E-03 -1.269455E-01  6.928727E+01  1.060100E+00  1.459107E+00  2.654606E+00  5.031632E-01
  4.500000E+02  1.435062E+01  1.277509E+01  8.960189E-03  6.932167E+01  6.928860E+01 -6.425640E-02 -1.067631E-02 -6.425640E-02  6.933373E+01  8.343963E-02 -1.067631E-02  8.343963E-02  6.934268E+01  1.050354E+00  1.381879E+00  2.626046E+00  5.509540E-01
  5.000000E+02  1.435152E+01  1.277460E+01  1.039246E-02  6.933482E+01  6.929558E+01  7.557139E-04  6.403729E-02  7.557139E-04  6.936792E+01 -1.313105E-02  6.403729E-02 -1.313105E-02  6.934096E+01  1.051280E+00  1.415522E+00  2.764623E+00  4.347797E-01
  5.500000E+02  1.434896E+01  1.277082E+01  1.043025E-02  6.937088E+01  6.929928E+01 -8.843366E-02 -5.492292E-02 -8.843366E-02  6.935940E+01  1.154285E-02 -5.492292E-02  1.154285E-02  6.945397E+01  1.052091E+00  1.417942E+00  2.640351E+00  4.943086E-01
  6.000000E+02  1.434640E+01  1.276410E+01  1.059907E-02  6.936876E+01  6.934246E+01 -5.025264E-03  5.310010E-02 -5.025264E-03  6.944747E+01 -1.210652E-02  5.310010E-02 -1.210652E-02  6.931634E+01  1.054868E+00  1.438545E+00  2.754997E+00  5.029092E-01
  6.500000E+02  1.434326E+01  1.277964E+01  1.112312E-02  6.942080E+01  6.940922E+01  2.545141E-02  5.003239E-02  2.545141E-02  6.945759E+01  1.022645E-02  5.003239E-02  1.022645E-02  6.939558E+01  1.042413E+00  1.435953E+00  2.766069E+00  5.196053E-01
  7.000000E+02  1.436675E+01  1.278064E+01  1.007969E-02  6.930103E+01  6.927634E+01 -2.967893E-02 -1.778889E-02 -2.967893E-02  6.939458E+01 -6.405356E-02 -1.778889E-02 -6.405356E-02  6.923218E+01  1.057406E+00  1.411538E+00  2.481904E+00  4.064741E-01
  7.500000E+02  1.435535E+01  1.277263E+01  9.518756E-03  6.930092E+01  6.923660E+01  4.744186E-02  1.122268E-01  4.744186E-02  6.929030E+01  1.846131E-02  1.122268E-01  1.846131E-02  6.937585E+01  1.055144E+00  1.404695E+00  2.614114E+00  4.881416E-01
  8.000000E+02  1.435801E+01  1.277448E+01  1.038362E-02  6.940453E+01  6.940197E+01 -3.158517E-02 -9.972345E-03 -3.158517E-02  6.934716E+01 -2.100593E-02 -9.972345E-03 -2.100593E-02  6.946445E+01  1.055685E+00  1.411552E+00  2.858359E+00  5.655033E-01
  8.500000E+02  1.434147E+01  1.276253E+01  9.494882E-03  6.939846E+01  6.934086E+01  1.832405E-02  4.467486E-02  1.832405E-02  6.936766E+01  6.187270E-02  4.467486E-02  6.187270E-02  6.948687E+01  1.052629E+00  1.402619E+00  3.296564E+00  4.616797E-01
  9.000000E+02  1.436327E+01  1.278000E+01  1.044149E-02  6.927655E+01  6.930286E+01  3.961946E-02  4.284967E-02  3.961946E-02  6.932964E+01 -2.807197E-02  4.284967E-02 -2.807197E-02  6.919714E+01  1.055509E+00  1.408471E+00  2.807837E+00  5.579972E-01
  9.500000E+02  1.433383E+01  1.276937E+01  1.083735E-02  6.931693E+01  6.939491E+01  1.038219E-01 -1.288486E-02  1.038219E-01  6.914428E+01 -8.927916E-02 -1.288486E-02 -8.927916E-02  6.941158E+01  1.042973E+00  1.427697E+00  2.980920E+00  4.358213E-01
  1.000000E+03  1.434897E+01  1.275969E+01  9.737559E-03  6.927689E+01  6.918006E+01  5.303061E-02 -1.266381E-02  5.303061E-02  6.941139E+01  1.135342E-02 -1.266381E-02  1.135342E-02  6.923923E+01  1.059522E+00  1.392890E+00  2.676834E+00  4.888218E-01
  1.050000E+03  1.435089E+01  1.276705E+01  1.011651E-02  6.940971E+01  6.943397E+01 -7.018087E-02 -6.617238E-02 -7.018087E-02  6.944191E+01  1.246425E-01 -6.617238E-02  1.246425E-01  6.935326E+01  1.055893E+00  1.416950E+00  3.129447E+00  3.612806E-01
  1.100000E+03  1.437808E+01  1.278679E+01  1.042800E-02  6.929792E+01  6.920229E+01 -3.574874E-02  2.052299E-02 -3.574874E-02  6.938932E+01 -1.073268E-01  2.052299E-02 -1.073268E-01  6.930215E+01  1.060862E+00  1.426471E+00  3.406234E+00  5.159713E-01
  1.150000E+03  1.435849E+01  1.276646E+01  9.652949E-03  6.933637E+01  6.934820E+01 -1.696229E-02 -4.755459E-02 -1.696229E-02  6.929362E+01  1.115647E-02 -4.755459E-02  1.115647E-02  6.936729E+01  1.061355E+00  1.413065E+00  2.475117E+00  4.835334E-01
  1.200000E+03  1.435560E+01  1.277208E+01  1.022679E-02  6.929432E+01  6.933478E+01  7.803173E-02 -1.898955E-02  7.803173E-02  6.936628E+01 -9.097648E-03 -1.898955E-02 -9.097648E-03  6.918189E+01  1.055681E+00  1.403002E+00  2.786137E+00  4.934496E-01
  1.250000E+03  1.434511E+01  1.275868E+01  9.707390E-03  6.951062E+01  6.959286E+01  3.306216E-02  6.672587E-03  3.306216E-02  6.950522E+01  1.445494E-01  6.672587E-03  1.445494E-01  6.943377E+01  1.057622E+00  1.401103E+00  2.783898E+00  4.385261E-01
  1.300000E+03  1.434137E+01  1.276544E+01  1.018743E-02  6.934793E+01  6.933923E+01  6.986128E-02 -1.943975E-02  6.986128E-02  6.933421E+01 -4.413145E-02 -1.943975E-02 -4.413145E-02  6.937035E+01  1.050622E+00  1.421666E+00  2.518902E+00  4.917194E-01
  1.350000E+03  1.434785E+01  1.276847E+01  1.024699E-02  6.927809E+01  6.921540E+01 -2.739387E-02  2.444789E-02 -2.739387E-02  6.921926E+01  7.793584E-04  2.444789E-02  7.793584E-04  6.939960E+01  1.052914E+00  1.414195E+00  3.014679E+00  3.882119E-01
  1.400000E+03  1.434449E+01  1.276054E+01  1.035809E-02  6.940768E+01  6.950268E+01  7.068284E-02 -4.238413E-03  7.068284E-02  6.935174E+01 -3.102605E-03 -4.238413E-03 -3.102605E-03  6.936862E+01  1.055966E+00  1.437946E+00  2.852573E+00  5.095037E-01
  1.450000E+03  1.432906E+01  1.275843E+01  9.383251E-03  6.937054E+01  6.948266E+01  5.667952E-02 -3.074053E-02  5.667952E-02  6.925857E+01  1.184707E-01 -3.074053E-02  1.184707E-01  6.937039E+01  1.047089E+00  1.369599E+00  2.866669E+00  3.380730E-01
  1.500000E+03  1.435436E+01  1.276906E+01  9.580562E-03  6.929150E+01  6.927610E+01  8.613447E-02  3.355861E-02  8.613447E-02  6.930258E+01 -1.385366E-02  3.355861E-02 -1.385366E-02  6.929581E+01  1.056870E+00  1.403613E+00  2.839165E+00  4.326223E-01
  1.550000E+03  1.436777E+01  1.277982E+01  9.234803E-03  6.937448E+01  6.945600E+01  5.820600E-02 -3.913079E-02  5.820600E-02  6.931005E+01  4.139503E-02 -3.913079E-02  4.139503E-02  6.935738E+01  1.058633E+00  1.399353E+00  2.718432E+00  5.169622E-01
  1.600000E+03  1.434821E+01  1.277247E+01  1.029698E-02  6.927544E+01  6.916825E+01 -6.921582E-02 -8.402646E-02 -6.921582E-02  6.927171E+01 -2.309019E-03 -8.402646E-02 -2.309019E-03  6.938637E+01  1.050494E+00  1.420974E+00  2.764711E+00  4.829704E-01
  1.650000E+03  1.432369E+01  1.275859E+01  9.638209E-03  6.933510E+01  6.926639E+01 -4.080125E-02  2.606370E-02 -4.080125E-02  6.931632E+01  4.416263E-02  2.606370E-02  4.416263E-02  6.942259E+01  1.043401E+00  1.390605E+00  2.571741E+00  3.146043E-01
  1.700000E+03  1.435528E+01  1.277618E+01  9.604927E-03  6.937268E+01  6.940608E+01 -7.596946E-02  6.332379E-02 -7.596946E-02  6.925069E+01 -6.535120E-02  6.332379E-02 -6.535120E-02  6.946125E+01  1.052732E+00  1.377276E+00  2.845760E+00  4.749726E-01
  1.750000E+03  1.436927E+01  1.277503E+01  8.832462E-03  6.928481E+01  6.924182E+01  1.279630E-01 -7.742576E-03  1.279630E-01  6.929750E+01 -5.715019E-02 -7.742576E-03 -5.715019E-02  6.931511E+01  1.062825E+00  1.375060E+00  2.458023E+00  4.544313E-01
  1.800000E+03  1.436641E+01  1.278485E+01  9.042190E-03  6.922304E+01  6.919210E+01 -6.261342E-02 -1.484601E-02 -6.261342E-02  6.934836E+01 -8.511249E-02 -1.484601E-02 -8.511249E-02  6.912867E+01  1.054374E+00  1.375403E+00  2.933862E+00  5.111435E-01
  1.850000E+03  1.434690E+01  1.277502E+01  9.971356E-03  6.944029E+01  6.943285E+01 -1.645195E-03  4.852914E-02 -1.645195E-03  6.943164E+01  9.171839E-03  4.852914E-02  9.171839E-03  6.945636E+01  1.047920E+00  1.420252E+00  2.856594E+00  4.430351E-01
  1.900000E+03  1.433194E+01  1.276198E+01  1.045408E-02  6.936323E+01  6.928312E+01 -7.943331E-03  3.578127E-02 -7.943331E-03  6.946348E+01 -5.885480E-02  3.578127E-02 -5.885480E-02  6.934309E+01  1.046641E+00  1.427173E+00  2.796376E+00  5.564686E-01
  1.950000E+03  1.435989E+01  1.276605E+01  1.034062E-02  6.932321E+01  6.939298E+01  4.307094E-02  5.871678E-02  4.307094E-02  6.929034E+01  6.717965E-02  5.871678E-02  6.717965E-02  6.928630E+01  1.062558E+00  1.420408E+00  2.919512E+00  3.962832E-01
  2.000000E+03  1.436765E+01  1.277668E+01  9.897955E-03  6.944652E+01  6.940519E+01 -1.286758E-02 -9.130553E-03 -1.286758E-02  6.945239E+01 -2.446628E-03 -9.130553E-03 -2.446628E-03  6.948199E+01  1.060645E+00  1.404658E+00  3.000827E+00  4.640160E-01
  2.050000E+03  1.434585E+01  1.276381E+01  8.824353E-03  6.931009E+01  6.927515E+01  8.736039E-02 -3.826557E-02  8.736039E-02  6.929155E+01  9.243598E-04 -3.826557E-02  9.243598E-04  6.936355E+01  1.054692E+00  1.388282E+00  2.460901E+00  4.451949E-01
  2.100000E+03  1.436050E+01  1.277709E+01  9.432153E-03  6.930860E+01  6.921688E+01 -8.546610E-03  8.925996E-02 -8.546610E-03  6.937149E+01 -1.604333E-01  8.925996E-02 -1.604333E-01  6.933742E+01  1.055608E+00  1.400489E+00  2.621089E+00  4.711810E-01
  2.150000E+03  1.436981E+01  1.277615E+01  9.874083E-03  6.930534E+01  6.917130E+01 -3.583063E-03  2.357420E-02 -3.583063E-03  6.928341E+01  5.964288E-02  2.357420E-02  5.964288E-02  6.946132E+01  1.062440E+00  1.390595E+00  2.667658E+00  4.388291E-01
  2.200000E+03  1.435578E+01  1.277595E+01  9.061815E-03  6.936453E+01  6.932631E+01 -3.188546E-02 -1.829229E-03 -3.188546E-02  6.945167E+01 -8.154105E-02 -1.829229E-03 -8.154105E-02  6.931562E+01  1.053221E+00  1.373144E+00  2.562153E+00  4.807232E-01
  2.250000E+03  1.434462E+01  1.276014E+01  9.304370E-03  6.935083E+01  6.941686E+01  5.728312E-03 -1.272668E-02  5.728312E-03  6.930710E+01  1.176893E-01 -1.272668E-02  1.176893E-01  6.932854E+01  1.056314E+00  1.391250E+00  2.790911E+00  5.246374E-01
  2.300000E+03  1.436411E+01  1.277548E+01  1.022707E-02  6.932624E+01  6.934849E+01  5.532134E-02 -7.353410E-03  5.532134E-02  6.928861E+01 -4.068771E-02 -7.353410E-03 -4.068771E-02  6.934163E+01  1.059082E+00  1.438790E+00  2.560268E+00  5.584673E-01
  2.350000E+03  1.434293E+01  1.276234E+01  8.237387E-03  6.933402E+01  6.939348E+01 -2.059180E-02 -1.144862E-02 -2.059180E-02  6.919184E+01  1.791295E-02 -1.144862E-02  1.791295E-02  6.941674E+01  1.053729E+00  1.352409E+00  2.476348E+00  3.937537E-01
  2.400000E+03  1.434858E+01  1.277034E+01  9.692394E-03  6.934889E+01  6.935166E+01  4.096474E-02 -6.771618E-02  4.096474E-02  6.938556E+01  5.716491E-03 -6.771618E-02  5.716491E-03  6.930946E+01  1.052155E+00  1.388775E+00  2.763287E+00  5.024052E-01
  2.450000E+03  1.433948E+01  1.276246E+01  1.000895E-02  6.933238E+01  6.923127E+01  1.654291E-02 -4.033501E-02  1.654291E-02  6.933303E+01 -6.766084E-02 -4.033501E-02 -6.766084E-02  6.943284E+01  1.051347E+00  1.404194E+00  3.147582E+00  3.949142E-01
  2.500000E+03  1.435818E+01  1.277628E+01  9.552384E-03  6.936013E+01  6.944675E+01  4.976295E-02  2.444989E-02  4.976295E-02  6.940833E+01  7.005440E-02  2.444989E-02  7.005440E-02  6.922529E+01  1.054601E+00  1.384068E+00  2.685380E+00  4.664490E-01
  2.550000E+03  1.434666E+01  1.276464E+01  1.078331E-02  6.941630E+01  6.941942E+01  1.157516E-02  2.967309E-02  1.157516E-02  6.945464E+01  7.965466E-02  2.967309E-02  7.965466E-02  6.937483E+01  1.054679E+00  1.423719E+00  2.787959E+00  5.217215E-01
  2.600000E+03  1.435684E+01  1.276482E+01  1.043486E-02  6.941299E+01  6.940993E+01  1.702709E-03 -1.201236E-02  1.702709E-03  6.936201E+01  7.427484E-03 -1.201236E-02  7.427484E-03  6.946704E+01  1.061347E+00  1.426857E+00  2.737821E+00  6.125725E-01
  2.650000E+03  1.434780E+01  1.276875E+01  1.048037E-02  6.937180E+01  6.929492E+01  3.058746E-02 -1.169950E-02  3.058746E-02  6.943645E+01 -1.383342E-02 -1.169950E-02 -1.383342E-02  6.938404E+01  1.052698E+00  1.421282E+00  2.693909E+00  4.548137E-01
  2.700000E+03  1.436055E+01  1.277145E+01  1.027596E-02  6.936359E+01  6.931547E+01 -4.860720E-02  1.231628E-01 -4.860720E-02  6.933501E+01  9.135163E-03  1.231628E-01  9.135163E-03  6.944029E+01  1.059400E+00  1.418920E+00  2.817058E+00  4.598727E-01
  2.750000E+03  1.433593E+01  1.276783E+01  9.476457E-03  6.925307E+01  6.921695E+01 -3.371343E-02  3.356966E-02 -3.371343E-02  6.928766E+01 -3.991058E-02  3.356966E-02 -3.991058E-02  6.925459E+01  1.045403E+00  1.396855E+00  2.821789E+00  5.168743E-01
  2.800000E+03  1.433470E+01  1.276881E+01  9.166033E-03  6.928223E+01  6.932234E+01 -5.696302E-02  5.471239E-02 -5.696302E-02  6.926421E+01 -1.936826E-02  5.471239E-02 -1.936826E-02  6.926015E+01  1.043931E+00  1.364607E+00  2.811518E+00  3.587748E-01
  2.850000E+03  1.434074E+01  1.275718E+01  1.031564E-02  6.931567E+01  6.935204E+01 -2.643703E-02  2.261807E-02 -2.643703E-02  6.938448E+01 -1.691401E-02  2.261807E-02 -1.691401E-02  6.921049E+01  1.055705E+00  1.422308E+00  2.768925E+00  4.623850E-01
  2.900000E+03  1.436479E+01  1.276911E+01  1.090300E-02  6.930014E+01  6.919337E+01 -2.479826E-02  4.528280E-02 -2.479826E-02  6.932946E+01 -3.717823E-02  4.528280E-02 -3.717823E-02  6.937759E+01  1.063782E+00  1.426887E+00  2.920817E+00  4.606459E-01
  2.950000E+03  1.438949E+01  1.279670E+01  1.118661E-02  6.939781E+01  6.940371E+01 -3.841361E-02 -1.380300E-03 -3.841361E-02  6.937549E+01  1.154487E-03 -1.380300E-03  1.154487E-03  6.941423E+01  1.061861E+00  1.429935E+00  2.753986E+00  5.106773E-01
  3.000000E+03  1.436952E+01  1.276553E+01  1.116861E-02  6.935757E+01  6.946668E+01 -2.012045E-02 -4.898897E-02 -2.012045E-02  6.922601E+01 -4.221349E-02 -4.898897E-02 -4.221349E-02  6.938002E+01  1.069331E+00  1.414464E+00  2.994715E+00  4.538937E-01
  3.050000E+03  1.433284E+01  1.275899E+01  9.776132E-03  6.940961E+01  6.942046E+01 -4.620588E-03 -1.406925E-02 -4.620588E-03  6.938534E+01  5.060459E-02 -1.406925E-02  5.060459E-02  6.942303E+01  1.049232E+00  1.401009E+00  2.815547E+00  5.273278E-01
  3.100000E+03  1.435339E+01  1.277732E+01  1.061649E-02  6.932448E+01  6.929256E+01  1.921441E-02  6.868718E-03  1.921441E-02  6.933796E+01  3.212243E-02  6.868718E-03  3.212243E-02  6.934293E+01  1.050713E+00  1.432943E+00  2.922633E+00  5.129754E-01
  3.150000E+03  1.435730E+01  1.276843E+01  1.113676E-02  6.937977E+01  6.938299E+01  3.379704E-02 -6.775311E-02  3.379704E-02  6.936918E+01  4.474801E-02 -6.775311E-02  4.474801E-02  6.938716E+01  1.059249E+00  1.449581E+00  2.982330E+00  5.174954E-01
  3.200000E+03  1.434833E+01  1.277143E+01  9.858180E-03  6.937593E+01  6.936675E+01 -1.051926E-01 -2.730562E-02 -1.051926E-01  6.933184E+01 -1.653174E-02 -2.730562E-02 -1.653174E-02  6.942919E+01  1.051265E+00  1.414919E+00  2.693530E+00  5.397068E-01
  3.250000E+03  1.435643E+01  1.276871E+01  9.776626E-03  6.945965E+01  6.950094E+01  7.762337E-02  5.247765E-02  7.762337E-02  6.949527E+01  9.868896E-02  5.247765E-02  9.868896E-02  6.938272E+01  1.058477E+00  1.385713E+00  2.723441E+00  2.872943E-01
  3.300000E+03  1.436128E+01  1.276588E+01  1.044760E-02  6.938072E+01  6.932100E+01 -3.594634E-03 -5.666941E-02 -3.594634E-03  6.944615E+01 -2.546717E-02 -5.666941E-02 -2.546717E-02  6.937502E+01  1.063604E+00  1.424794E+00  2.983968E+00  4.995368E-01
  3.350000E+03  1.435378E+01  1.276851E+01  1.046978E-02  6.935508E+01  6.932633E+01  4.561611E-02  8.748710E-03  4.561611E-02  6.926990E+01  5.174020E-02  8.748710E-03  5.174020E-02  6.946899E+01  1.056848E+00  1.434349E+00  2.658180E+00  5.277521E-01
  3.400000E+03  1.436667E+01  1.277161E+01  1.060795E-02  6.929510E+01  6.930324E+01  3.043950E-02 -3.861811E-02  3.043950E-02  6.934123E+01 -3.832454E-02 -3.861811E-02 -3.832454E-02  6.924082E+01  1.063378E+00  1.441306E+00  2.809120E+00  4.746835E-01
  3.450000E+03  1.433949E+01  1.277322E+01  9.285603E-03  6.934717E+01  6.934296E+01 -9.845595E-02 -3.543017E-02 -9.845595E-02  6.929443E+01 -6.656857E-04 -3.543017E-02 -6.656857E-04  6.940412E+01  1.044178E+00  1.366090E+00  2.971260E+00  4.542156E-01
  3.500000E+03  1.437113E+01  1.278896E+01  1.079322E-02  6.939533E+01  6.935698E+01 -9.738820E-02  6.279328E-03 -9.738820E-02  6.938114E+01 -6.615746E-02  6.279328E-03 -6.615746E-02  6.944785E+01  1.054779E+00  1.435039E+00  2.941969E+00  4.597202E-01
  3.550000E+03  1.434689E+01  1.276992E+01  8.707731E-03  6.936144E+01  6.931364E+01  4.101669E-02  5.987661E-02  4.101669E-02  6.944380E+01  4.247342E-02  5.987661E-02  4.247342E-02  6.932689E+01  1.051310E+00  1.383033E+00  2.746192E+00  5.069981E-01
  3.600000E+03  1.435707E+01  1.276721E+01  1.053388E-02  6.935395E+01  6.934950E+01 -1.782935E-02 -4.590823E-02 -1.782935E-02  6.925921E+01 -4.293644E-02 -4.590823E-02 -4.293644E-02  6.945314E+01  1.059909E+00  1.425653E+00  2.760050E+00  4.285451E-01
  3.650000E+03  1.436227E+01  1.278546E+01  1.038999E-02  6.932614E+01  6.935291E+01  3.868746E-03 -7.941749E-02  3.868746E-03  6.935505E+01 -5.824529E-02 -7.941749E-02 -5.824529E-02  6.927045E+01  1.051205E+00  1.402998E+00  2.694599E+00  4.545003E-01
  3.700000E+03  1.437064E+01  1.277685E+01  1.141086E-02  6.936340E+01  6.942926E+01  2.466490E-02  6.359147E-02  2.466490E-02  6.920493E+01  3.359032E-03  6.359147E-02  3.359032E-03  6.945601E+01  1.062533E+00  1.433100E+00  2.765718E+00  4.346085E-01
  3.750000E+03  1.435219E+01  1.278145E+01  1.014409E-02  6.935080E+01  6.940360E+01  6.986454E-02 -1.217885E-01  6.986454E-02  6.931126E+01 -6.848731E-02 -1.217885E-01 -6.848731E-02  6.933755E+01  1.047156E+00  1.431715E+00  2.666592E+00  4.071768E-01
  3.800000E+03  1.435800E+01  1.277016E+01  1.103517E-02  6.932009E+01  6.922275E+01 -1.571586E-02  2.890531E-02 -1.571586E-02  6.944248E+01 -8.694022E-02  2.890531E-02 -8.694022E-02  6.929504E+01  1.058557E+00  1.445059E+00  2.915624E+00  5.120822E-01
  3.850000E+03  1.434188E+01  1.276336E+01  1.027158E-02  6.940316E+01  6.947818E+01  6.984068E-03  1.469677E-02  6.984068E-03  6.935005E+01 -6.077196E-02  1.469677E-02 -6.077196E-02  6.938126E+01  1.052346E+00  1.420412E+00  2.516956E+00  3.795012E-01
  3.900000E+03  1.435079E+01  1.277002E+01  9.474013E-03  6.935037E+01  6.937226E+01  5.989992E-02 -6.340718E-03  5.989992E-02  6.929832E+01 -6.738807E-02 -6.340718E-03 -6.738807E-02  6.938052E+01  1.053849E+00  1.373230E+00  2.765672E+00  5.567187E-01
  3.950000E+03  1.434430E+01  1.276013E+01  1.250397E-02  6.941248E+01  6.946523E+01 -2.259303E-02  4.897453E-02 -2.259303E-02  6.938485E+01 -9.316516E-02  4.897453E-02 -9.316516E-02  6.938736E+01  1.056112E+00  1.464145E+00  3.270598E+00  5.435872E-01
  4.000000E+03  1.434581E+01  1.276639E+01  1.109955E-02  6.936313E+01  6.939531E+01  1.670811E-02  4.272290E-02  1.670811E-02  6.942716E+01 -4.496460E-02  4.272290E-02 -4.496460E-02  6.926692E+01  1.052950E+00  1.415502E+00  2.970493E+00  4.300445E-01
  4.050000E+03  1.434582E+01  1.276850E+01  1.002552E-02  6.939089E+01  6.942385E+01  1.078965E-01  9.246656E-02  1.078965E-01  6.927655E+01 -1.116698E-02  9.246656E-02 -1.116698E-02  6.947228E+01  1.051552E+00  1.396991E+00  2.585857E+00  4.642561E-01
  4.100000E+03  1.435362E+01  1.277476E+01  1.082921E-02  6.932564E+01  6.932119E+01 -9.056172E-02  2.572584E-02 -9.056172E-02  6.931397E+01  2.678728E-02  2.572584E-02  2.678728E-02  6.934176E+01  1.052572E+00  1.436254E+00  2.764078E+00  3.696268E-01
  4.150000E+03  1.433104E+01  1.274983E+01  9.510027E-03  6.939707E+01  6.948896E+01  1.314821E-02 -9.271510E-03  1.314821E-02  6.931734E+01  7.004841E-02 -9.271510E-03  7.004841E-02  6.938492E+01  1.054138E+00  1.380689E+00  2.798891E+00  4.769462E-01
  4.200000E+03  1.436720E+01  1.277114E+01  1.064598E-02  6.937818E+01  6.938380E+01  4.056887E-02 -1.370446E-02  4.056887E-02  6.939431E+01  1.351698E-02 -1.370446E-02  1.351698E-02  6.935644E+01  1.064035E+00  1.407992E+00  2.840615E+00  4.287450E-01
  4.250000E+03  1.433983E+01  1.275352E+01  9.687100E-03  6.937777E+01  6.929178E+01 -1.462229E-01  4.656555E-02 -1.462229E-01  6.953190E+01  2.217071E-03  4.656555E-02  2.217071E-03  6.930964E+01  1.057536E+00  1.384374E+00  2.656537E+00  5.250059E-01
  4.300000E+03  1.434156E+01  1.276327E+01  8.119187E-03  6.936088E+01  6.959713E+01  6.575315E-02 -3.508588E-02  6.575315E-02  6.917461E+01 -1.696033E-02 -3.508588E-02 -1.696033E-02  6.931091E+01  1.052196E+00  1.345693E+00  2.465497E+00  4.699952E-01
  4.350000E+03  1.435597E+01  1.277399E+01  1.003217E-02  6.939516E+01  6.933371E+01 -9.230897E-04 -3.044609E-02 -9.230897E-04  6.942392E+01 -6.711800E-02 -3.044609E-02 -6.711800E-02  6.942784E+01  1.054648E+00  1.397462E+00  2.867116E+00  4.480885E-01
  4.400000E+03  1.434243E+01  1.275951E+01  1.013095E-02  6.932825E+01  6.937061E+01  7.711353E-02  5.119241E-02  7.711353E-02  6.924061E+01  6.822780E-02  5.119241E-02  6.822780E-02  6.937354E+01  1.055278E+00  1.429778E+00  2.651226E+00  4.303294E-01
  4.450000E+03  1.436044E+01  1.277484E+01  1.039699E-02  6.943417E+01  6.938784E+01 -2.883922E-02 -1.140455E-02 -2.883922E-02  6.945445E+01 -6.556461E-02 -1.140455E-02 -6.556461E-02  6.946021E+01  1.057067E+00  1.408245E+00  3.152919E+00  4.215999E-01
  4.500000E+03  1.434320E+01  1.277083E+01  9.965117E-03  6.937715E+01  6.942336E+01 -1.885016E-02  3.992521E-03 -1.885016E-02  6.938649E+01 -5.260511E-02  3.992521E-03 -5.260511E-02  6.932160E+01  1.048246E+00  1.386765E+00  3.031836E+00  4.524035E-01
  4.550000E+03  1.436751E+01  1.277179E+01  1.084172E-02  6.936813E+01  6.930096E+01 -1.699159E-02 -6.807911E-02 -1.699159E-02  6.932879E+01 -1.101264E-01 -6.807911E-02 -1.101264E-01  6.947464E+01  1.063810E+00  1.435415E+00  2.732674E+00  4.718646E-01
  4.600000E+03  1.436103E+01  1.276098E+01  1.011469E-02  6.934922E+01  6.934697E+01 -6.363954E-02  8.437526E-02 -6.363954E-02  6.928524E+01  2.102584E-02  8.437526E-02  2.102584E-02  6.941546E+01  1.066703E+00  1.403815E+00  2.857201E+00  5.904894E-01
  4.650000E+03  1.434528E+01  1.277670E+01  9.952956E-03  6.934993E+01  6.939382E+01  4.166097E-02  1.345887E-02  4.166097E-02  6.926667E+01 -5.590098E-02  1.345887E-02 -5.590098E-02  6.938930E+01  1.045719E+00  1.409727E+00  2.864228E+00  4.578342E-01
  4.700000E+03  1.435123E+01  1.277159E+01  1.088692E-02  6.937559E+01  6.943627E+01 -7.804230E-02 -8.785360E-03 -7.804230E-02  6.928078E+01 -7.259783E-02 -8.785360E-03 -7.259783E-02  6.940973E+01  1.053092E+00  1.425230E+00  2.788394E+00  5.226357E-01
  4.750000E+03  1.435442E+01  1.276546E+01  9.309314E-03  6.931082E+01  6.939797E+01  3.109529E-02 -3.749816E-02  3.109529E-02  6.926364E+01  2.370058E-02 -3.749816E-02  2.370058E-02  6.927085E+01  1.059307E+00  1.386589E+00  2.614223E+00  4.025620E-01
  4.800000E+03  1.437326E+01  1.278108E+01  9.769956E-03  6.936355E+01  6.948012E+01 -5.889400E-02  4.199097E-02 -5.889400E-02  6.932268E+01 -8.178369E-03  4.199097E-02 -8.178369E-03  6.928785E+01  1.061455E+00  1.431858E+00  2.510220E+00  3.598668E-01
  4.850000E+03  1.436593E+01  1.276553E+01  1.126953E-02  6.935158E+01  6.935968E+01 -7.719687E-02  1.006756E-02 -7.719687E-02  6.938371E+01  1.711662E-02  1.006756E-02  1.711662E-02  6.931136E+01  1.066933E+00  1.440635E+00  2.768564E+00  4.312378E-01
  4.900000E+03  1.434828E+01  1.276883E+01  8.988216E-03  6.943857E+01  6.949641E+01  1.088747E-02  2.651787E-02  1.088747E-02  6.933290E+01 -1.595386E-02  2.651787E-02 -1.595386E-02  6.948640E+01  1.052966E+00  1.361430E+00  2.866292E+00  5.044864E-01
  4.950000E+03  1.436742E+01  1.277667E+01  1.096830E-02  6.930757E+01  6.943748E+01  4.798983E-02 -1.157967E-01  4.798983E-02  6.924343E+01  1.241217E-01 -1.157967E-01  1.241217E-01  6.924181E+01  1.060494E+00  1.419833E+00  2.866786E+00  3.768530E-01
  5.000000E+03  1.435389E+01  1.277459E+01  1.093656E-02  6.919397E+01  6.920876E+01  3.011178E-02  1.719900E-02  3.011178E-02  6.924274E+01 -6.587599E-02  1.719900E-02 -6.587599E-02  6.913042E+01  1.052868E+00  1.429736E+00  2.998398E+00  4.065385E-01
  5.050000E+03  1.435583E+01  1.277225E+01  9.774549E-03  6.940377E+01  6.945879E+01  6.454832E-03  6.098191E-02  6.454832E-03  6.944210E+01  3.180237E-02  6.098191E-02  3.180237E-02  6.931043E+01  1.055714E+00  1.401275E+00  2.627336E+00  5.463225E-01
  5.100000E+03  1.435782E+01  1.276496E+01  1.022009E-02  6.939442E+01  6.942665E+01  4.689377E-02  8.018192E-02  4.689377E-02  6.939456E+01 -3.084998E-02  8.018192E-02 -3.084998E-02  6.936204E+01  1.061909E+00  1.395746E+00  2.820032E+00  4.490913E-01
  5.150000E+03  1.436852E+01  1.277376E+01  8.783155E-03  6.935732E+01  6.938888E+01  1.071073E-02 -9.199868E-03  1.071073E-02  6.937660E+01 -7.950421E-02 -9.199868E-03 -7.950421E-02  6.930650E+01  1.063176E+00  1.387265E+00  2.619634E+00  4.020406E-01
  5.200000E+03  1.434305E+01  1.276086E+01  1.078457E-02  6.944052E+01  6.947814E+01 -9.747981E-03 -3.800577E-02 -9.747981E-03  6.947287E+01  1.551931E-02 -3.800577E-02  1.551931E-02  6.937056E+01  1.054794E+00  1.417237E+00  3.026205E+00  5.132722E-01
  5.250000E+03  1.435759E+01  1.277533E+01  9.041268E-03  6.937728E+01  6.933542E+01  1.215662E-02  5.702209E-02  1.215662E-02  6.941815E+01  1.953501E-02  5.702209E-02  1.953501E-02  6.937828E+01  1.054840E+00  1.387741E+00  2.540128E+00  3.348763E-01
  5.300000E+03  1.435566E+01  1.277658E+01  9.922900E-03  6.929345E+01  6.927361E+01  2.225537E-02 -1.523651E-01  2.225537E-02  6.931805E+01 -4.956087E-02 -1.523651E-01 -4.956087E-02  6.928869E+01  1.052721E+00  1.397452E+00  2.756992E+00  4.718890E-01
  5.350000E+03  1.434712E+01  1.276624E+01  8.799377E-03  6.944745E+01  6.926791E+01 -1.991665E-02  1.271549E-02 -1.991665E-02  6.953976E+01 -2.115067E-02  1.271549E-02 -2.115067E-02  6.953468E+01  1.053917E+00  1.366703E+00  2.369719E+00  5.391333E-01
  5.400000E+03  1.435773E+01  1.276510E+01  9.184720E-03  6.944053E+01  6.938703E+01 -4.944735E-02 -1.056887E-02 -4.944735E-02  6.959910E+01  7.143254E-02 -1.056887E-02  7.143254E-02  6.933547E+01  1.061756E+00  1.389550E+00  2.479564E+00  4.521336E-01
  5.450000E+03  1.433306E+01  1.275798E+01  9.627775E-03  6.942639E+01  6.956656E+01 -3.902578E-02  1.073999E-01 -3.902578E-02  6.938929E+01 -5.788199E-02  1.073999E-01 -5.788199E-02  6.932334E+01  1.050051E+00  1.364267E+00  2.792666E+00  5.762691E-01
  5.500000E+03  1.436548E+01  1.276710E+01  9.628628E-03  6.945066E+01  6.960575E+01  1.650661E-02  1.123716E-02  1.650661E-02  6.930709E+01 -1.337623E-02  1.123716E-02 -1.337623E-02  6.943915E+01  1.065589E+00  1.389429E+00  3.103879E+00  4.965758E-01
  5.550000E+03  1.435349E+01  1.277680E+01  9.294134E-03  6.929430E+01  6.928738E+01 -1.603363E-02  7.815629E-02 -1.603363E-02  6.933036E+01  5.512891E-03  7.815629E-02  5.512891E-03  6.926516E+01  1.051128E+00  1.403089E+00  2.529888E+00  5.772635E-01
  5.600000E+03  1.436292E+01  1.277193E+01  1.059650E-02  6.931276E+01  6.919023E+01 -6.613560E-02 -2.793075E-02 -6.613560E-02  6.945271E+01  1.603381E-02 -2.793075E-02  1.603381E-02  6.929534E+01  1.060666E+00  1.422843E+00  3.176194E+00  5.617996E-01
  5.650000E+03  1.433724E+01  1.275990E+01  1.078917E-02  6.943128E+01  6.952659E+01 -5.465763E-02 -3.397171E-02 -5.465763E-02  6.943739E+01 -2.760949E-02 -3.397171E-02 -2.760949E-02  6.932985E+01  1.051561E+00  1.416954E+00  2.984372E+00  5.682939E-01
  5.700000E+03  1.436396E+01  1.278552E+01  1.084508E-02  6.931918E+01  6.930403E+01 -5.495872E-02  1.714218E-02 -5.495872E-02  6.934399E+01 -5.952605E-02  1.714218E-02 -5.952605E-02  6.930951E+01  1.052289E+00  1.422964E+00  2.625136E+00  3.863158E-01
  5.750000E+03  1.435304E+01  1.276534E+01  1.019687E-02  6.927323E+01  6.934688E+01 -3.499158E-02  2.022038E-02 -3.499158E-02  6.928204E+01  3.363061E-02  2.022038E-02  3.363061E-02  6.919078E+01  1.058470E+00  1.408498E+00  2.940929E+00  5.507652E-01
  5.800000E+03  1.435521E+01  1.276670E+01  1.138392E-02  6.942532E+01  6.943560E+01  6.893929E-02 -1.182942E-01  6.893929E-02  6.939492E+01 -2.742276E-02 -1.182942E-01 -2.742276E-02  6.944544E+01  1.059007E+00  1.436446E+00  3.094741E+00  3.665368E-01
  5.850000E+03  1.436002E+01  1.277892E+01  9.906493E-03  6.924573E+01  6.924724E+01 -7.901203E-03  6.262919E-03 -7.901203E-03  6.930377E+01  1.877105E-02  6.262919E-03  1.877105E-02  6.918618E+01  1.054067E+00  1.389506E+00  2.862986E+00  5.058923E-01
  5.900000E+03  1.436391E+01  1.277414E+01  1.010361E-02  6.944394E+01  6.945543E+01 -6.761415E-03 -1.303977E-01 -6.761415E-03  6.942467E+01  2.332732E-02 -1.303977E-01  2.332732E-02  6.945173E+01  1.059849E+00  1.420012E+00  2.894274E+00  4.374107E-01
  5.950000E+03  1.434608E+01  1.276803E+01  9.436027E-03  6.923969E+01  6.922507E+01 -8.208639E-02  2.023641E-02 -8.208639E-02  6.927332E+01 -3.792281E-02  2.023641E-02 -3.792281E-02  6.922069E+01  1.052033E+00  1.375129E+00  2.574908E+00  4.123448E-01
  6.000000E+03  1.435430E+01  1.276822E+01  1.042607E-02  6.938122E+01  6.941799E+01 -3.107323E-02  2.088375E-02 -3.107323E-02  6.938005E+01  1.517243E-01  2.088375E-02  1.517243E-01  6.934561E+01  1.057382E+00  1.413442E+00  2.959093E+00  4.157290E-01
  6.050000E+03  1.435236E+01  1.277105E+01  1.128510E-02  6.936514E+01  6.930344E+01 -5.927962E-03 -1.950560E-02 -5.927962E-03  6.937728E+01 -2.630480E-02 -1.950560E-02 -2.630480E-02  6.941471E+01  1.054204E+00  1.446789E+00  2.872518E+00  5.929420E-01
  6.100000E+03  1.432957E+01  1.274998E+01  9.136869E-03  6.941521E+01  6.940343E+01 -2.836670E-02  2.358063E-02 -2.836670E-02  6.936006E+01 -1.325248E-01  2.358063E-02 -1.325248E-01  6.948215E+01  1.053060E+00  1.378274E+00  2.565509E+00  4.161454E-01
  6.150000E+03  1.435645E+01  1.276422E+01  9.068382E-03  6.941873E+01  6.943564E+01 -3.842678E-02 -7.298846E-03 -3.842678E-02  6.941492E+01 -6.824515E-02 -7.298846E-03 -6.824515E-02  6.940563E+01  1.061487E+00  1.387252E+00  2.359031E+00  4.227124E-01
  6.200000E+03  1.433479E+01  1.276935E+01  9.720352E-03  6.924707E+01  6.927153E+01  3.936667E-02  6.214321E-03  3.936667E-02  6.918139E+01 -2.431612E-02  6.214321E-03 -2.431612E-02  6.928830E+01  1.043628E+00  1.395318E+00  2.476601E+00  5.102039E-01
  6.250000E+03  1.434374E+01  1.275915E+01  9.080157E-03  6.934876E+01  6.940127E+01  5.169951E-02  3.333526E-02  5.169951E-02  6.940087E+01 -1.591294E-01  3.333526E-02 -1.591294E-01  6.924415E+01  1.056394E+00  1.400500E+00  2.620352E+00  4.718770E-01
  6.300000E+03  1.436237E+01  1.277507E+01  8.854671E-03  6.945385E+01  6.950192E+01  7.983386E-02  8.528723E-02  7.983386E-02  6.953756E+01  5.847410E-04  8.528723E-02  5.847410E-04  6.932208E+01  1.058205E+00  1.387638E+00  2.496441E+00  4.658968E-01
  6.350000E+03  1.434731E+01  1.276804E+01  1.080385E-02  6.938552E+01  6.937229E+01  8.448958E-02 -5.754609E-03  8.448958E-02  6.935065E+01 -7.597991E-03 -5.754609E-03 -7.597991E-03  6.943363E+01  1.052845E+00  1.421868E+00  2.859540E+00  5.100185E-01
  6.400000E+03  1.434227E+01  1.276502E+01  9.583359E-03  6.928981E+01  6.935050E+01 -4.732063E-03 -9.346379E-02 -4.732063E-03  6.921049E+01 -1.053567E-01 -9.346379E-02 -1.053567E-01  6.930842E+01  1.051502E+00  1.388392E+00  2.788711E+00  4.372096E-01
  6.450000E+03  1.435485E+01  1.276693E+01  9.174433E-03  6.939440E+01  6.941452E+01  9.012132E-02 -3.297268E-02  9.012132E-02  6.942274E+01 -5.417334E-02 -3.297268E-02 -5.417334E-02  6.934593E+01  1.058613E+00  1.379100E+00  2.681955E+00  4.199946E-01
  6.500000E+03  1.434452E+01  1.276061E+01  9.907700E-03  6.940833E+01  6.931235E+01 -5.280306E-03  4.711039E-02 -5.280306E-03  6.943192E+01 -2.754952E-03  4.711039E-02 -2.754952E-03  6.948071E+01  1.055938E+00  1.382347E+00  2.727701E+00  3.993273E-01
  6.550000E+03  1.435438E+01  1.276532E+01  9.547057E-03  6.933665E+01  6.917873E+01 -1.128232E-02  1.416109E-01 -1.128232E-02  6.946450E+01 -6.704410E-02  1.416109E-01 -6.704410E-02  6.936672E+01  1.059377E+00  1.372445E+00  2.989143E+00  4.105872E-01
  6.600000E+03  1.435610E+01  1.277766E+01  1.045074E-02  6.934402E+01  6.939787E+01  5.747737E-02 -8.179906E-03  5.747737E-02  6.933543E+01  1.071482E-01 -8.179906E-03  1.071482E-01  6.929877E+01  1.052292E+00  1.422343E+00  2.857529E+00  4.713577E-01
  6.650000E+03  1.435591E+01  1.276712E+01  9.509384E-03  6.926173E+01  6.928754E+01  8.165744E-02 -1.613203E-01  8.165744E-02  6.929440E+01 -1.305979E-02 -1.613203E-01 -1.305979E-02  6.920323E+01  1.059188E+00  1.349241E+00  2.758606E+00  5.016490E-01
  6.700000E+03  1.433848E+01  1.275169E+01  9.372088E-03  6.947630E+01  6.939926E+01  2.425965E-03  3.685978E-02  2.425965E-03  6.955439E+01  2.388897E-02  3.685978E-02  2.388897E-02  6.947525E+01  1.057858E+00  1.383693E+00  2.585596E+00  4.650416E-01
  6.750000E+03  1.434245E+01  1.276470E+01  1.079908E-02  6.926442E+01  6.925505E+01 -8.852289E-03  3.854176E-02 -8.852289E-03  6.930598E+01  1.308260E-01  3.854176E-02  1.308260E-01  6.923223E+01  1.051831E+00  1.439108E+00  2.963273E+00  4.365338E-01
  6.800000E+03  1.436553E+01  1.276695E+01  1.067880E-02  6.938539E+01  6.946997E+01 -9.544464E-02 -5.985833E-03 -9.544464E-02  6.932452E+01  5.602137E-02 -5.985833E-03  5.602137E-02  6.936167E+01  1.065718E+00  1.420305E+00  2.797303E+00  5.208078E-01
  6.850000E+03  1.434719E+01  1.276140E+01  8.950625E-03  6.929308E+01  6.926425E+01  6.186196E-02 -2.056779E-02  6.186196E-02  6.928016E+01 -3.382165E-02 -2.056779E-02 -3.382165E-02  6.933484E+01  1.057197E+00  1.379863E+00  2.600627E+00  4.617679E-01
  6.900000E+03  1.433850E+01  1.275733E+01  9.739534E-03  6.939985E+01  6.950217E+01  1.135885E-02  1.298788E-02  1.135885E-02  6.937140E+01  2.394172E-02  1.298788E-02  2.394172E-02  6.932598E+01  1.054117E+00  1.382530E+00  2.693517E+00  5.559131E-01
  6.950000E+03  1.436045E+01  1.276749E+01  1.040154E-02  6.942011E+01  6.946747E+01  2.879393E-02  1.803532E-02  2.879393E-02  6.941278E+01  1.738367E-02  1.803532E-02  1.738367E-02  6.938008E+01  1.061973E+00  1.403840E+00  2.836329E+00  4.651784E-01
  7.000000E+03  1.435091E+01  1.277342E+01  1.160618E-02  6.934316E+01  6.929639E+01  1.757155E-02 -2.428729E-02  1.757155E-02  6.931733E+01 -1.104181E-01 -2.428729E-02 -1.104181E-01  6.941576E+01  1.051660E+00  1.460035E+00  2.855951E+00  5.185625E-01
  7.050000E+03  1.435327E+01  1.277036E+01  9.052464E-03  6.932104E+01  6.931514E+01 -6.848580E-02  4.169475E-02 -6.848580E-02  6.931122E+01 -4.192866E-02  4.169475E-02 -4.192866E-02  6.933676E+01  1.055276E+00  1.374177E+00  2.678810E+00  5.332782E-01
  7.100000E+03  1.437044E+01  1.278160E+01  9.495384E-03  6.946611E+01  6.957793E+01 -1.582640E-02 -5.685434E-02 -1.582640E-02  6.938595E+01  1.472238E-02 -5.685434E-02  1.472238E-02  6.943445E+01  1.059230E+00  1.392068E+00  2.658267E+00  4.807102E-01
  7.150000E+03  1.436113E+01  1.277512E+01  1.033350E-02  6.931861E+01  6.943208E+01  1.007947E-02 -5.185195E-02  1.007947E-02  6.933709E+01  2.072632E-02 -5.185195E-02  2.072632E-02  6.918666E+01  1.057339E+00  1.391734E+00  3.124431E+00  4.444937E-01
  7.200000E+03  1.436749E+01  1.276523E+01  7.860630E-03  6.944470E+01  6.937978E+01  3.735717E-02 -5.937412E-02  3.735717E-02  6.943852E+01 -8.592385E-02 -5.937412E-02 -8.592385E-02  6.951581E+01  1.068172E+00  1.365379E+00  2.583912E+00  4.712909E-01
  7.250000E+03  1.434575E+01  1.276180E+01  9.596710E-03  6.930227E+01  6.933712E+01 -6.882924E-03  9.524020E-02 -6.882924E-03  6.926420E+01  7.736056E-02  9.524020E-02  7.736056E-02  6.930550E+01  1.055967E+00  1.404852E+00  2.701747E+00  5.295743E-01
  7.300000E+03  1.434918E+01  1.276845E+01  1.119792E-02  6.930542E+01  6.928941E+01 -1.112150E-01 -3.752087E-02 -1.112150E-01  6.924880E+01 -1.159661E-01 -3.752087E-02 -1.159661E-01  6.937804E+01  1.053818E+00  1.435914E+00  2.754795E+00  4.873857E-01
  7.350000E+03  1.435404E+01  1.276619E+01  8.793063E-03  6.944940E+01  6.946511E+01  7.002927E-04 -4.986579E-02  7.002927E-04  6.947453E+01 -1.039264E-01 -4.986579E-02 -1.039264E-01  6.940856E+01  1.058568E+00  1.367750E+00  2.683612E+00  4.792007E-01
  7.400000E+03  1.436121E+01  1.277281E+01  1.054470E-02  6.934406E+01  6.937878E+01 -7.685595E-02 -6.377029E-02 -7.685595E-02  6.932592E+01 -7.555373E-02 -6.377029E-02 -7.555373E-02  6.932748E+01  1.058932E+00  1.422714E+00  2.673826E+00  5.174971E-01
  7.450000E+03  1.437062E+01  1.278499E+01  1.059027E-02  6.928506E+01  6.923339E+01 -7.086102E-02  5.292213E-02 -7.086102E-02  6.922781E+01  3.889837E-02  5.292213E-02  3.889837E-02  6.939398E+01  1.057081E+00  1.433102E+00  3.128761E+00  3.857064E-01
  7.500000E+03  1.434246E+01  1.276989E+01  9.174100E-03  6.937412E+01  6.931283E+01  3.484280E-02 -6.197456E-02  3.484280E-02  6.941094E+01  6.541481E-02 -6.197456E-02  6.541481E-02  6.939860E+01  1.048377E+00  1.381495E+00  2.758751E+00  5.538460E-01
  7.550000E+03  1.435454E+01  1.276736E+01  1.124604E-02  6.929662E+01  6.941887E+01  4.040909E-02  8.986815E-02  4.040909E-02  6.925145E+01 -1.812593E-02  8.986815E-02 -1.812593E-02  6.921953E+01  1.058120E+00  1.452041E+00  2.696170E+00  4.432241E-01
  7.600000E+03  1.436464E+01  1.277142E+01  1.083050E-02  6.937376E+01  6.933233E+01 -6.773551E-02 -1.543384E-02 -6.773551E-02  6.936154E+01  9.002623E-03 -1.543384E-02  9.002623E-03  6.942743E+01  1.062145E+00  1.423102E+00  2.852231E+00  5.021835E-01
  7.650000E+03  1.436488E+01  1.278066E+01  1.066259E-02  6.927582E+01  6.934271E+01  1.456542E-01 -6.910924E-02  1.456542E-01  6.914886E+01 -1.266857E-01 -6.910924E-02 -1.266857E-01  6.933590E+01  1.056145E+00  1.424018E+00  2.892218E+00  4.870460E-01
  7.700000E+03  1.434156E+01  1.276814E+01  1.012929E-02  6.944967E+01  6.943073E+01 -3.127028E-02  6.498503E-03 -3.127028E-02  6.939883E+01  9.475762E-02  6.498503E-03  9.475762E-02  6.951944E+01  1.048947E+00  1.418493E+00  2.583948E+00  3.460214E-01
  7.750000E+03  1.434024E+01  1.276223E+01  9.511986E-03  6.936913E+01  6.931745E+01 -2.253179E-02 -3.440708E-02 -2.253179E-02  6.941818E+01 -8.172341E-03 -3.440708E-02 -8.172341E-03  6.937177E+01  1.052004E+00  1.399280E+00  2.929407E+00  5.862334E-01
  7.800000E+03  1.434468E+01  1.276005E+01  9.232923E-03  6.933868E+01  6.938907E+01  1.808885E-02 -4.758973E-02  1.808885E-02  6.933529E+01  1.537185E-01 -4.758973E-02  1.537185E-01  6.929168E+01  1.056418E+00  1.375820E+00  2.792440E+00  3.998790E-01
  7.850000E+03  1.432661E+01  1.276555E+01  9.971684E-03  6.943027E+01  6.947105E+01  8.304903E-02  1.399378E-01  8.304903E-02  6.940344E+01  9.264244E-02  1.399378E-01  9.264244E-02  6.941631E+01  1.040708E+00  1.424090E+00  2.751842E+00  6.125226E-01
  7.900000E+03  1.436793E+01  1.278038E+01  1.149053E-02  6.943747E+01  6.950222E+01 -3.596235E-02 -7.496175E-03 -3.596235E-02  6.944627E+01 -1.002545E-01 -7.496175E-03 -1.002545E-01  6.936392E+01  1.058364E+00  1.447233E+00  2.704274E+00  4.770727E-01
  7.950000E+03  1.434369E+01  1.276454E+01  1.027648E-02  6.935217E+01  6.941082E+01  1.569171E-02  7.709295E-02  1.569171E-02  6.922328E+01  1.017999E-02  7.709295E-02  1.017999E-02  6.942242E+01  1.052770E+00  1.428802E+00  2.660832E+00  4.568732E-01
  8.000000E+03  1.434535E+01  1.276499E+01  1.040922E-02  6.930744E+01  6.923816E+01 -3.080855E-02  2.811883E-02 -3.080855E-02  6.936939E+01 -5.816908E-02  2.811883E-02 -5.816908E-02  6.931476E+01  1.053575E+00  1.393441E+00  2.763254E+00  4.294987E-01
  8.050000E+03  1.436349E+01  1.277861E+01  1.074539E-02  6.936716E+01  6.941508E+01 -1.779247E-02 -6.277724E-02 -1.779247E-02  6.939616E+01  3.480910E-02 -6.277724E-02  3.480910E-02  6.929026E+01  1.056590E+00  1.423296E+00  2.713178E+00  4.017764E-01
  8.100000E+03  1.436215E+01  1.277647E+01  1.016735E-02  6.930923E+01  6.929316E+01 -5.591639E-03 -2.503803E-02 -5.591639E-03  6.930037E+01 -9.433132E-02 -2.503803E-02 -9.433132E-02  6.933416E+01  1.057120E+00  1.394633E+00  2.923223E+00  5.610863E-01
  8.150000E+03  1.436064E+01  1.276178E+01  9.730977E-03  6.939358E+01  6.946396E+01 -2.601855E-04  3.490044E-02 -2.601855E-04  6.943418E+01  4.202592E-02  3.490044E-02  4.202592E-02  6.928261E+01  1.065911E+00  1.413706E+00  2.993006E+00  5.808267E-01
  8.200000E+03  1.435757E+01  1.277053E+01  1.040254E-02  6.935483E+01  6.939864E+01  7.691155E-02 -5.117259E-02  7.691155E-02  6.935737E+01 -6.991301E-02 -5.117259E-02 -6.991301E-02  6.930849E+01  1.058026E+00  1.408038E+00  2.745019E+00  4.302247E-01
  8.250000E+03  1.436233E+01  1.278409E+01  1.142947E-02  6.936430E+01  6.939450E+01 -6.918713E-04  1.030434E-01 -6.918713E-04  6.935466E+01  2.126485E-02  1.030434E-01  2.126485E-02  6.934373E+01  1.052156E+00  1.432580E+00  3.160977E+00  4.197403E-01
  8.300000E+03  1.433896E+01  1.276958E+01  1.019363E-02  6.932748E+01  6.942845E+01 -6.754191E-04  5.022554E-02 -6.754191E-04  6.930444E+01  1.749330E-01  5.022554E-02  1.749330E-01  6.924955E+01  1.046247E+00  1.401604E+00  2.843711E+00  4.380146E-01
  8.350000E+03  1.433482E+01  1.276635E+01  1.072640E-02  6.927729E+01  6.926364E+01 -2.525370E-02  1.843773E-02 -2.525370E-02  6.925861E+01  4.239836E-04  1.843773E-02  4.239836E-04  6.930960E+01  1.045645E+00  1.414958E+00  2.815013E+00  5.263336E-01
  8.400000E+03  1.435008E+01  1.276591E+01  1.013547E-02  6.936345E+01  6.932289E+01  5.206825E-02 -3.932316E-02  5.206825E-02  6.937545E+01 -3.885104E-02 -3.932316E-02 -3.885104E-02  6.939200E+01  1.056109E+00  1.423574E+00  2.755961E+00  5.100688E-01
  8.450000E+03  1.436011E+01  1.276457E+01  1.037378E-02  6.935755E+01  6.941467E+01  1.006885E-01 -4.133793E-02  1.006885E-01  6.938832E+01 -1.812974E-02 -4.133793E-02 -1.812974E-02  6.926965E+01  1.063697E+00  1.420228E+00  2.884764E+00  4.462702E-01
  8.500000E+03  1.435453E+01  1.278117E+01  1.053294E-02  6.923750E+01  6.939059E+01  1.459595E-03  6.597817E-02  1.459595E-03  6.904035E+01  1.454729E-02  6.597817E-02  1.454729E-02  6.928155E+01  1.048902E+00  1.428665E+00  3.057012E+00  4.953243E-01
  8.550000E+03  1.433362E+01  1.275191E+01  9.453086E-03  6.947528E+01  6.952863E+01  8.958944E-02  6.818911E-02  8.958944E-02  6.946582E+01 -3.718041E-03  6.818911E-02 -3.718041E-03  6.943140E+01  1.054473E+00  1.391793E+00  2.649521E+00  5.182415E-01
  8.600000E+03  1.435908E+01  1.276790E+01  9.933184E-03  6.940448E+01  6.939220E+01  2.675214E-02 -2.649674E-02  2.675214E-02  6.938698E+01  5.233448E-02 -2.649674E-02  5.233448E-02  6.943425E+01  1.060788E+00  1.395923E+00  2.628401E+00  4.321682E-01
  8.650000E+03  1.434498E+01  1.276108E+01  9.070895E-03  6.934780E+01  6.937289E+01 -2.412431E-02  5.226988E-02 -2.412431E-02  6.944935E+01 -2.039042E-02  5.226988E-02 -2.039042E-02  6.922115E+01  1.055937E+00  1.373512E+00  2.739783E+00  5.217742E-01
  8.700000E+03  1.435594E+01  1.277469E+01  1.121196E-02  6.943986E+01  6.947505E+01  4.293924E-02 -2.201713E-02  4.293924E-02  6.940342E+01 -3.202453E-02 -2.201713E-02 -3.202453E-02  6.944111E+01  1.054172E+00  1.448223E+00  2.935613E+00  3.949486E-01
  8.750000E+03  1.436298E+01  1.276850E+01  9.804827E-03  6.939567E+01  6.944880E+01 -4.259247E-02 -3.877235E-02 -4.259247E-02  6.932917E+01 -6.177087E-02 -3.877235E-02 -6.177087E-02  6.940902E+01  1.062988E+00  1.395938E+00  2.738796E+00  5.257603E-01
  8.800000E+03  1.432301E+01  1.275844E+01  1.020476E-02  6.929227E+01  6.925303E+01 -3.476240E-02 -1.196014E-02 -3.476240E-02  6.929328E+01 -6.483074E-03 -1.196014E-02 -6.483074E-03  6.933050E+01  1.043048E+00  1.396204E+00  2.908902E+00  5.260818E-01
  8.850000E+03  1.435113E+01  1.275304E+01  1.039150E-02  6.949939E+01  6.943364E+01  5.287398E-02  4.942533E-02  5.287398E-02  6.949768E+01  4.350300E-02  4.942533E-02  4.350300E-02  6.956683E+01  1.065398E+00  1.428098E+00  2.765434E+00  3.840504E-01
  8.900000E+03  1.433739E+01  1.276326E+01  1.101942E-02  6.939492E+01  6.946666E+01  5.857471E-02 -1.772362E-02  5.857471E-02  6.945645E+01 -1.366000E-02 -1.772362E-02 -1.366000E-02  6.926166E+01  1.049419E+00  1.440994E+00  3.147493E+00  4.812661E-01
  8.950000E+03  1.433672E+01  1.276200E+01  8.835122E-03  6.936320E+01  6.932186E+01  2.655250E-02  3.662187E-02  2.655250E-02  6.927450E+01 -1.464242E-02  3.662187E-02 -1.464242E-02  6.949323E+01  1.049809E+00  1.369981E+00  2.953209E+00  5.499156E-01
  9.000000E+03  1.435940E+01  1.277476E+01  1.012333E-02  6.933228E+01  6.936048E+01 -2.206166E-02  3.868964E-02 -2.206166E-02  6.935607E+01 -2.991262E-02  3.868964E-02 -2.991262E-02  6.928027E+01  1.056427E+00  1.432272E+00  2.735469E+00  5.350718E-01
  9.050000E+03  1.435725E+01  1.277194E+01  9.338777E-03  6.932363E+01  6.929806E+01 -7.294497E-03  1.922881E-02 -7.294497E-03  6.936145E+01 -1.062056E-02  1.922881E-02 -1.062056E-02  6.931138E+01  1.056874E+00  1.386254E+00  2.771190E+00  3.125327E-01
  9.100000E+03  1.436114E+01  1.276901E+01  9.963181E-03  6.940927E+01  6.950843E+01 -1.573913E-01 -1.173277E-01 -1.573913E-01  6.941097E+01  9.405264E-03 -1.173277E-01  9.405264E-03  6.930841E+01  1.061418E+00  1.413539E+00  2.640655E+00  5.119182E-01
  9.150000E+03  1.435697E+01  1.277258E+01  8.983508E-03  6.928545E+01  6.937116E+01  3.126307E-02 -2.920672E-02  3.126307E-02  6.930615E+01  3.020532E-02 -2.920672E-02  3.020532E-02  6.917904E+01  1.056260E+00  1.368713E+00  2.856593E+00  4.853678E-01
  9.200000E+03  1.434873E+01  1.276470E+01  9.433471E-03  6.935449E+01  6.940894E+01 -5.203712E-02 -1.230708E-01 -5.203712E-02  6.935228E+01 -1.300608E-02 -1.230708E-01 -1.300608E-02  6.930225E+01  1.056020E+00  1.403370E+00  2.681639E+00  4.682113E-01
  9.250000E+03  1.433182E+01  1.276112E+01  9.950973E-03  6.941307E+01  6.939832E+01  1.119608E-01 -4.054571E-02  1.119608E-01  6.944164E+01 -2.128640E-02 -4.054571E-02 -2.128640E-02  6.939925E+01  1.047133E+00  1.402584E+00  2.514254E+00  5.158102E-01
  9.300000E+03  1.435317E+01  1.277490E+01  1.054813E-02  6.930997E+01  6.927962E+01  2.497923E-02 -2.457780E-02  2.497923E-02  6.932737E+01 -3.256004E-02 -2.457780E-02 -3.256004E-02  6.932294E+01  1.052183E+00  1.398384E+00  3.431371E+00  5.745279E-01
  9.350000E+03  1.435606E+01  1.276280E+01  9.640438E-03  6.937329E+01  6.937168E+01 -4.814579E-02 -5.971357E-02 -4.814579E-02  6.940936E+01 -1.167559E-02 -5.971357E-02 -1.167559E-02  6.933884E+01  1.062177E+00  1.405319E+00  2.763729E+00  5.750477E-01
  9.400000E+03  1.434314E+01  1.276526E+01  1.110788E-02  6.925687E+01  6.925204E+01  2.569262E-02 -7.787132E-03  2.569262E-02  6.936424E+01  2.442917E-02 -7.787132E-03  2.442917E-02  6.915433E+01  1.051920E+00  1.423863E+00  2.728144E+00  4.147121E-01
  9.450000E+03  1.437894E+01  1.277942E+01  1.116578E-02  6.940205E+01  6.935212E+01  1.026116E-01  7.306962E-02  1.026116E-01  6.932579E+01 -1.183321E-01  7.306962E-02 -1.183321E-01  6.952823E+01  1.066348E+00  1.445270E+00  2.832169E+00  5.091216E-01
  9.500000E+03  1.434449E+01  1.276694E+01  1.062345E-02  6.931628E+01  6.920920E+01 -8.414439E-03  8.355188E-02 -8.414439E-03  6.941347E+01 -9.664639E-02  8.355188E-02 -9.664639E-02  6.932615E+01  1.051700E+00  1.415835E+00  2.814637E+00  5.096296E-01
  9.550000E+03  1.435708E+01  1.277269E+01  1.007682E-02  6.936214E+01  6.935337E+01 -1.332868E-03  1.855260E-02 -1.332868E-03  6.947977E+01 -3.868486E-02  1.855260E-02 -3.868486E-02  6.925328E+01  1.056257E+00  1.408820E+00  2.650393E+00  5.027696E-01
  9.600000E+03  1.435337E+01  1.278150E+01  1.000765E-02  6.935784E+01  6.933189E+01  6.167767E-02 -3.475472E-02  6.167767E-02  6.939529E+01 -1.801971E-02 -3.475472E-02 -1.801971E-02  6.934635E+01  1.047911E+00  1.415329E+00  2.968430E+00  3.914114E-01
  9.650000E+03  1.435175E+01  1.277020E+01  8.695818E-03  6.928098E+01  6.928308E+01  9.306977E-02  9.682692E-02  9.306977E-02  6.923844E+01  8.862336E-03  9.682692E-02  8.862336E-03  6.932142E+01  1.054368E+00  1.363345E+00  2.756472E+00  5.241182E-01
  9.700000E+03  1.435784E+01  1.277263E+01  9.699275E-03  6.943617E+01  6.933672E+01 -7.473385E-02 -2.173788E-02 -7.473385E-02  6.944014E+01  2.256911E-02 -2.173788E-02  2.256911E-02  6.953166E+01  1.056804E+00  1.384866E+00  3.003693E+00  5.172616E-01
  9.750000E+03  1.434880E+01  1.276590E+01  9.145460E-03  6.932473E+01  6.923900E+01 -4.332551E-02  5.129489E-02 -4.332551E-02  6.936018E+01 -4.442277E-02  5.129489E-02 -4.442277E-02  6.937502E+01  1.055262E+00  1.373748E+00  2.915663E+00  4.297144E-01
  9.800000E+03  1.436021E+01  1.278129E+01  9.391745E-03  6.939584E+01  6.941909E+01  1.650229E-02 -1.155350E-02  1.650229E-02  6.931194E+01 -2.932470E-02 -1.155350E-02 -2.932470E-02  6.945649E+01  1.052614E+00  1.382744E+00  2.673131E+00  4.564881E-01
  9.850000E+03  1.434895E+01  1.277411E+01  1.112869E-02  6.926060E+01  6.927609E+01  9.242092E-02  8.630319E-02  9.242092E-02  6.918570E+01  3.533442E-02  8.630319E-02  3.533442E-02  6.932002E+01  1.049892E+00  1.418393E+00  2.736589E+00  5.310922E-01
  9.900000E+03  1.436796E+01  1.278490E+01  1.008618E-02  6.927277E+01  6.919479E+01  3.847042E-02  3.555105E-02  3.847042E-02  6.924315E+01  1.159442E-03  3.555105E-02  1.159442E-03  6.938036E+01  1.055371E+00  1.398181E+00  2.703147E+00  5.135090E-01
  9.950000E+03  1.434187E+01  1.275576E+01  9.910098E-03  6.931406E+01  6.929406E+01  5.333212E-02 -4.041819E-02  5.333212E-02  6.929013E+01 -2.177325E-02 -4.041819E-02 -2.177325E-02  6.935800E+01  1.057411E+00  1.386330E+00  2.891446E+00  4.853527E-01
  1.000000E+04  1.435008E+01  1.275590E+01  8.888536E-03  6.935160E+01  6.938598E+01 -7.013249E-02 -1.106852E-01 -7.013249E-02  6.940368E+01 -8.494137E-02 -1.106852E-01 -8.494137E-02  6.926515E+01  1.062787E+00  1.387207E+00  2.612585E+00  4.909879E-01
  1.005000E+04  1.434917E+01  1.277428E+01  9.277763E-03  6.939654E+01  6.944150E+01 -4.287435E-02  6.453117E-02 -4.287435E-02  6.940104E+01  2.031823E-02  6.453117E-02  2.031823E-02  6.934708E+01  1.049931E+00  1.370619E+00  2.770195E+00  5.063034E-01
  1.010000E+04  1.436541E+01  1.277018E+01  1.102849E-02  6.933097E+01  6.918267E+01  3.734082E-03 -2.663843E-02  3.734082E-03  6.946581E+01  8.317715E-02 -2.663843E-02  8.317715E-02  6.934443E+01  1.063487E+00  1.426375E+00  2.797132E+00  4.943954E-01
  1.015000E+04  1.436078E+01  1.276893E+01  9.514711E-03  6.931422E+01  6.940414E+01  3.027666E-02 -5.169152E-02  3.027666E-02  6.934220E+01  1.841194E-02 -5.169152E-02  1.841194E-02  6.919633E+01  1.061233E+00  1.394975E+00  2.793116E+00  5.004041E-01
  1.020000E+04  1.435482E+01  1.277020E+01  1.125507E-02  6.929412E+01  6.930326E+01  6.470571E-03  9.642848E-02  6.470571E-03  6.933163E+01 -1.611429E-03  9.642848E-02 -1.611429E-03  6.924746E+01  1.056412E+00  1.447298E+00  3.183211E+00  3.966570E-01
  1.025000E+04  1.434273E+01  1.276093E+01  1.131166E-02  6.939684E+01  6.942194E+01 -3.031497E-02  3.994764E-02 -3.031497E-02  6.941667E+01 -5.885451E-02  3.994764E-02 -5.885451E-02  6.935190E+01  1.054537E+00  1.428876E+00  2.864529E+00  4.690822E-01
  1.030000E+04  1.434726E+01  1.276118E+01  9.965815E-03  6.937876E+01  6.933654E+01  1.061580E-01  3.530645E-03  1.061580E-01  6.936607E+01 -1.848382E-02  3.530645E-03 -1.848382E-02  6.943368E+01  1.057383E+00  1.404927E+00  2.506326E+00  5.036954E-01
  1.035000E+04  1.433272E+01  1.276355E+01  1.026782E-02  6.938633E+01  6.933337E+01  8.038560E-02 -6.276119E-02  8.038560E-02  6.940404E+01 -4.423586E-04 -6.276119E-02 -4.423586E-04  6.942158E+01  1.046118E+00  1.426193E+00  2.915052E+00  3.946665E-01
  1.040000E+04  1.435370E+01  1.277519E+01  9.708276E-03  6.937775E+01  6.933310E+01 -1.515531E-02 -3.602264E-02 -1.515531E-02  6.936884E+01 -1.406303E-02 -3.602264E-02 -1.406303E-02  6.943131E+01  1.052337E+00  1.404078E+00  2.736985E+00  5.512560E-01
  1.045000E+04  1.434238E+01  1.276265E+01  1.026444E-02  6.929235E+01  6.942128E+01  2.015249E-03  3.394335E-02  2.015249E-03  6.922287E+01 -1.926966E-02  3.394335E-02 -1.926966E-02  6.923291E+01  1.053152E+00  1.410851E+00  3.003036E+00  4.993614E-01
  1.050000E+04  1.435878E+01  1.276549E+01  9.977745E-03  6.938664E+01  6.948631E+01 -2.391088E-01 -1.061469E-02 -2.391088E-01  6.930909E+01  7.471789E-02 -1.061469E-02  7.471789E-02  6.936452E+01  1.062197E+00  1.398411E+00  2.576105E+00  4.171699E-01
  1.055000E+04  1.435378E+01  1.276904E+01  1.014797E-02  6.931175E+01  6.924128E+01 -6.161779E-03 -5.965072E-02 -6.161779E-03  6.941048E+01 -8.050701E-02 -5.965072E-02 -8.050701E-02  6.928350E+01  1.056493E+00  1.397380E+00  2.917735E+00  3.785078E-01
  1.060000E+04  1.434938E+01  1.276416E+01  1.000332E-02  6.940466E+01  6.937867E+01 -2.098563E-03  5.527757E-02 -2.098563E-03  6.945246E+01  3.283664E-02  5.527757E-02  3.283664E-02  6.938285E+01  1.056812E+00  1.429641E+00  2.784248E+00  5.047025E-01
  1.065000E+04  1.436486E+01  1.277230E+01  9.127902E-03  6.940471E+01  6.946715E+01 -2.364848E-04 -1.446707E-02 -2.364848E-04  6.940079E+01 -6.195680E-02 -1.446707E-02 -6.195680E-02  6.934619E+01  1.061706E+00  1.386541E+00  2.459676E+00  6.223605E-01
  1.070000E+04  1.437204E+01  1.277748E+01  1.010798E-02  6.937522E+01  6.949529E+01  2.829007E-02  3.742591E-02  2.829007E-02  6.939538E+01 -7.955527E-03  3.742591E-02 -7.955527E-03  6.923499E+01  1.063038E+00  1.411570E+00  2.707427E+00  5.362019E-01
  1.075000E+04  1.435488E+01  1.276676E+01  1.008814E-02  6.936287E+01  6.935185E+01  2.308062E-03  3.293879E-02  2.308062E-03  6.935944E+01  3.437679E-02  3.293879E-02  3.437679E-02  6.937733E+01  1.058746E+00  1.411480E+00  2.798923E+00  4.260439E-01
  1.080000E+04  1.435521E+01  1.277364E+01  1.052895E-02  6.936414E+01  6.936866E+01 -6.217830E-04  7.532578E-03 -6.217830E-04  6.939905E+01  7.697000E-03  7.532578E-03  7.697000E-03  6.932472E+01  1.054379E+00  1.443617E+00  3.160971E+00  5.121911E-01
  1.085000E+04  1.436400E+01  1.277293E+01  1.036472E-02  6.939361E+01  6.942891E+01 -7.472067E-03 -2.639425E-02 -7.472067E-03  6.938459E+01  1.943044E-02 -2.639425E-02  1.943044E-02  6.936733E+01  1.060710E+00  1.414298E+00  2.659343E+00  4.446161E-01
  1.090000E+04  1.435702E+01  1.276697E+01  9.066506E-03  6.940034E+01  6.945609E+01  7.668233E-02 -5.777559E-02  7.668233E-02  6.935765E+01 -7.714514E-02 -5.777559E-02 -7.714514E-02  6.938726E+01  1.060038E+00  1.360235E+00  2.630390E+00  4.997716E-01
  1.095000E+04  1.433700E+01  1.276262E+01  1.002782E-02  6.931482E+01  6.917313E+01  4.446094E-02 -6.368781E-02  4.446094E-02  6.940109E+01 -1.028135E-01 -6.368781E-02 -1.028135E-01  6.937022E+01  1.049592E+00  1.414894E+00  2.942343E+00  3.936607E-01
  1.100000E+04  1.434235E+01  1.275678E+01  8.317768E-03  6.925828E+01  6.935026E+01  6.077986E-02  5.587657E-03  6.077986E-02  6.916202E+01  2.304566E-02  5.587657E-03  2.304566E-02  6.926256E+01  1.057043E+00  1.361340E+00  2.658807E+00  5.010261E-01
  1.105000E+04  1.437095E+01  1.277914E+01  1.126171E-02  6.937517E+01  6.935910E+01  3.770388E-02 -2.562317E-03  3.770388E-02  6.945363E+01  6.535115E-02 -2.562317E-03  6.535115E-02  6.931277E+01  1.061204E+00  1.413889E+00  2.843161E+00  4.804501E-01
  1.110000E+04  1.434901E+01  1.276632E+01  1.016879E-02  6.936686E+01  6.942566E+01  4.227801E-02  7.736316E-02  4.227801E-02  6.938679E+01 -3.160819E-02  7.736316E-02 -3.160819E-02  6.928812E+01  1.055128E+00  1.414429E+00  2.639476E+00  5.276012E-01
  1.115000E+04  1.436476E+01  1.277158E+01  9.437300E-03  6.946152E+01  6.942395E+01  1.492803E-02  1.696267E-02  1.492803E-02  6.943074E+01  3.590170E-02  1.696267E-02  3.590170E-02  6.952988E+01  1.062117E+00  1.413272E+00  2.497044E+00  5.359592E-01
  1.120000E+04  1.435965E+01  1.276740E+01  9.437038E-03  6.938357E+01  6.941684E+01  7.958440E-02  2.260138E-02  7.958440E-02  6.944129E+01  4.672562E-02  2.260138E-02  4.672562E-02  6.929259E+01  1.061501E+00  1.394196E+00  2.660213E+00  4.368078E-01
  1.125000E+04  1.437149E+01  1.278204E+01  9.341482E-03  6.933811E+01  6.933648E+01  5.546570E-02 -5.752502E-02  5.546570E-02  6.945234E+01 -2.361440E-02 -5.752502E-02 -2.361440E-02  6.922551E+01  1.059633E+00  1.389043E+00  2.599453E+00  4.718988E-01
  1.130000E+04  1.434182E+01  1.275197E+01  9.470225E-03  6.948696E+01  6.946600E+01  4.764455E-02 -1.441428E-02  4.764455E-02  6.949669E+01  4.906587E-02 -1.441428E-02  4.906587E-02  6.949818E+01  1.059899E+00  1.372720E+00  2.575203E+00  4.351625E-01
  1.135000E+04  1.437101E+01  1.277755E+01  9.302077E-03  6.933220E+01  6.935804E+01 -8.415391E-02 -1.780836E-02 -8.415391E-02  6.931011E+01  8.401118E-02 -1.780836E-02  8.401118E-02  6.932845E+01  1.062307E+00  1.375664E+00  2.682785E+00  4.319322E-01
  1.140000E+04  1.435763E+01  1.278171E+01  1.083024E-02  6.926979E+01  6.922799E+01 -1.421361E-02 -6.858740E-03 -1.421361E-02  6.920362E+01 -6.576950E-02 -6.858740E-03 -6.576950E-02  6.937777E+01  1.050612E+00  1.446704E+00  2.568355E+00  5.504806E-01
  1.145000E+04  1.436016E+01  1.277044E+01  9.609399E-03  6.933234E+01  6.938477E+01  6.897121E-02  7.905053E-03  6.897121E-02  6.936195E+01 -3.307709E-02  7.905053E-03 -3.307709E-02  6.925030E+01  1.059809E+00  1.394227E+00  2.791539E+00  4.787087E-01
  1.150000E+04  1.436552E+01  1.277241E+01  1.020329E-02  6.934353E+01  6.923264E+01  2.954111E-02  5.849022E-02  2.954111E-02  6.940319E+01 -1.509398E-01  5.849022E-02 -1.509398E-01  6.939477E+01  1.062077E+00  1.397744E+00  2.837030E+00  5.022613E-01
  1.155000E+04  1.434721E+01  1.276912E+01  1.054897E-02  6.933803E+01  6.926548E+01 -7.124026E-02  4.099365E-02 -7.124026E-02  6.937738E+01  4.407154E-02  4.099365E-02  4.407154E-02  6.937121E+01  1.052064E+00  1.420068E+00  2.801173E+00  4.821153E-01
  1.160000E+04  1.435805E+01  1.277119E+01  1.034014E-02  6.934986E+01  6.939382E+01 -3.249439E-02 -1.451463E-03 -3.249439E-02  6.921562E+01  2.810651E-02 -1.451463E-03  2.810651E-02  6.944014E+01  1.057903E+00  1.427234E+00  2.669182E+00  5.617924E-01
  1.165000E+04  1.434518E+01  1.276765E+01  1.266638E-02  6.931501E+01  6.919581E+01 -1.326319E-02 -7.415051E-02 -1.326319E-02  6.938230E+01  1.660559E-02 -7.415051E-02  1.660559E-02  6.936692E+01  1.051687E+00  1.491863E+00  2.794094E+00  3.657772E-01
  1.170000E+04  1.435773E+01  1.277883E+01  9.353124E-03  6.923298E+01  6.930007E+01 -5.012937E-02  9.501384E-02 -5.012937E-02  6.920872E+01 -3.083060E-02  9.501384E-02 -3.083060E-02  6.919013E+01  1.052598E+00  1.374315E+00  2.720573E+00  5.171596E-01
  1.175000E+04  1.437791E+01  1.278100E+01  1.143494E-02  6.930289E+01  6.930037E+01  8.941559E-02  2.123477E-02  8.941559E-02  6.924268E+01 -6.210239E-03  2.123477E-02 -6.210239E-03  6.936561E+01  1.064604E+00  1.442887E+00  3.000205E+00  5.066875E-01
  1.180000E+04  1.433575E+01  1.275749E+01  1.061508E-02  6.936496E+01  6.938161E+01  6.383822E-02  1.205409E-02  6.383822E-02  6.923983E+01  3.301847E-02  1.205409E-02  3.301847E-02  6.947343E+01  1.052179E+00  1.408001E+00  3.001676E+00  4.981918E-01
  1.185000E+04  1.436259E+01  1.276860E+01  9.372438E-03  6.931601E+01  6.923787E+01  1.727511E-02 -2.061852E-02  1.727511E-02  6.938166E+01  3.106783E-02 -2.061852E-02  3.106783E-02  6.932849E+01  1.062657E+00  1.388099E+00  2.589054E+00  4.259446E-01
  1.190000E+04  1.432939E+01  1.275807E+01  9.096104E-03  6.935405E+01  6.934653E+01  6.901403E-02 -6.438603E-02  6.901403E-02  6.934059E+01  2.530985E-02 -6.438603E-02  2.530985E-02  6.937504E+01  1.047547E+00  1.390597E+00  2.556554E+00  5.063147E-01
  1.195000E+04  1.435217E+01  1.276667E+01  9.337466E-03  6.923578E+01  6.933501E+01  7.218487E-02  8.783043E-02  7.218487E-02  6.915804E+01 -8.588142E-02  8.783043E-02 -8.588142E-02  6.921431E+01  1.057001E+00  1.385232E+00  2.740623E+00  3.669173E-01
  1.200000E+04  1.435120E+01  1.276841E+01  9.706199E-03  6.940549E+01  6.939339E+01 -2.749009E-02  3.960581E-02 -2.749009E-02  6.942990E+01  1.055521E-01  3.960581E-02  1.055521E-01  6.939319E+01  1.055189E+00  1.396896E+00  2.705825E+00  5.029173E-01
  1.205000E+04  1.433890E+01  1.275923E+01  9.636851E-03  6.938498E+01  6.941024E+01  7.136049E-04  3.868069E-02  7.136049E-04  6.938935E+01 -3.979397E-02  3.868069E-02 -3.979397E-02  6.935535E+01  1.053115E+00  1.382292E+00  2.860379E+00  3.686162E-01
  1.210000E+04  1.434539E+01  1.276043E+01  1.022571E-02  6.941219E+01  6.947116E+01  8.064369E-02  2.226127E-02  8.064369E-02  6.944047E+01  5.583318E-03  2.226127E-02  5.583318E-03  6.932494E+01  1.056640E+00  1.425780E+00  2.801782E+00  3.289034E-01
  1.215000E+04  1.436617E+01  1.278494E+01  9.748512E-03  6.937115E+01  6.937239E+01  8.877477E-02 -2.300535E-02  8.877477E-02  6.939835E+01  8.342832E-02 -2.300535E-02  8.342832E-02  6.934272E+01  1.054154E+00  1.390692E+00  2.664511E+00  5.186249E-01
  1.220000E+04  1.434957E+01  1.276071E+01  1.024847E-02  6.936794E+01  6.926507E+01  7.026327E-02 -3.731885E-02  7.026327E-02  6.941476E+01 -3.962487E-02 -3.731885E-02 -3.962487E-02  6.942399E+01  1.059237E+00  1.412371E+00  2.749286E+00  5.101778E-01
  1.225000E+04  1.433990E+01  1.276728E+01  1.064764E-02  6.931381E+01  6.935643E+01  7.138774E-04  7.343222E-03  7.138774E-04  6.924322E+01 -4.871336E-02  7.343222E-03 -4.871336E-02  6.934178E+01  1.048408E+00  1.409042E+00  3.181703E+00  4.030386E-01
  1.230000E+04  1.436841E+01  1.276719E+01  9.343750E-03  6.932772E+01  6.938528E+01  1.928123E-02 -3.258541E-02  1.928123E-02  6.932189E+01 -6.596043E-02 -3.258541E-02 -6.596043E-02  6.927599E+01  1.067479E+00  1.382266E+00  2.471729E+00  4.928054E-01
  1.235000E+04  1.436231E+01  1.277298E+01  9.537158E-03  6.935847E+01  6.939792E+01  4.592129E-03  1.715290E-02  4.592129E-03  6.934468E+01 -5.735306E-02  1.715290E-02 -5.735306E-02  6.933281E+01  1.059550E+00  1.403556E+00  2.707871E+00  5.261155E-01
  1.240000E+04  1.432900E+01  1.276203E+01  1.013679E-02  6.935647E+01  6.925814E+01 -8.319856E-02  8.803120E-02 -8.319856E-02  6.936933E+01  6.756351E-02  8.803120E-02  6.756351E-02  6.944193E+01  1.044644E+00  1.381048E+00  2.655638E+00  4.638794E-01
  1.245000E+04  1.436260E+01  1.276795E+01  1.021285E-02  6.932648E+01  6.926081E+01  7.094490E-02 -6.895452E-04  7.094490E-02  6.929922E+01 -4.546207E-02 -6.895452E-04 -4.546207E-02  6.941942E+01  1.063099E+00  1.412914E+00  2.805195E+00  4.393576E-01
  1.250000E+04  1.435741E+01  1.277557E+01  1.036496E-02  6.939452E+01  6.928239E+01  1.294666E-02 -4.853523E-02  1.294666E-02  6.943201E+01 -3.261882E-02 -4.853523E-02 -3.261882E-02  6.946916E+01  1.054560E+00  1.403061E+00  2.834729E+00  5.462298E-01
  1.255000E+04  1.436289E+01  1.276791E+01  1.054568E-02  6.934330E+01  6.926621E+01  5.468619E-02 -7.107287E-02  5.468619E-02  6.938643E+01  4.963757E-03 -7.107287E-02  4.963757E-03  6.937726E+01  1.063319E+00  1.399632E+00  3.190544E+00  4.176511E-01
  1.260000E+04  1.434779E+01  1.275890E+01  8.788086E-03  6.937011E+01  6.942629E+01  2.646325E-02  7.205535E-03  2.646325E-02  6.927888E+01  7.307710E-02  7.205535E-03  7.307710E-02  6.940515E+01  1.059259E+00  1.360891E+00  2.879277E+00  2.140407E-01
  1.265000E+04  1.434296E+01  1.277410E+01  1.058620E-02  6.927821E+01  6.931761E+01 -4.113895E-02 -6.796985E-02 -4.113895E-02  6.927742E+01  1.214270E-02 -6.796985E-02  1.214270E-02  6.923961E+01  1.045906E+00  1.421941E+00  2.803815E+00  3.898559E-01
  1.270000E+04  1.433704E+01  1.276213E+01  9.491579E-03  6.934223E+01  6.939598E+01  4.551902E-03 -2.172829E-02  4.551902E-03  6.932158E+01  1.082950E-01 -2.172829E-02  1.082950E-01  6.930913E+01  1.049941E+00  1.419913E+00  2.697000E+00  5.682843E-01
  1.275000E+04  1.435199E+01  1.276788E+01  9.458479E-03  6.929633E+01  6.927054E+01  3.399243E-04  2.516616E-02  3.399243E-04  6.937161E+01 -3.392958E-02  2.516616E-02 -3.392958E-02  6.924683E+01  1.056068E+00  1.394452E+00  2.784261E+00  4.912903E-01
  1.280000E+04  1.436005E+01  1.277356E+01  8.151991E-03  6.929856E+01  6.937451E+01 -6.093865E-02 -1.191267E-01 -6.093865E-02  6.925100E+01 -9.210317E-02 -1.191267E-01 -9.210317E-02  6.927016E+01  1.057657E+00  1.352981E+00  2.491806E+00  3.398651E-01
  1.285000E+04  1.435422E+01  1.277661E+01  1.069704E-02  6.933721E+01  6.936858E+01 -3.521357E-02  1.622284E-02 -3.521357E-02  6.940873E+01  8.993659E-03  1.622284E-02  8.993659E-03  6.923433E+01  1.051739E+00  1.427974E+00  2.430950E+00  4.436297E-01
  1.290000E+04  1.434192E+01  1.276531E+01  8.978188E-03  6.942383E+01  6.938611E+01  5.082242E-02 -6.862959E-02  5.082242E-02  6.946717E+01  6.269848E-03 -6.862959E-02  6.269848E-03  6.941822E+01  1.051076E+00  1.365005E+00  3.229316E+00  4.359858E-01
  1.295000E+04  1.435797E+01  1.277275E+01  8.957145E-03  6.937419E+01  6.942621E+01  9.253979E-02  1.258897E-01  9.253979E-02  6.925849E+01  6.441294E-02  1.258897E-01  6.441294E-02  6.943787E+01  1.056811E+00  1.375008E+00  2.711998E+00  5.330718E-01
  1.300000E+04  1.433467E+01  1.276521E+01  1.090175E-02  6.947156E+01  6.951646E+01 -3.019584E-02 -9.177967E-03 -3.019584E-02  6.934377E+01 -2.590463E-02 -9.177967E-03 -2.590463E-02  6.955444E+01  1.046304E+00  1.432388E+00  2.679539E+00  4.725799E-01
  1.305000E+04  1.434619E+01  1.277605E+01  1.047345E-02  6.928903E+01  6.930587E+01 -1.255271E-02  1.121572E-01 -1.255271E-02  6.923682E+01  5.011273E-02  1.121572E-01  5.011273E-02  6.932441E+01  1.046760E+00  1.403523E+00  2.912168E+00  3.934818E-01
  1.310000E+04  1.434131E+01  1.277278E+01  1.046955E-02  6.929424E+01  6.934523E+01 -2.941042E-02  7.098999E-03 -2.941042E-02  6.921309E+01 -3.629273E-02  7.098999E-03 -3.629273E-02  6.932439E+01  1.045687E+00  1.425121E+00  2.866384E+00  5.412036E-01
  1.315000E+04  1.435259E+01  1.276644E+01  9.714332E-03  6.941257E+01  6.945549E+01 -6.182495E-02  1.304811E-01 -6.182495E-02  6.933252E+01 -5.358790E-02  1.304811E-01 -5.358790E-02  6.944969E+01  1.057435E+00  1.373164E+00  2.885570E+00  4.919315E-01
  1.320000E+04  1.435871E+01  1.277300E+01  1.017763E-02  6.936401E+01  6.942264E+01 -4.514345E-02 -3.878755E-02 -4.514345E-02  6.934039E+01  1.055087E-02 -3.878755E-02  1.055087E-02  6.932898E+01  1.057141E+00  1.407307E+00  2.649143E+00  5.307805E-01
  1.325000E+04  1.434961E+01  1.277098E+01  1.036837E-02  6.937260E+01  6.941014E+01  1.991150E-02  9.508988E-03  1.991150E-02  6.927339E+01 -1.449803E-01  9.508988E-03 -1.449803E-01  6.943427E+01  1.052421E+00  1.393302E+00  3.003755E+00  4.973352E-01
  1.330000E+04  1.436528E+01  1.277273E+01  9.794466E-03  6.937687E+01  6.949076E+01  2.944462E-02 -6.404519E-03  2.944462E-02  6.924756E+01 -1.063180E-01 -6.404519E-03 -1.063180E-01  6.939230E+01  1.061700E+00  1.383946E+00  2.750740E+00  4.780052E-01
  1.335000E+04  1.433623E+01  1.276393E+01  9.619510E-03  6.931029E+01  6.929117E+01  4.336981E-02  2.864105E-02  4.336981E-02  6.922498E+01  3.592633E-02  2.864105E-02  3.592633E-02  6.941472E+01  1.048200E+00  1.393914E+00  2.805372E+00  4.735903E-01
  1.340000E+04  1.436139E+01  1.277057E+01  9.877047E-03  6.935168E+01  6.931728E+01  6.090754E-02 -7.000065E-02  6.090754E-02  6.920867E+01  2.503637E-02 -7.000065E-02  2.503637E-02  6.952908E+01  1.060547E+00  1.412601E+00  2.815639E+00  5.907827E-01
  1.345000E+04  1.437120E+01  1.278130E+01  9.610501E-03  6.945963E+01  6.943792E+01 -8.316801E-02  2.869878E-03 -8.316801E-02  6.941554E+01 -1.356705E-02  2.869878E-03 -1.356705E-02  6.952542E+01  1.059928E+00  1.392524E+00  2.919850E+00  5.240654E-01
  1.350000E+04  1.435295E+01  1.276797E+01  1.047624E-02  6.926701E+01  6.932742E+01 -6.320462E-03 -1.142669E-03 -6.320462E-03  6.919592E+01 -1.989862E-02 -1.142669E-03 -1.989862E-02  6.927769E+01  1.056651E+00  1.413235E+00  2.858331E+00  3.679651E-01
  1.355000E+04  1.436087E+01  1.277965E+01  8.878813E-03  6.932863E+01  6.925729E+01  4.818369E-02  8.643059E-02  4.818369E-02  6.944578E+01 -3.406786E-02  8.643059E-02 -3.406786E-02  6.928284E+01  1.054146E+00  1.372031E+00  2.955223E+00  5.862827E-01
  1.360000E+04  1.434865E+01  1.276665E+01  9.309859E-03  6.936583E+01  6.930174E+01 -1.022805E-01 -1.147147E-02 -1.022805E-01  6.947264E+01 -3.706320E-02 -1.147147E-02 -3.706320E-02  6.932312E+01  1.054672E+00  1.394101E+00  2.462678E+00  4.662645E-01
  1.365000E+04  1.435332E+01  1.276606E+01  8.580152E-03  6.933533E+01  6.929766E+01  4.064979E-02 -2.413651E-02  4.064979E-02  6.939648E+01  2.644786E-03 -2.413651E-02  2.644786E-03  6.931184E+01  1.058173E+00  1.349366E+00  3.286553E+00  5.055319E-01
  1.370000E+04  1.435369E+01  1.276829E+01  1.014165E-02  6.941142E+01  6.942712E+01 -2.369002E-02  4.905106E-02 -2.369002E-02  6.945763E+01 -5.299966E-03  4.905106E-02 -5.299966E-03  6.934952E+01  1.056935E+00  1.412906E+00  2.744918E+00  4.172133E-01
  1.375000E+04  1.435066E+01  1.276149E+01  9.433991E-03  6.935597E+01  6.941768E+01 -3.237021E-02  1.447344E-02 -3.237021E-02  6.930488E+01  5.274368E-02  1.447344E-02  5.274368E-02  6.934536E+01  1.059447E+00  1.374050E+00  2.784900E+00  4.965998E-01
  1.380000E+04  1.434956E+01  1.277350E+01  1.061047E-02  6.945329E+01  6.939018E+01 -8.655958E-02  1.823090E-02 -8.655958E-02  6.948207E+01  1.142841E-01  1.823090E-02  1.142841E-01  6.948764E+01  1.050712E+00  1.427730E+00  3.290804E+00  5.392001E-01
  1.385000E+04  1.432874E+01  1.275896E+01  9.706189E-03  6.937304E+01  6.939238E+01 -6.475258E-02  2.330590E-02 -6.475258E-02  6.943686E+01  1.229104E-02  2.330590E-02  1.229104E-02  6.928988E+01  1.046523E+00  1.398597E+00  2.676140E+00  5.114466E-01
  1.390000E+04  1.437630E+01  1.278438E+01  9.143943E-03  6.927199E+01  6.918098E+01 -1.114991E-01  1.821614E-02 -1.114991E-01  6.933082E+01 -1.220768E-01  1.821614E-02 -1.220768E-01  6.930417E+01  1.061282E+00  1.372280E+00  2.914505E+00  4.520147E-01
  1.395000E+04  1.435435E+01  1.277538E+01  9.739678E-03  6.932877E+01  6.936995E+01  3.264647E-02  5.400037E-03  3.264647E-02  6.933138E+01  7.785731E-02  5.400037E-03  7.785731E-02  6.928498E+01  1.052646E+00  1.377940E+00  2.683718E+00  4.993606E-01
  1.400000E+04  1.434283E+01  1.277183E+01  9.944585E-03  6.935274E+01  6.933666E+01 -1.762320E-02  1.203679E-01 -1.762320E-02  6.937916E+01 -2.697395E-02  1.203679E-01 -2.697395E-02  6.934241E+01  1.047333E+00  1.414667E+00  2.658243E+00  5.595615E-01
  1.405000E+04  1.434880E+01  1.277192E+01  8.846910E-03  6.930473E+01  6.928014E+01  1.845078E-02  5.227626E-02  1.845078E-02  6.931743E+01  7.076274E-02  5.227626E-02  7.076274E-02  6.931663E+01  1.051253E+00  1.372252E+00  2.973315E+00  3.920079E-01
  1.410000E+04  1.435250E+01  1.277773E+01  1.059117E-02  6.933038E+01  6.933283E+01 -6.036610E-02  9.329877E-02 -6.036610E-02  6.932520E+01 -2.524196E-02  9.329877E-02 -2.524196E-02  6.933310E+01  1.049851E+00  1.428450E+00  2.580033E+00  5.271342E-01
  1.415000E+04  1.434988E+01  1.276772E+01  9.948367E-03  6.926165E+01  6.921314E+01  6.580223E-02  3.300164E-02  6.580223E-02  6.925091E+01 -1.276839E-02  3.300164E-02 -1.276839E-02  6.932091E+01  1.054775E+00  1.403991E+00  3.173824E+00  5.078856E-01
  1.420000E+04  1.434164E+01  1.276413E+01  9.651409E-03  6.940333E+01  6.948628E+01 -8.379084E-02  9.596579E-02 -8.379084E-02  6.942808E+01 -1.468237E-02  9.596579E-02 -1.468237E-02  6.929563E+01  1.051675E+00  1.375278E+00  2.802348E+00  4.551774E-01
  1.425000E+04  1.434859E+01  1.276637E+01  8.907348E-03  6.932283E+01  6.930936E+01  1.052773E-01  1.919194E-02  1.052773E-01  6.932631E+01  2.650530E-02  1.919194E-02  2.650530E-02  6.933280E+01  1.054811E+00  1.375993E+00  2.834360E+00  4.757373E-01
  1.430000E+04  1.434632E+01  1.277905E+01  8.942091E-03  6.926565E+01  6.941237E+01 -1.056840E-02  8.908950E-02 -1.056840E-02  6.928936E+01 -1.808742E-03  8.908950E-02 -1.808742E-03  6.909523E+01  1.044844E+00  1.370088E+00  2.734213E+00  4.738022E-01
  1.435000E+04  1.433773E+01  1.276881E+01  9.995532E-03  6.937465E+01  6.937964E+01  7.888806E-02 -1.961698E-02  7.888806E-02  6.939785E+01 -2.281981E-02 -1.961698E-02 -2.281981E-02  6.934646E+01  1.045947E+00  1.401938E+00  2.865000E+00  5.409744E-01
  1.440000E+04  1.436321E+01  1.276878E+01  9.587832E-03  6.934380E+01  6.929323E+01 -8.140873E-02  8.402982E-02 -8.140873E-02  6.935010E+01  4.408588E-02  8.402982E-02  4.408588E-02  6.938808E+01  1.062955E+00  1.386628E+00  3.104890E+00  5.384242E-01
  1.445000E+04  1.435326E+01  1.276857E+01  1.041073E-02  6.939225E+01  6.924483E+01  5.267887E-02  6.509854E-02  5.267887E-02  6.942166E+01  1.613628E-02  6.509854E-02  1.613628E-02  6.951027E+01  1.056456E+00  1.431791E+00  2.781012E+00  5.351336E-01
  1.450000E+04  1.433885E+01  1.276773E+01  9.202714E-03  6.926343E+01  6.924362E+01  7.359471E-02  1.417309E-01  7.359471E-02  6.933774E+01  2.129893E-02  1.417309E-01  2.129893E-02  6.920892E+01  1.047413E+00  1.369673E+00  2.657627E+00  4.195005E-01
  1.455000E+04  1.436011E+01  1.277487E+01  1.173507E-02  6.933780E+01  6.942365E+01  2.908005E-02 -6.713235E-03  2.908005E-02  6.925924E+01 -1.655485E-02 -6.713235E-03 -1.655485E-02  6.933051E+01  1.056831E+00  1.437398E+00  2.719790E+00  5.143758E-01
  1.460000E+04  1.437064E+01  1.277722E+01  1.098520E-02  6.931031E+01  6.931626E+01 -4.982527E-03 -7.152774E-02 -4.982527E-03  6.922918E+01 -1.064071E-01 -7.152774E-02 -1.064071E-01  6.938549E+01  1.062280E+00  1.429146E+00  3.021773E+00  4.041612E-01
  1.465000E+04  1.433352E+01  1.275731E+01  9.783253E-03  6.937201E+01  6.919610E+01  1.094182E-01 -6.500676E-03  1.094182E-01  6.945255E+01  7.969322E-02 -6.500676E-03  7.969322E-02  6.946737E+01  1.050809E+00  1.392112E+00  2.776851E+00  4.442298E-01
  1.470000E+04  1.432623E+01  1.275977E+01  9.650043E-03  6.932702E+01  6.936542E+01  1.100840E-02  4.105385E-02  1.100840E-02  6.927631E+01  3.836189E-03  4.105385E-02  3.836189E-03  6.933934E+01  1.044306E+00  1.368867E+00  2.647538E+00  4.236092E-01
  1.475000E+04  1.435110E+01  1.274984E+01  9.918095E-03  6.940572E+01  6.946817E+01  6.033849E-02  5.048290E-02  6.033849E-02  6.935948E+01  5.920329E-02  5.048290E-02  5.920329E-02  6.938950E+01  1.067510E+00  1.421715E+00  2.695761E+00  4.760192E-01
  1.480000E+04  1.435878E+01  1.276813E+01  1.088049E-02  6.941326E+01  6.956481E+01  3.681562E-02 -2.691941E-02  3.681562E-02  6.934108E+01  6.739599E-03 -2.691941E-02  6.739599E-03  6.933389E+01  1.060434E+00  1.406229E+00  2.877532E+00  4.345255E-01
  1.485000E+04  1.434994E+01  1.276783E+01  1.071664E-02  6.932369E+01  6.932219E+01  3.568143E-02  2.203439E-02  3.568143E-02  6.930233E+01 -8.791769E-03  2.203439E-02 -8.791769E-03  6.934656E+01  1.054741E+00  1.430554E+00  2.975945E+00  5.297463E-01
  1.490000E+04  1.437572E+01  1.277954E+01  9.774712E-03  6.926394E+01  6.938512E+01  2.467325E-02 -1.719751E-02  2.467325E-02  6.913331E+01 -7.551812E-02 -1.719751E-02 -7.551812E-02  6.927341E+01  1.064119E+00  1.397667E+00  2.644497E+00  4.166950E-01
  1.495000E+04  1.434779E+01  1.275902E+01  1.072065E-02  6.925404E+01  6.930989E+01 -2.339960E-02  5.212896E-02 -2.339960E-02  6.912253E+01 -1.836583E-02  5.212896E-02 -1.836583E-02  6.932969E+01  1.059177E+00  1.437127E+00  2.684209E+00  5.366911E-01
  1.500000E+04  1.435585E+01  1.277858E+01  1.174029E-02  6.936812E+01  6.942406E+01 -1.113840E-01  3.193820E-02 -1.113840E-01  6.932755E+01 -2.794698E-02  3.193820E-02 -2.794698E-02  6.935276E+01  1.051513E+00  1.453048E+00  2.876283E+00  4.920644E-01
