#         time      en-total      pe-total      be-total      pressure          s_xx          s_xy          s_xz          s_yx          s_yy          s_yz          s_zx          s_zy          s_zz   temperature     bndlen-av    bndlen-max    bndlen-min
  0.000000E+00  1.446468E+01  1.288161E+01  5.556287E-02  6.951208E+01  6.953004E+01  5.186130E-02  1.812383E-02  5.186130E-02  6.944464E+01  4.934891E-02  1.812383E-02  4.934891E-02  6.956155E+01  1.055381E+00  1.458133E+00  3.128626E+00  4.217633E-01
  5.000000E+01  1.445054E+01  1.287405E+01  5.436052E-02  6.951830E+01  6.955197E+01  3.635237E-03  3.107781E-02  3.635237E-03  6.937801E+01  2.943173E-02  3.107781E-02  2.943173E-02  6.962491E+01  1.050997E+00  1.443780E+00  2.917748E+00  4.643764E-01
  1.000000E+02  1.447418E+01  1.288150E+01  5.528049E-02  6.952442E+01  6.952666E+01  3.595446E-02 -7.096445E-02  3.595446E-02  6.940709E+01  1.928176E-02 -7.096445E-02  1.928176E-02  6.963952E+01  1.061788E+00  1.450310E+00  2.896517E+00  4.813614E-01
  1.500000E+02  1.444719E+01  1.288036E+01  5.343940E-02  6.945913E+01  6.942953E+01 -4.447250E-02  7.996091E-02 -4.447250E-02  6.954362E+01  4.283790E-02  7.996091E-02  4.283790E-02  6.940423E+01  1.044555E+00  1.440948E+00  3.126216E+00  4.964483E-01
  2.000000E+02  1.446136E+01  1.287120E+01  5.335519E-02  6.949649E+01  6.949593E+01 -4.711113E-02 -1.516054E-02 -4.711113E-02  6.945620E+01 -2.152811E-02 -1.516054E-02 -2.152811E-02  6.953733E+01  1.060106E+00  1.428852E+00  3.023225E+00  3.573875E-01
  2.500000E+02  1.446669E+01  1.288088E+01  5.666619E-02  6.943192E+01  6.952686E+01  1.223978E-01  4.592169E-02  1.223978E-01  6.930840E+01 -6.946609E-02  4.592169E-02 -6.946609E-02  6.946050E+01  1.057210E+00  1.451258E+00  3.315713E+00  4.434540E-01
  3.000000E+02  1.446898E+01  1.286620E+01  5.140152E-02  6.954682E+01  6.955303E+01  8.248621E-02 -3.309441E-02  8.248621E-02  6.958594E+01 -4.122836E-02 -3.309441E-02 -4.122836E-02  6.950150E+01  1.068514E+00  1.433416E+00  2.886884E+00  4.895911E-01
  3.500000E+02  1.445729E+01  1.287247E+01  5.355038E-02  6.950494E+01  6.949810E+01  1.177090E-02  3.675143E-02  1.177090E-02  6.946833E+01  1.023296E-03  3.675143E-02  1.023296E-03  6.954840E+01  1.056551E+00  1.447505E+00  3.029174E+00  4.769321E-01
  4.000000E+02  1.444327E+01  1.287418E+01  5.358117E-02  6.942989E+01  6.929368E+01 -3.647498E-03 -3.989789E-02 -3.647498E-03  6.949101E+01 -5.685357E-02 -3.989789E-02 -5.685357E-02  6.950499E+01  1.046062E+00  1.432653E+00  3.166070E+00  3.990970E-01
  4.500000E+02  1.444871E+01  1.287003E+01  5.377949E-02  6.941431E+01  6.946125E+01 -9.840853E-02  1.737665E-02 -9.840853E-02  6.935648E+01 -6.785948E-02  1.737665E-02 -6.785948E-02  6.942521E+01  1.052452E+00  1.437908E+00  3.029672E+00  3.448179E-01
  5.000000E+02  1.446934E+01  1.287327E+01  5.459744E-02  6.940717E+01  6.936498E+01 -7.302291E-02 -3.294756E-03 -7.302291E-02  6.943756E+01  1.155167E-02 -3.294756E-03  1.155167E-02  6.941896E+01  1.064045E+00  1.439087E+00  3.001536E+00  4.333866E-01
  5.500000E+02  1.445595E+01  1.286996E+01  5.746633E-02  6.948006E+01  6.948642E+01  3.525950E-03  8.195414E-04  3.525950E-03  6.952807E+01  2.380298E-02  8.195414E-04  2.380298E-02  6.942570E+01  1.057328E+00  1.459742E+00  3.189543E+00  4.103799E-01
  6.000000E+02  1.445577E+01  1.287372E+01  5.589153E-02  6.956449E+01  6.936321E+01 -6.251002E-02  9.744048E-03 -6.251002E-02  6.965062E+01  5.427334E-03  9.744048E-03  5.427334E-03  6.967965E+01  1.054701E+00  1.443583E+00  3.358108E+00  4.050660E-01
  6.500000E+02  1.444354E+01  1.286905E+01  5.307739E-02  6.950209E+01  6.954225E+01  7.638738E-02 -1.413740E-01  7.638738E-02  6.950571E+01 -4.243760E-02 -1.413740E-01 -4.243760E-02  6.945833E+01  1.049658E+00  1.431917E+00  2.981235E+00  3.892387E-01
  7.000000E+02  1.446852E+01  1.287488E+01  5.663724E-02  6.953228E+01  6.967245E+01 -1.404547E-01  2.953624E-02 -1.404547E-01  6.943791E+01 -9.750933E-02  2.953624E-02 -9.750933E-02  6.948646E+01  1.062425E+00  1.448190E+00  3.061549E+00  4.114265E-01
  7.500000E+02  1.445871E+01  1.286232E+01  5.195190E-02  6.963311E+01  6.953846E+01 -1.026025E-02 -2.920440E-02 -1.026025E-02  6.968498E+01 -6.287372E-02 -2.920440E-02 -6.287372E-02  6.967588E+01  1.064258E+00  1.429645E+00  2.907348E+00  4.672290E-01
  8.000000E+02  1.446190E+01  1.287739E+01  5.670534E-02  6.950629E+01  6.943205E+01  2.666494E-02  9.484809E-02  2.666494E-02  6.949844E+01  2.841574E-02  9.484809E-02  2.841574E-02  6.958837E+01  1.056339E+00  1.454943E+00  2.988867E+00  4.561175E-01
  8.500000E+02  1.447644E+01  1.287552E+01  5.369360E-02  6.952222E+01  6.944954E+01  6.894901E-02 -7.703260E-02  6.894901E-02  6.949593E+01 -8.286552E-02 -7.703260E-02 -8.286552E-02  6.962120E+01  1.067277E+00  1.434138E+00  2.966046E+00  3.721346E-01
  9.000000E+02  1.444290E+01  1.286948E+01  5.675540E-02  6.947715E+01  6.938746E+01  2.023664E-02 -1.084082E-01  2.023664E-02  6.951175E+01 -2.368067E-02 -1.084082E-01 -2.368067E-02  6.953226E+01  1.048949E+00  1.453823E+00  3.179972E+00  4.610269E-01
  9.500000E+02  1.444228E+01  1.286581E+01  5.441008E-02  6.951852E+01  6.957636E+01  9.684799E-03 -4.334029E-02  9.684799E-03  6.949384E+01  4.067732E-02 -4.334029E-02  4.067732E-02  6.948537E+01  1.050980E+00  1.446204E+00  3.449185E+00  4.066628E-01
  1.000000E+03  1.446866E+01  1.288360E+01  5.743574E-02  6.951186E+01  6.950112E+01  3.799492E-02 -2.255878E-02  3.799492E-02  6.946758E+01  3.559611E-02 -2.255878E-02  3.559611E-02  6.956688E+01  1.056708E+00  1.461059E+00  3.371085E+00  4.694720E-01
  1.050000E+03  1.446115E+01  1.287908E+01  5.739071E-02  6.942657E+01  6.945404E+01 -8.342187E-02 -5.372691E-03 -8.342187E-02  6.936905E+01  2.361850E-02 -5.372691E-03  2.361850E-02  6.945663E+01  1.054716E+00  1.464724E+00  3.077843E+00  3.931326E-01
  1.100000E+03  1.446164E+01  1.287558E+01  5.497210E-02  6.939381E+01  6.940347E+01 -6.461648E-02 -1.579707E-03 -6.461648E-02  6.940583E+01 -1.974465E-02 -1.579707E-03 -1.974465E-02  6.937212E+01  1.057373E+00  1.446492E+00  3.034062E+00  4.631892E-01
  1.150000E+03  1.445370E+01  1.287112E+01  5.731582E-02  6.938540E+01  6.938741E+01  4.321094E-03  2.663847E-02  4.321094E-03  6.939605E+01 -7.858720E-02  2.663847E-02 -7.858720E-02  6.937275E+01  1.055048E+00  1.459405E+00  3.031626E+00  3.148309E-01
  1.200000E+03  1.445567E+01  1.287450E+01  5.170555E-02  6.949999E+01  6.947059E+01 -3.305746E-02 -3.544743E-02 -3.305746E-02  6.943188E+01 -4.129202E-02 -3.544743E-02 -4.129202E-02  6.959752E+01  1.054114E+00  1.422660E+00  2.879769E+00  3.423903E-01
  1.250000E+03  1.445529E+01  1.287506E+01  5.606818E-02  6.938479E+01  6.937997E+01 -5.165433E-02 -1.086365E-01 -5.165433E-02  6.934088E+01 -7.553432E-02 -1.086365E-01 -7.553432E-02  6.943352E+01  1.053490E+00  1.442634E+00  3.252315E+00  4.496606E-01
  1.300000E+03  1.444564E+01  1.285574E+01  5.614641E-02  6.955799E+01  6.956863E+01 -7.349106E-02 -2.671232E-02 -7.349106E-02  6.956383E+01 -2.036481E-02 -2.671232E-02 -2.036481E-02  6.954151E+01  1.059937E+00  1.447594E+00  3.111541E+00  4.567131E-01
  1.350000E+03  1.447321E+01  1.288580E+01  5.301106E-02  6.947474E+01  6.935392E+01  9.350018E-02  2.786812E-02  9.350018E-02  6.950555E+01 -7.269244E-02  2.786812E-02 -7.269244E-02  6.956474E+01  1.058276E+00  1.431873E+00  3.196501E+00  3.728939E-01
  1.400000E+03  1.446307E+01  1.287985E+01  5.441956E-02  6.943382E+01  6.937738E+01  1.689867E-01 -2.775718E-02  1.689867E-01  6.950017E+01 -4.502193E-02 -2.775718E-02 -4.502193E-02  6.942389E+01  1.055480E+00  1.433962E+00  3.232987E+00  3.961835E-01
  1.450000E+03  1.444639E+01  1.286600E+01  5.298187E-02  6.949903E+01  6.949355E+01  5.136196E-02  4.942914E-02  5.136196E-02  6.952478E+01  3.175998E-02  4.942914E-02  3.175998E-02  6.947877E+01  1.053594E+00  1.434196E+00  3.047181E+00  4.149605E-01
  1.500000E+03  1.442464E+01  1.285220E+01  5.467845E-02  6.953464E+01  6.952624E+01  1.271257E-03 -8.162857E-02  1.271257E-03  6.947766E+01  2.104488E-02 -8.162857E-02  2.104488E-02  6.960002E+01  1.048291E+00  1.442548E+00  3.461760E+00  4.547501E-01
  1.550000E+03  1.444884E+01  1.287229E+01  5.669138E-02  6.953966E+01  6.957332E+01  2.645926E-02  6.873149E-03  2.645926E-02  6.957270E+01  3.902972E-02  6.873149E-03  3.902972E-02  6.947297E+01  1.051038E+00  1.457801E+00  2.955152E+00  4.354152E-01
  1.600000E+03  1.445535E+01  1.287250E+01  5.513425E-02  6.951372E+01  6.957895E+01  4.517476E-03  1.882697E-02  4.517476E-03  6.942551E+01 -6.747401E-03  1.882697E-02 -6.747401E-03  6.953671E+01  1.055234E+00  1.450886E+00  3.081714E+00  4.368568E-01
  1.650000E+03  1.445960E+01  1.287571E+01  5.442954E-02  6.944119E+01  6.939865E+01  4.937318E-02  1.021800E-02  4.937318E-02  6.943138E+01  3.909018E-02  1.021800E-02  3.909018E-02  6.949354E+01  1.055927E+00  1.449233E+00  3.078358E+00  3.930958E-01
  1.700000E+03  1.444940E+01  1.287032E+01  5.275168E-02  6.946862E+01  6.934064E+01 -2.430052E-02 -3.315012E-02 -2.430052E-02  6.946869E+01  6.007738E-02 -3.315012E-02  6.007738E-02  6.959655E+01  1.052721E+00  1.434807E+00  2.826693E+00  4.126157E-01
  1.750000E+03  1.443722E+01  1.286193E+01  5.444830E-02  6.950775E+01  6.945886E+01  7.949088E-02 -1.551268E-02  7.949088E-02  6.951364E+01  4.016237E-02 -1.551268E-02  4.016237E-02  6.955076E+01  1.050194E+00  1.438057E+00  2.955078E+00  4.341887E-01
  1.800000E+03  1.445608E+01  1.287484E+01  5.275551E-02  6.951093E+01  6.944826E+01  5.779152E-03 -1.178894E-02  5.779152E-03  6.955270E+01  1.348327E-02 -1.178894E-02  1.348327E-02  6.953184E+01  1.054157E+00  1.430357E+00  2.875977E+00  4.391975E-01
  1.850000E+03  1.449054E+01  1.289249E+01  5.772077E-02  6.944213E+01  6.947875E+01 -7.688111E-02 -4.502441E-02 -7.688111E-02  6.930966E+01  1.586148E-01 -4.502441E-02  1.586148E-01  6.953799E+01  1.065370E+00  1.462003E+00  2.946329E+00  3.795022E-01
  1.900000E+03  1.445656E+01  1.287638E+01  5.223641E-02  6.957377E+01  6.956384E+01 -9.595964E-02  2.838822E-02 -9.595964E-02  6.952093E+01 -5.132973E-02  2.838822E-02 -5.132973E-02  6.963653E+01  1.053450E+00  1.435937E+00  3.122578E+00  3.762194E-01
  1.950000E+03  1.445019E+01  1.287596E+01  5.503485E-02  6.942121E+01  6.927773E+01  7.419990E-02 -1.166242E-01  7.419990E-02  6.946445E+01  2.875655E-02 -1.166242E-01  2.875655E-02  6.952146E+01  1.049485E+00  1.432151E+00  3.686238E+00  4.686177E-01
  2.000000E+03  1.447348E+01  1.287813E+01  5.657181E-02  6.951439E+01  6.954528E+01  1.462137E-02 -9.659935E-02  1.462137E-02  6.952304E+01 -1.029178E-01 -9.659935E-02 -1.029178E-01  6.947486E+01  1.063563E+00  1.466927E+00  2.945367E+00  3.886574E-01
  2.050000E+03  1.446179E+01  1.287602E+01  5.805111E-02  6.956725E+01  6.963985E+01 -1.450195E-01  3.648112E-02 -1.450195E-01  6.951026E+01 -5.022337E-02  3.648112E-02 -5.022337E-02  6.955163E+01  1.057180E+00  1.461064E+00  3.122229E+00  4.773726E-01
  2.100000E+03  1.444899E+01  1.286834E+01  5.476914E-02  6.958009E+01  6.952429E+01  1.540554E-02 -3.560013E-02  1.540554E-02  6.957791E+01  4.966309E-02 -3.560013E-02  4.966309E-02  6.963806E+01  1.053764E+00  1.439016E+00  3.376838E+00  4.796920E-01
  2.150000E+03  1.445528E+01  1.288009E+01  6.036078E-02  6.937112E+01  6.928643E+01 -1.104450E-01 -1.530919E-02 -1.104450E-01  6.933958E+01  2.594558E-02 -1.530919E-02  2.594558E-02  6.948736E+01  1.050130E+00  1.481185E+00  3.076545E+00  4.083967E-01
  2.200000E+03  1.447353E+01  1.288036E+01  5.401073E-02  6.948454E+01  6.938771E+01  2.492193E-02  5.674976E-03  2.492193E-02  6.939455E+01  4.974699E-02  5.674976E-03  4.974699E-02  6.967136E+01  1.062113E+00  1.452242E+00  2.818349E+00  4.211085E-01
  2.250000E+03  1.445357E+01  1.286536E+01  5.401353E-02  6.949306E+01  6.952574E+01 -1.893415E-02 -5.739008E-03 -1.893415E-02  6.943723E+01 -1.523713E-02 -5.739008E-03 -1.523713E-02  6.951621E+01  1.058807E+00  1.451274E+00  3.014068E+00  4.404090E-01
  2.300000E+03  1.445736E+01  1.286901E+01  5.663061E-02  6.952934E+01  6.951706E+01  4.687335E-02  9.406584E-02  4.687335E-02  6.955582E+01  8.396687E-03  9.406584E-02  8.396687E-03  6.951515E+01  1.058903E+00  1.456672E+00  3.255010E+00  4.418110E-01
  2.350000E+03  1.446181E+01  1.287900E+01  5.595520E-02  6.955674E+01  6.952161E+01  1.139783E-02  1.024507E-01  1.139783E-02  6.964768E+01  4.989767E-02  1.024507E-01  4.989767E-02  6.950094E+01  1.055206E+00  1.449255E+00  2.720727E+00  4.638989E-01
  2.400000E+03  1.444071E+01  1.285827E+01  5.359523E-02  6.955851E+01  6.959656E+01  1.544418E-02 -8.230437E-02  1.544418E-02  6.949449E+01  8.338536E-02 -8.230437E-02  8.338536E-02  6.958448E+01  1.054959E+00  1.436825E+00  3.144162E+00  3.757911E-01
  2.450000E+03  1.446090E+01  1.287505E+01  5.653127E-02  6.945323E+01  6.950087E+01 -3.112815E-02  3.947252E-02 -3.112815E-02  6.940387E+01 -5.526492E-02  3.947252E-02 -5.526492E-02  6.945496E+01  1.057235E+00  1.454639E+00  2.932240E+00  4.256447E-01
  2.500000E+03  1.444579E+01  1.287340E+01  5.672615E-02  6.941582E+01  6.935739E+01  9.214494E-02 -7.177098E-03  9.214494E-02  6.947900E+01 -1.450866E-02 -7.177098E-03 -1.450866E-02  6.941109E+01  1.048264E+00  1.456672E+00  3.516507E+00  4.184325E-01
  2.550000E+03  1.445616E+01  1.287446E+01  5.285652E-02  6.947434E+01  6.939879E+01 -2.353938E-02  2.810494E-02 -2.353938E-02  6.949100E+01  1.495542E-02  2.810494E-02  1.495542E-02  6.953322E+01  1.054469E+00  1.426926E+00  2.842220E+00  3.892134E-01
  2.600000E+03  1.444882E+01  1.287455E+01  5.739857E-02  6.945717E+01  6.952554E+01 -8.647730E-02  7.645132E-02 -8.647730E-02  6.940194E+01 -4.695444E-02  7.645132E-02 -4.695444E-02  6.944402E+01  1.049518E+00  1.455496E+00  2.840798E+00  4.806474E-01
  2.650000E+03  1.445775E+01  1.287631E+01  5.549256E-02  6.954037E+01  6.952973E+01  1.343441E-02  1.434554E-02  1.343441E-02  6.962917E+01  1.906159E-02  1.434554E-02  1.906159E-02  6.946220E+01  1.054295E+00  1.450312E+00  3.576544E+00  4.668824E-01
  2.700000E+03  1.445419E+01  1.285600E+01  5.469475E-02  6.966651E+01  6.963568E+01  1.088579E-01 -3.395887E-02  1.088579E-01  6.962925E+01  4.548666E-02 -3.395887E-02  4.548666E-02  6.973460E+01  1.065466E+00  1.447397E+00  2.955205E+00  4.762791E-01
  2.750000E+03  1.443626E+01  1.286695E+01  5.302650E-02  6.952851E+01  6.951108E+01 -2.735840E-02 -2.481946E-02 -2.735840E-02  6.960332E+01 -3.135357E-02 -2.481946E-02 -3.135357E-02  6.947114E+01  1.046204E+00  1.435660E+00  2.929366E+00  4.353813E-01
  2.800000E+03  1.448419E+01  1.288586E+01  5.384339E-02  6.956442E+01  6.947148E+01  1.321956E-02 -8.844074E-03  1.321956E-02  6.962753E+01 -1.833384E-01 -8.844074E-03 -1.833384E-01  6.959425E+01  1.065551E+00  1.439113E+00  3.574333E+00  4.807980E-01
  2.850000E+03  1.443626E+01  1.285945E+01  5.410800E-02  6.953738E+01  6.961303E+01 -5.712914E-02 -8.177694E-02 -5.712914E-02  6.941121E+01  3.014097E-03 -8.177694E-02  3.014097E-03  6.958789E+01  1.051202E+00  1.439135E+00  3.058381E+00  4.083106E-01
  2.900000E+03  1.443964E+01  1.285988E+01  5.466801E-02  6.949901E+01  6.952706E+01  8.557447E-02  1.240071E-02  8.557447E-02  6.956293E+01  5.045202E-02  1.240071E-02  5.045202E-02  6.940703E+01  1.053171E+00  1.444712E+00  2.990617E+00  5.006487E-01
  2.950000E+03  1.445610E+01  1.287645E+01  5.470209E-02  6.955145E+01  6.953456E+01 -6.058595E-04  7.133408E-02 -6.058595E-04  6.961824E+01  2.786751E-03  7.133408E-02  2.786751E-03  6.950154E+01  1.053103E+00  1.443825E+00  2.916734E+00  3.639105E-01
  3.000000E+03  1.446786E+01  1.287100E+01  5.576487E-02  6.954351E+01  6.948669E+01  5.842352E-03 -3.265486E-02  5.842352E-03  6.956244E+01 -1.046415E-02 -3.265486E-02 -1.046415E-02  6.958139E+01  1.064578E+00  1.450975E+00  3.263408E+00  4.975736E-01
  3.050000E+03  1.443529E+01  1.285750E+01  5.432872E-02  6.943940E+01  6.945754E+01  1.929144E-02 -1.092539E-01  1.929144E-02  6.943425E+01  5.552823E-02 -1.092539E-01  5.552823E-02  6.942643E+01  1.051861E+00  1.444741E+00  3.189537E+00  3.147673E-01
  3.100000E+03  1.445531E+01  1.287758E+01  5.537683E-02  6.945809E+01  6.948476E+01 -2.389376E-02 -4.660286E-02 -2.389376E-02  6.951239E+01 -4.680332E-02 -4.660286E-02 -4.680332E-02  6.937712E+01  1.051823E+00  1.442264E+00  3.273740E+00  4.441297E-01
  3.150000E+03  1.446232E+01  1.287286E+01  5.704938E-02  6.947470E+01  6.954211E+01  3.039796E-03  3.066628E-02  3.039796E-03  6.946746E+01  2.843537E-02  3.066628E-02  2.843537E-02  6.941454E+01  1.059635E+00  1.451974E+00  3.044168E+00  4.133789E-01
  3.200000E+03  1.445324E+01  1.286413E+01  5.367799E-02  6.953936E+01  6.947897E+01 -6.026873E-02 -8.125222E-02 -6.026873E-02  6.952849E+01  2.747481E-02 -8.125222E-02  2.747481E-02  6.961063E+01  1.059403E+00  1.434677E+00  3.133667E+00  4.444113E-01
  3.250000E+03  1.445356E+01  1.287327E+01  5.661115E-02  6.942521E+01  6.928420E+01  9.097724E-03 -1.338139E-02  9.097724E-03  6.950281E+01 -5.505652E-02 -1.338139E-02 -5.505652E-02  6.948862E+01  1.053523E+00  1.454057E+00  3.099097E+00  3.578485E-01
  3.300000E+03  1.443723E+01  1.286492E+01  5.476059E-02  6.941589E+01  6.931245E+01  4.232635E-02 -1.431385E-02  4.232635E-02  6.935223E+01 -3.341550E-02 -1.431385E-02 -3.341550E-02  6.958298E+01  1.048203E+00  1.445667E+00  3.334583E+00  4.208686E-01
  3.350000E+03  1.445198E+01  1.286638E+01  5.357847E-02  6.949463E+01  6.947302E+01  5.896438E-02  4.632905E-02  5.896438E-02  6.954377E+01  4.109786E-02  4.632905E-02  4.109786E-02  6.946711E+01  1.057068E+00  1.433960E+00  3.070788E+00  4.882995E-01
  3.400000E+03  1.442053E+01  1.285503E+01  5.357759E-02  6.949248E+01  6.944864E+01 -9.728409E-02 -6.803044E-03 -9.728409E-02  6.946095E+01  1.101161E-01 -6.803044E-03  1.101161E-01  6.956786E+01  1.043668E+00  1.433919E+00  2.863376E+00  4.438814E-01
  3.450000E+03  1.445671E+01  1.287471E+01  5.260459E-02  6.953404E+01  6.945192E+01 -1.543339E-02 -7.057022E-02 -1.543339E-02  6.969025E+01  2.378989E-02 -7.057022E-02  2.378989E-02  6.945996E+01  1.054667E+00  1.440729E+00  3.044775E+00  3.482140E-01
  3.500000E+03  1.446017E+01  1.286057E+01  5.523998E-02  6.953353E+01  6.956683E+01  1.101197E-01 -1.906762E-02  1.101197E-01  6.955949E+01  7.578341E-02 -1.906762E-02  7.578341E-02  6.947428E+01  1.066400E+00  1.439365E+00  3.042025E+00  4.600520E-01
  3.550000E+03  1.447893E+01  1.288963E+01  5.213821E-02  6.948553E+01  6.939672E+01  4.044893E-02  3.358697E-02  4.044893E-02  6.955092E+01  6.027929E-02  3.358697E-02  6.027929E-02  6.950894E+01  1.059531E+00  1.439306E+00  3.004996E+00  4.488583E-01
  3.600000E+03  1.445216E+01  1.287448E+01  5.482610E-02  6.944151E+01  6.951307E+01 -9.310863E-02 -4.753510E-02 -9.310863E-02  6.940134E+01  6.279076E-02 -4.753510E-02  6.279076E-02  6.941014E+01  1.051789E+00  1.433300E+00  3.007030E+00  4.680085E-01
  3.650000E+03  1.445773E+01  1.286963E+01  5.470129E-02  6.944679E+01  6.937516E+01 -8.721300E-02  5.695966E-02 -8.721300E-02  6.944553E+01 -1.023188E-01  5.695966E-02 -1.023188E-01  6.951966E+01  1.058732E+00  1.440500E+00  3.108083E+00  2.944687E-01
  3.700000E+03  1.444826E+01  1.287407E+01  5.032886E-02  6.949253E+01  6.949560E+01  3.807053E-02 -4.111450E-02  3.807053E-02  6.957409E+01  6.811410E-02 -4.111450E-02  6.811410E-02  6.940791E+01  1.049460E+00  1.420417E+00  2.927688E+00  3.979485E-01
  3.750000E+03  1.444822E+01  1.286933E+01  5.162279E-02  6.946143E+01  6.967841E+01 -7.319408E-03 -7.792066E-02 -7.319408E-03  6.939666E+01 -7.908216E-04 -7.792066E-02 -7.908216E-04  6.930923E+01  1.052591E+00  1.421193E+00  3.105583E+00  4.266685E-01
  3.800000E+03  1.446231E+01  1.288210E+01  5.404565E-02  6.953158E+01  6.948235E+01  2.866101E-02  2.148044E-02  2.866101E-02  6.960335E+01 -4.885368E-02  2.148044E-02 -4.885368E-02  6.950903E+01  1.053474E+00  1.449330E+00  3.199952E+00  4.978226E-01
  3.850000E+03  1.446526E+01  1.288580E+01  5.478792E-02  6.949471E+01  6.956242E+01  7.050502E-02  4.079013E-02  7.050502E-02  6.950855E+01  1.067027E-01  4.079013E-02  1.067027E-01  6.941315E+01  1.052974E+00  1.438530E+00  2.922633E+00  4.400801E-01
  3.900000E+03  1.446104E+01  1.287075E+01  5.642525E-02  6.951692E+01  6.948568E+01  7.254542E-02 -9.685307E-02  7.254542E-02  6.960416E+01 -2.358294E-02 -9.685307E-02 -2.358294E-02  6.946092E+01  1.060193E+00  1.452489E+00  3.262816E+00  4.171096E-01
  3.950000E+03  1.446838E+01  1.287509E+01  5.237233E-02  6.953652E+01  6.941929E+01 -8.334059E-02 -9.016304E-03 -8.334059E-02  6.959275E+01  5.912959E-02 -9.016304E-03  5.912959E-02  6.959751E+01  1.062199E+00  1.429380E+00  2.852725E+00  3.980681E-01
  4.000000E+03  1.445172E+01  1.287820E+01  5.369157E-02  6.958961E+01  6.966049E+01  1.605048E-02 -1.034123E-03  1.605048E-02  6.952892E+01  9.600087E-02 -1.034123E-03  9.600087E-02  6.957941E+01  1.049013E+00  1.436360E+00  2.988178E+00  4.978412E-01
  4.050000E+03  1.446054E+01  1.286140E+01  5.308346E-02  6.957515E+01  6.955196E+01  6.072153E-02 -3.233387E-02  6.072153E-02  6.954348E+01  1.091819E-02 -3.233387E-02  1.091819E-02  6.963002E+01  1.066091E+00  1.438102E+00  2.918341E+00  4.061971E-01
  4.100000E+03  1.447254E+01  1.286979E+01  5.477655E-02  6.958090E+01  6.957342E+01 -3.524321E-02 -4.505731E-02 -3.524321E-02  6.950910E+01  6.131654E-03 -4.505731E-02  6.131654E-03  6.966019E+01  1.068503E+00  1.449427E+00  3.266341E+00  4.953901E-01
  4.150000E+03  1.444427E+01  1.286789E+01  5.296783E-02  6.950779E+01  6.956762E+01 -8.755264E-02 -2.280876E-02 -8.755264E-02  6.950754E+01 -9.024048E-02 -2.280876E-02 -9.024048E-02  6.944821E+01  1.050924E+00  1.424634E+00  2.964680E+00  4.789954E-01
  4.200000E+03  1.443783E+01  1.286449E+01  5.719990E-02  6.954912E+01  6.956321E+01 -3.460053E-02  3.554541E-02 -3.460053E-02  6.961173E+01  4.801647E-03  3.554541E-02  4.801647E-03  6.947243E+01  1.048895E+00  1.464881E+00  2.944244E+00  4.259483E-01
  4.250000E+03  1.445883E+01  1.287113E+01  5.407774E-02  6.957470E+01  6.960022E+01 -1.866844E-03 -3.596637E-03 -1.866844E-03  6.964834E+01  3.147919E-02 -3.596637E-03  3.147919E-02  6.947555E+01  1.058467E+00  1.439359E+00  3.007191E+00  4.534423E-01
  4.300000E+03  1.446015E+01  1.287526E+01  5.547616E-02  6.949674E+01  6.940584E+01 -1.039190E-01  2.244442E-02 -1.039190E-01  6.949271E+01  1.057307E-01  2.244442E-02  1.057307E-01  6.959167E+01  1.056592E+00  1.440460E+00  3.071152E+00  3.923942E-01
  4.350000E+03  1.446273E+01  1.288482E+01  5.433471E-02  6.947997E+01  6.944259E+01  8.530830E-03  8.716883E-02  8.530830E-03  6.946371E+01  4.799079E-03  8.716883E-02  4.799079E-03  6.953360E+01  1.051935E+00  1.453473E+00  3.030235E+00  4.949187E-01
  4.400000E+03  1.446838E+01  1.288232E+01  5.616179E-02  6.943412E+01  6.937939E+01 -7.227063E-02 -1.335030E-02 -7.227063E-02  6.953249E+01 -3.110997E-02 -1.335030E-02 -3.110997E-02  6.939048E+01  1.057369E+00  1.443178E+00  3.022135E+00  2.787446E-01
  4.450000E+03  1.445943E+01  1.286917E+01  5.531405E-02  6.953766E+01  6.945840E+01 -1.932722E-02  5.551508E-02 -1.932722E-02  6.962433E+01 -8.834050E-02  5.551508E-02 -8.834050E-02  6.953024E+01  1.060176E+00  1.450659E+00  3.080144E+00  2.664636E-01
  4.500000E+03  1.444947E+01  1.287693E+01  5.322671E-02  6.940287E+01  6.934144E+01 -4.872198E-02 -4.090200E-02 -4.872198E-02  6.946875E+01 -9.938569E-02 -4.090200E-02 -9.938569E-02  6.939843E+01  1.048357E+00  1.451395E+00  3.034665E+00  4.124476E-01
  4.550000E+03  1.444483E+01  1.286533E+01  5.649889E-02  6.944932E+01  6.943757E+01 -2.306988E-02 -8.438742E-02 -2.306988E-02  6.948397E+01  6.489267E-02 -8.438742E-02  6.489267E-02  6.942642E+01  1.053003E+00  1.459522E+00  3.000998E+00  4.878782E-01
  4.600000E+03  1.445642E+01  1.288399E+01  5.688070E-02  6.949881E+01  6.954167E+01  7.197615E-02  1.121824E-01  7.197615E-02  6.945596E+01 -1.261158E-01  1.121824E-01 -1.261158E-01  6.949881E+01  1.048290E+00  1.446837E+00  3.310149E+00  4.307619E-01
  4.650000E+03  1.444809E+01  1.286912E+01  5.621341E-02  6.958504E+01  6.962064E+01 -3.132946E-02 -4.114224E-02 -3.132946E-02  6.958569E+01 -3.474431E-02 -4.114224E-02 -3.474431E-02  6.954879E+01  1.052642E+00  1.459260E+00  2.978633E+00  4.530421E-01
  4.700000E+03  1.444302E+01  1.287126E+01  5.428808E-02  6.948164E+01  6.957472E+01  3.441139E-02 -3.361842E-02  3.441139E-02  6.938835E+01  9.208346E-02 -3.361842E-02  9.208346E-02  6.948186E+01  1.047835E+00  1.438915E+00  3.447339E+00  4.548709E-01
  4.750000E+03  1.444156E+01  1.285932E+01  5.299584E-02  6.953341E+01  6.943140E+01  1.054047E-02  8.791507E-02  1.054047E-02  6.977276E+01 -7.685492E-02  8.791507E-02 -7.685492E-02  6.939608E+01  1.054828E+00  1.442369E+00  3.150860E+00  4.130847E-01
  4.800000E+03  1.446181E+01  1.288202E+01  5.177890E-02  6.948270E+01  6.943409E+01  6.751935E-02 -1.167763E-02  6.751935E-02  6.959260E+01  2.123576E-02 -1.167763E-02  2.123576E-02  6.942140E+01  1.053189E+00  1.420415E+00  3.186600E+00  4.109413E-01
  4.850000E+03  1.446217E+01  1.288005E+01  5.583759E-02  6.948105E+01  6.958165E+01  3.168714E-02 -2.449155E-02  3.168714E-02  6.946397E+01 -1.391404E-02 -2.449155E-02 -1.391404E-02  6.939754E+01  1.054746E+00  1.449729E+00  2.847268E+00  3.103916E-01
  4.900000E+03  1.447826E+01  1.288351E+01  5.767095E-02  6.949721E+01  6.943543E+01 -7.492246E-02  7.884070E-02 -7.492246E-02  6.959299E+01 -1.945968E-02  7.884070E-02 -1.945968E-02  6.946322E+01  1.063167E+00  1.458365E+00  3.325427E+00  3.323522E-01
  4.950000E+03  1.445837E+01  1.287321E+01  5.385633E-02  6.952540E+01  6.950863E+01 -7.361787E-02 -6.362473E-02 -7.361787E-02  6.953066E+01  4.972543E-02 -6.362473E-02  4.972543E-02  6.953690E+01  1.056768E+00  1.439794E+00  2.975203E+00  4.230213E-01
  5.000000E+03  1.447526E+01  1.288878E+01  5.539331E-02  6.949890E+01  6.941443E+01  5.163749E-02  1.054297E-01  5.163749E-02  6.957635E+01  1.897954E-02  1.054297E-01  1.897954E-02  6.950593E+01  1.057653E+00  1.451975E+00  2.899427E+00  4.314941E-01
  5.050000E+03  1.446472E+01  1.287315E+01  5.569321E-02  6.952353E+01  6.955156E+01 -2.782427E-02  9.463161E-02 -2.782427E-02  6.957232E+01  4.046665E-02  9.463161E-02  4.046665E-02  6.944673E+01  1.061050E+00  1.443237E+00  3.057697E+00  4.511087E-01
  5.100000E+03  1.447467E+01  1.287901E+01  5.304988E-02  6.951614E+01  6.959996E+01 -2.145837E-02 -9.783304E-04 -2.145837E-02  6.938162E+01 -2.686124E-02 -9.783304E-04 -2.686124E-02  6.956683E+01  1.063773E+00  1.439826E+00  3.163521E+00  4.539996E-01
  5.150000E+03  1.446344E+01  1.287901E+01  5.678740E-02  6.948389E+01  6.945720E+01  5.395570E-02  8.597219E-02  5.395570E-02  6.957405E+01 -3.642962E-02  8.597219E-02 -3.642962E-02  6.942042E+01  1.056285E+00  1.451424E+00  3.081403E+00  3.641623E-01
  5.200000E+03  1.445204E+01  1.286731E+01  5.433018E-02  6.960208E+01  6.952437E+01  4.250031E-02 -4.097905E-02  4.250031E-02  6.965835E+01 -4.317037E-02 -4.097905E-02 -4.317037E-02  6.962350E+01  1.056484E+00  1.444114E+00  2.894952E+00  4.676757E-01
  5.250000E+03  1.445276E+01  1.287128E+01  5.613809E-02  6.944507E+01  6.950227E+01 -3.207684E-04 -4.917899E-02 -3.207684E-04  6.938818E+01 -4.558488E-02 -4.917899E-02 -4.558488E-02  6.944474E+01  1.054321E+00  1.455714E+00  3.089030E+00  3.633468E-01
  5.300000E+03  1.444874E+01  1.287100E+01  5.803704E-02  6.944409E+01  6.949738E+01 -9.573316E-03  1.049184E-01 -9.573316E-03  6.945055E+01 -2.010049E-02  1.049184E-01 -2.010049E-02  6.938435E+01  1.051829E+00  1.456429E+00  2.939487E+00  4.396126E-01
  5.350000E+03  1.446796E+01  1.287952E+01  5.690791E-02  6.950044E+01  6.953856E+01 -2.447697E-02 -2.927246E-03 -2.447697E-02  6.956080E+01  3.728654E-02 -2.927246E-03  3.728654E-02  6.940196E+01  1.058962E+00  1.450821E+00  3.301621E+00  3.873596E-01
  5.400000E+03  1.446288E+01  1.286833E+01  5.197367E-02  6.949342E+01  6.943170E+01 -2.487327E-02 -3.907094E-02 -2.487327E-02  6.950788E+01  3.644511E-02 -3.907094E-02  3.644511E-02  6.954070E+01  1.063035E+00  1.429554E+00  2.991436E+00  4.280601E-01
  5.450000E+03  1.447357E+01  1.287608E+01  5.299115E-02  6.948310E+01  6.944945E+01  1.012978E-01  5.796538E-02  1.012978E-01  6.946983E+01  1.744793E-01  5.796538E-02  1.744793E-01  6.953003E+01  1.064992E+00  1.436718E+00  3.016323E+00  4.635423E-01
  5.500000E+03  1.445892E+01  1.287854E+01  5.594411E-02  6.944387E+01  6.942801E+01  5.951100E-02 -3.667862E-02  5.951100E-02  6.954734E+01 -7.209217E-02 -3.667862E-02 -7.209217E-02  6.935626E+01  1.053591E+00  1.446293E+00  3.036091E+00  4.759592E-01
  5.550000E+03  1.445559E+01  1.287030E+01  5.597140E-02  6.946426E+01  6.945994E+01  8.246275E-02 -5.715351E-02  8.246275E-02  6.958039E+01  4.994161E-02 -5.715351E-02  4.994161E-02  6.935245E+01  1.056858E+00  1.454196E+00  3.029728E+00  4.627458E-01
  5.600000E+03  1.443546E+01  1.286316E+01  5.382850E-02  6.948961E+01  6.947803E+01  1.791145E-02  3.083171E-02  1.791145E-02  6.945723E+01  2.435104E-02  3.083171E-02  2.435104E-02  6.953357E+01  1.048200E+00  1.437283E+00  3.157808E+00  4.598063E-01
  5.650000E+03  1.445901E+01  1.287419E+01  5.447508E-02  6.945875E+01  6.949964E+01 -9.732440E-02  5.653549E-02 -9.732440E-02  6.937361E+01  1.408888E-01  5.653549E-02  1.408888E-01  6.950301E+01  1.056544E+00  1.439725E+00  3.072257E+00  4.115721E-01
  5.700000E+03  1.445959E+01  1.287123E+01  5.155903E-02  6.961304E+01  6.967942E+01 -6.068188E-02 -9.703360E-02 -6.068188E-02  6.958419E+01 -8.266667E-02 -9.703360E-02 -8.266667E-02  6.957551E+01  1.058904E+00  1.425778E+00  2.943736E+00  4.869366E-01
  5.750000E+03  1.447946E+01  1.288281E+01  5.528639E-02  6.944115E+01  6.947058E+01  4.158917E-03 -3.758746E-02  4.158917E-03  6.929878E+01  6.265553E-02 -3.758746E-02  6.265553E-02  6.955409E+01  1.064430E+00  1.445938E+00  3.321249E+00  4.812305E-01
  5.800000E+03  1.445112E+01  1.287405E+01  5.311726E-02  6.952155E+01  6.967876E+01 -6.377057E-02  1.276164E-01 -6.377057E-02  6.946642E+01  6.596560E-02  1.276164E-01  6.596560E-02  6.941948E+01  1.051383E+00  1.427304E+00  3.135548E+00  2.674175E-01
  5.850000E+03  1.444564E+01  1.286200E+01  5.226958E-02  6.947745E+01  6.950281E+01 -1.433146E-02  2.418798E-02 -1.433146E-02  6.935155E+01  5.328225E-02  2.418798E-02  5.328225E-02  6.957800E+01  1.055761E+00  1.425733E+00  2.951315E+00  4.292178E-01
  5.900000E+03  1.446262E+01  1.287205E+01  5.378340E-02  6.956362E+01  6.953640E+01 -3.364226E-02  5.038527E-02 -3.364226E-02  6.966764E+01 -1.798210E-02  5.038527E-02 -1.798210E-02  6.948683E+01  1.060385E+00  1.437261E+00  2.827094E+00  4.145842E-01
  5.950000E+03  1.447038E+01  1.287220E+01  5.429720E-02  6.957725E+01  6.953908E+01 -3.818282E-02 -3.821439E-03 -3.818282E-02  6.958610E+01 -9.625743E-02 -3.821439E-03 -9.625743E-02  6.960657E+01  1.065454E+00  1.451264E+00  2.987529E+00  4.038029E-01
  6.000000E+03  1.444316E+01  1.286746E+01  5.408611E-02  6.945471E+01  6.939806E+01  7.477724E-04  4.271104E-02  7.477724E-04  6.948325E+01  2.391080E-02  4.271104E-02  2.391080E-02  6.948282E+01  1.050465E+00  1.442832E+00  3.232595E+00  4.454570E-01
  6.050000E+03  1.446582E+01  1.287313E+01  5.528927E-02  6.949027E+01  6.959783E+01 -8.511747E-02  8.141741E-02 -8.511747E-02  6.945652E+01 -7.752311E-02  8.141741E-02 -7.752311E-02  6.941647E+01  1.061790E+00  1.443743E+00  3.022896E+00  3.787373E-01
  6.100000E+03  1.444029E+01  1.286713E+01  5.321316E-02  6.952996E+01  6.947253E+01 -1.220656E-01  5.070642E-02 -1.220656E-01  6.946417E+01  1.729830E-02  5.070642E-02  1.729830E-02  6.965317E+01  1.048770E+00  1.434862E+00  2.991278E+00  4.002961E-01
  6.150000E+03  1.444528E+01  1.285830E+01  5.343556E-02  6.961617E+01  6.953488E+01  1.877718E-03  8.471704E-02  1.877718E-03  6.961666E+01  4.710701E-02  8.471704E-02  4.710701E-02  6.969695E+01  1.057986E+00  1.448346E+00  3.087015E+00  4.148031E-01
  6.200000E+03  1.445508E+01  1.287013E+01  5.281537E-02  6.951453E+01  6.947406E+01  4.282381E-02 -5.494957E-04  4.282381E-02  6.951259E+01  8.463326E-03 -5.494957E-04  8.463326E-03  6.955694E+01  1.056635E+00  1.434762E+00  3.108395E+00  3.432191E-01
  6.250000E+03  1.443376E+01  1.287081E+01  5.430004E-02  6.939082E+01  6.950937E+01 -3.794505E-02 -1.132959E-02 -3.794505E-02  6.934440E+01 -8.975170E-03 -1.132959E-02 -8.975170E-03  6.931869E+01  1.041968E+00  1.432248E+00  3.119989E+00  4.292591E-01
  6.300000E+03  1.444791E+01  1.287554E+01  5.472263E-02  6.949692E+01  6.957429E+01 -5.127850E-03  1.815493E-02 -5.127850E-03  6.947857E+01 -3.581215E-03  1.815493E-02 -3.581215E-03  6.943790E+01  1.048244E+00  1.445683E+00  3.044563E+00  4.835242E-01
  6.350000E+03  1.446415E+01  1.287708E+01  5.570721E-02  6.952241E+01  6.954611E+01 -9.639940E-03 -6.717828E-02 -9.639940E-03  6.948665E+01  5.657663E-02 -6.717828E-02  5.657663E-02  6.953446E+01  1.058049E+00  1.443714E+00  3.016067E+00  4.019934E-01
  6.400000E+03  1.445457E+01  1.287055E+01  5.398277E-02  6.944180E+01  6.933039E+01 -2.665748E-02 -1.376512E-02 -2.665748E-02  6.941742E+01 -5.437708E-02 -1.376512E-02 -5.437708E-02  6.957759E+01  1.056012E+00  1.443914E+00  2.871021E+00  5.339689E-01
  6.450000E+03  1.446217E+01  1.288109E+01  5.618518E-02  6.949584E+01  6.956768E+01 -3.378150E-02  3.802830E-02 -3.378150E-02  6.945785E+01 -9.395642E-02  3.802830E-02 -9.395642E-02  6.946200E+01  1.054048E+00  1.439870E+00  3.234828E+00  4.061634E-01
  6.500000E+03  1.443758E+01  1.287252E+01  5.328082E-02  6.950033E+01  6.950451E+01 -1.885831E-02 -6.474605E-02 -1.885831E-02  6.957183E+01 -1.200324E-01 -6.474605E-02 -1.200324E-01  6.942464E+01  1.043377E+00  1.434444E+00  3.454152E+00  4.870557E-01
  6.550000E+03  1.444261E+01  1.286173E+01  5.134987E-02  6.960180E+01  6.963278E+01  2.404759E-02 -3.482786E-02  2.404759E-02  6.965838E+01 -1.989666E-02 -3.482786E-02 -1.989666E-02  6.951424E+01  1.053918E+00  1.430284E+00  2.935370E+00  4.732995E-01
  6.600000E+03  1.446589E+01  1.288060E+01  5.349981E-02  6.960812E+01  6.968298E+01 -3.738407E-02  1.197418E-02 -3.738407E-02  6.972570E+01  3.825153E-03  1.197418E-02  3.825153E-03  6.941567E+01  1.056864E+00  1.443452E+00  3.379212E+00  4.793693E-01
  6.650000E+03  1.444482E+01  1.285780E+01  5.457047E-02  6.957059E+01  6.955646E+01 -1.607458E-02  1.656407E-02 -1.607458E-02  6.950205E+01  9.394229E-03  1.656407E-02  9.394229E-03  6.965327E+01  1.058015E+00  1.435473E+00  3.325000E+00  4.033893E-01
  6.700000E+03  1.444848E+01  1.285583E+01  5.825572E-02  6.951246E+01  6.946716E+01  6.409015E-02 -1.433121E-01  6.409015E-02  6.953504E+01  8.090916E-02 -1.433121E-01  8.090916E-02  6.953519E+01  1.061770E+00  1.456196E+00  2.980874E+00  3.794025E-01
  6.750000E+03  1.443827E+01  1.286194E+01  5.235102E-02  6.951476E+01  6.952043E+01 -1.991495E-02  8.678572E-02 -1.991495E-02  6.952282E+01 -2.519335E-02  8.678572E-02 -2.519335E-02  6.950104E+01  1.050884E+00  1.426296E+00  3.043197E+00  4.676945E-01
  6.800000E+03  1.444611E+01  1.286924E+01  5.404133E-02  6.945512E+01  6.940115E+01  2.098943E-02 -7.690878E-02  2.098943E-02  6.944537E+01  2.881065E-02 -7.690878E-02  2.881065E-02  6.951885E+01  1.051245E+00  1.435208E+00  3.117012E+00  4.193009E-01
  6.850000E+03  1.445968E+01  1.286930E+01  5.119715E-02  6.943382E+01  6.942754E+01  5.249686E-02 -4.013279E-02  5.249686E-02  6.946323E+01 -4.461141E-02 -4.013279E-02 -4.461141E-02  6.941068E+01  1.060252E+00  1.424136E+00  3.140291E+00  3.576440E-01
  6.900000E+03  1.445156E+01  1.286914E+01  5.684236E-02  6.943647E+01  6.949618E+01  9.982923E-02  5.013173E-03  9.982923E-02  6.940461E+01  5.231909E-02  5.013173E-03  5.231909E-02  6.940862E+01  1.054945E+00  1.469127E+00  3.031360E+00  5.052534E-01
  6.950000E+03  1.446216E+01  1.287249E+01  5.734523E-02  6.949198E+01  6.931897E+01 -4.975893E-02  7.654333E-02 -4.975893E-02  6.951885E+01  5.643518E-03  7.654333E-02  5.643518E-03  6.963813E+01  1.059777E+00  1.451828E+00  3.379239E+00  4.402883E-01
  7.000000E+03  1.443307E+01  1.285663E+01  5.589927E-02  6.948311E+01  6.941750E+01 -1.065798E-01 -1.620256E-02 -1.065798E-01  6.960733E+01 -1.611523E-02 -1.620256E-02 -1.611523E-02  6.942449E+01  1.050955E+00  1.457583E+00  3.351570E+00  4.253684E-01
  7.050000E+03  1.445883E+01  1.287380E+01  5.266704E-02  6.947676E+01  6.949565E+01  1.782080E-03 -2.928294E-02  1.782080E-03  6.936886E+01 -5.094622E-02 -2.928294E-02 -5.094622E-02  6.956579E+01  1.056687E+00  1.439553E+00  3.010679E+00  4.460463E-01
  7.100000E+03  1.444939E+01  1.286517E+01  5.474983E-02  6.952305E+01  6.959356E+01 -6.452872E-02  2.737948E-02 -6.452872E-02  6.950322E+01  3.203160E-02  2.737948E-02  3.203160E-02  6.947238E+01  1.056147E+00  1.446500E+00  3.028871E+00  5.248379E-01
  7.150000E+03  1.446750E+01  1.287411E+01  5.535751E-02  6.949206E+01  6.952517E+01  2.794392E-02  6.808597E-02  2.794392E-02  6.949653E+01  2.686316E-02  6.808597E-02  2.686316E-02  6.945447E+01  1.062260E+00  1.454356E+00  2.972366E+00  4.866737E-01
  7.200000E+03  1.446265E+01  1.286557E+01  5.063215E-02  6.944918E+01  6.935287E+01 -3.283109E-03  1.015960E-01 -3.283109E-03  6.955061E+01  1.239460E-01  1.015960E-01  1.239460E-01  6.944405E+01  1.064724E+00  1.421097E+00  3.094771E+00  4.500733E-01
  7.250000E+03  1.447992E+01  1.288297E+01  5.248113E-02  6.954485E+01  6.952268E+01 -2.503500E-02 -1.274887E-02 -2.503500E-02  6.960601E+01 -7.161699E-02 -1.274887E-02 -7.161699E-02  6.950585E+01  1.064634E+00  1.430520E+00  3.161394E+00  3.020617E-01
  7.300000E+03  1.445866E+01  1.288041E+01  5.590783E-02  6.945141E+01  6.941681E+01 -2.861912E-02  5.024015E-02 -2.861912E-02  6.941969E+01 -8.068615E-02  5.024015E-02 -8.068615E-02  6.951772E+01  1.052167E+00  1.449677E+00  3.214851E+00  4.447399E-01
  7.350000E+03  1.445577E+01  1.286275E+01  5.417170E-02  6.962079E+01  6.970098E+01  4.206816E-02 -8.742696E-02  4.206816E-02  6.965793E+01  4.741579E-02 -8.742696E-02  4.741579E-02  6.950346E+01  1.062010E+00  1.438159E+00  3.047631E+00  4.096735E-01
  7.400000E+03  1.445780E+01  1.287236E+01  5.002678E-02  6.959457E+01  6.958012E+01  6.267053E-03 -8.137739E-02  6.267053E-03  6.974120E+01  3.319549E-02 -8.137739E-02  3.319549E-02  6.946240E+01  1.056955E+00  1.427831E+00  3.041012E+00  4.166040E-01
  7.450000E+03  1.446872E+01  1.287242E+01  5.199004E-02  6.939394E+01  6.934846E+01 -5.555855E-03 -6.790554E-02 -5.555855E-03  6.936286E+01  4.641612E-02 -6.790554E-02  4.641612E-02  6.947050E+01  1.064201E+00  1.430430E+00  2.893666E+00  4.167052E-01
  7.500000E+03  1.444732E+01  1.286204E+01  5.426601E-02  6.955710E+01  6.947400E+01  9.298344E-02 -3.431750E-02  9.298344E-02  6.953395E+01 -9.510997E-02 -3.431750E-02 -9.510997E-02  6.966337E+01  1.056849E+00  1.443005E+00  3.114341E+00  3.692682E-01
  7.550000E+03  1.443396E+01  1.287108E+01  5.546146E-02  6.939538E+01  6.923482E+01  7.855771E-02  1.807919E-02  7.855771E-02  6.946697E+01 -9.424640E-03  1.807919E-02 -9.424640E-03  6.948435E+01  1.041919E+00  1.444621E+00  3.319000E+00  3.516186E-01
  7.600000E+03  1.445884E+01  1.287138E+01  5.557468E-02  6.949415E+01  6.956041E+01  7.264193E-02 -7.676494E-02  7.264193E-02  6.947375E+01  6.267966E-03 -7.676494E-02  6.267966E-03  6.944829E+01  1.058305E+00  1.445197E+00  3.098274E+00  4.092348E-01
  7.650000E+03  1.445994E+01  1.287058E+01  5.442167E-02  6.948991E+01  6.945401E+01 -5.037938E-03 -2.628629E-02 -5.037938E-03  6.954922E+01  2.267737E-02 -2.628629E-02  2.267737E-02  6.946650E+01  1.059573E+00  1.439995E+00  2.857416E+00  4.175177E-01
  7.700000E+03  1.446164E+01  1.287272E+01  5.372544E-02  6.955903E+01  6.955051E+01 -6.030670E-02 -5.582820E-04 -6.030670E-02  6.956873E+01 -6.806464E-02 -5.582820E-04 -6.806464E-02  6.955784E+01  1.059279E+00  1.437027E+00  2.960540E+00  4.137570E-01
  7.750000E+03  1.446101E+01  1.287963E+01  5.513440E-02  6.946510E+01  6.944873E+01 -4.621549E-02  5.973636E-02 -4.621549E-02  6.945870E+01 -5.445203E-03  5.973636E-02 -5.445203E-03  6.948788E+01  1.054256E+00  1.444487E+00  3.178063E+00  4.856137E-01
  7.800000E+03  1.444918E+01  1.286164E+01  5.293133E-02  6.943659E+01  6.947982E+01 -1.126788E-01  4.209128E-02 -1.126788E-01  6.939145E+01 -1.151547E-01  4.209128E-02 -1.151547E-01  6.943849E+01  1.058358E+00  1.429037E+00  3.192988E+00  4.103080E-01
  7.850000E+03  1.446856E+01  1.287198E+01  5.586175E-02  6.950839E+01  6.949168E+01  1.454887E-01  3.168115E-02  1.454887E-01  6.948541E+01 -4.499915E-02  3.168115E-02 -4.499915E-02  6.954808E+01  1.064383E+00  1.444710E+00  3.298329E+00  4.063771E-01
  7.900000E+03  1.447020E+01  1.287440E+01  5.293670E-02  6.954308E+01  6.949014E+01 -6.896408E-02 -3.800507E-02 -6.896408E-02  6.963274E+01  2.115319E-02 -3.800507E-02  2.115319E-02  6.950636E+01  1.063865E+00  1.437261E+00  3.203793E+00  4.020339E-01
  7.950000E+03  1.447578E+01  1.288432E+01  5.235801E-02  6.948937E+01  6.939130E+01 -1.343080E-02  6.214045E-02 -1.343080E-02  6.945469E+01 -9.592145E-02  6.214045E-02 -9.592145E-02  6.962212E+01  1.060979E+00  1.434779E+00  3.165035E+00  4.270970E-01
  8.000000E+03  1.446020E+01  1.287495E+01  5.395644E-02  6.950583E+01  6.944698E+01 -2.968891E-02 -4.100635E-02 -2.968891E-02  6.950190E+01  4.967562E-02 -4.100635E-02  4.967562E-02  6.956861E+01  1.056836E+00  1.431437E+00  3.032064E+00  4.769078E-01
  8.050000E+03  1.445514E+01  1.287057E+01  5.164529E-02  6.940656E+01  6.927812E+01 -6.232699E-02  7.054329E-03 -6.232699E-02  6.956304E+01 -6.626033E-02  7.054329E-03 -6.626033E-02  6.937853E+01  1.056378E+00  1.424083E+00  3.118520E+00  4.966626E-01
  8.100000E+03  1.445634E+01  1.287726E+01  5.560933E-02  6.946079E+01  6.939823E+01  5.408963E-03  1.199762E-02  5.408963E-03  6.955834E+01 -6.023750E-02  1.199762E-02 -6.023750E-02  6.942580E+01  1.052723E+00  1.456358E+00  3.108819E+00  4.413048E-01
  8.150000E+03  1.447274E+01  1.288046E+01  5.611235E-02  6.948244E+01  6.941465E+01 -9.134307E-02 -7.208725E-02 -9.134307E-02  6.955381E+01  3.435143E-02 -7.208725E-02  3.435143E-02  6.947884E+01  1.061520E+00  1.446156E+00  3.095589E+00  4.275466E-01
  8.200000E+03  1.446070E+01  1.286278E+01  5.341570E-02  6.952633E+01  6.944511E+01  4.018934E-02  6.691435E-02  4.018934E-02  6.944785E+01 -2.811244E-02  6.691435E-02 -2.811244E-02  6.968604E+01  1.065286E+00  1.439778E+00  3.217852E+00  4.532649E-01
  8.250000E+03  1.444958E+01  1.287458E+01  5.345135E-02  6.950686E+01  6.950528E+01  3.525694E-02  7.089699E-03  3.525694E-02  6.953609E+01  3.744520E-02  7.089699E-03  3.744520E-02  6.947921E+01  1.050000E+00  1.427769E+00  3.162457E+00  2.516340E-01
  8.300000E+03  1.445955E+01  1.287832E+01  5.658653E-02  6.937990E+01  6.939031E+01 -5.175581E-02  5.143825E-02 -5.175581E-02  6.937763E+01  4.168081E-02  5.143825E-02  4.168081E-02  6.937175E+01  1.054148E+00  1.450292E+00  3.271606E+00  3.658804E-01
  8.350000E+03  1.445720E+01  1.288304E+01  5.335462E-02  6.949129E+01  6.948597E+01 -6.856079E-02  2.107185E-02 -6.856079E-02  6.944859E+01 -4.844964E-02  2.107185E-02 -4.844964E-02  6.953930E+01  1.049438E+00  1.432385E+00  3.090655E+00  4.506166E-01
  8.400000E+03  1.444558E+01  1.285395E+01  5.476662E-02  6.945275E+01  6.956244E+01 -8.284817E-02 -4.150442E-02 -8.284817E-02  6.944908E+01  5.772152E-02 -4.150442E-02  5.772152E-02  6.934673E+01  1.061090E+00  1.448501E+00  3.039670E+00  3.998294E-01
  8.450000E+03  1.446369E+01  1.287950E+01  5.163282E-02  6.950939E+01  6.953001E+01 -3.687883E-03 -7.025131E-02 -3.687883E-03  6.952402E+01 -1.529498E-02 -7.025131E-02 -1.529498E-02  6.947416E+01  1.056124E+00  1.422115E+00  2.819005E+00  3.815952E-01
  8.500000E+03  1.444101E+01  1.287230E+01  5.366882E-02  6.945587E+01  6.932300E+01 -2.659753E-02 -1.219731E-01 -2.659753E-02  6.943687E+01  9.850615E-02 -1.219731E-01  9.850615E-02  6.960774E+01  1.045808E+00  1.436599E+00  3.166773E+00  3.895577E-01
  8.550000E+03  1.442914E+01  1.286619E+01  5.503097E-02  6.946149E+01  6.940524E+01  4.149379E-02 -7.631684E-02  4.149379E-02  6.944982E+01  2.950864E-02 -7.631684E-02  2.950864E-02  6.952940E+01  1.041962E+00  1.447117E+00  2.984974E+00  4.116064E-01
  8.600000E+03  1.446392E+01  1.287482E+01  5.345451E-02  6.951665E+01  6.954030E+01  2.349054E-02 -5.755851E-02  2.349054E-02  6.949425E+01  7.513797E-02 -5.755851E-02  7.513797E-02  6.951540E+01  1.059399E+00  1.429943E+00  2.900709E+00  3.130023E-01
  8.650000E+03  1.446294E+01  1.286741E+01  5.493976E-02  6.949607E+01  6.950207E+01 -1.431962E-02 -1.578765E-02 -1.431962E-02  6.944679E+01 -2.985125E-02 -1.578765E-02 -2.985125E-02  6.953936E+01  1.063686E+00  1.448873E+00  3.160532E+00  4.812278E-01
  8.700000E+03  1.445896E+01  1.286911E+01  5.279715E-02  6.967975E+01  6.958329E+01  1.252094E-02 -2.192743E-02  1.252094E-02  6.971046E+01  6.838175E-03 -2.192743E-02  6.838175E-03  6.974551E+01  1.059903E+00  1.430579E+00  3.007761E+00  4.159213E-01
  8.750000E+03  1.444977E+01  1.286255E+01  5.438048E-02  6.942370E+01  6.934691E+01 -1.142826E-02 -1.225203E-02 -1.142826E-02  6.949435E+01  1.486211E-02 -1.225203E-02  1.486211E-02  6.942984E+01  1.058142E+00  1.438338E+00  2.890984E+00  4.200128E-01
  8.800000E+03  1.446584E+01  1.287502E+01  5.371205E-02  6.947020E+01  6.946306E+01  1.124030E-01  5.124348E-02  1.124030E-01  6.949349E+01 -8.798949E-02  5.124348E-02 -8.798949E-02  6.945406E+01  1.060547E+00  1.441834E+00  2.909663E+00  3.913825E-01
  8.850000E+03  1.446220E+01  1.288486E+01  5.277855E-02  6.944894E+01  6.950664E+01  2.540786E-02 -1.082325E-02  2.540786E-02  6.934554E+01  7.985645E-03 -1.082325E-02  7.985645E-03  6.949464E+01  1.051561E+00  1.434988E+00  3.047133E+00  3.695038E-01
  8.900000E+03  1.446149E+01  1.287201E+01  5.195081E-02  6.955854E+01  6.958887E+01 -6.038432E-02 -8.983186E-02 -6.038432E-02  6.936708E+01 -3.411827E-02 -8.983186E-02 -3.411827E-02  6.971965E+01  1.059650E+00  1.427786E+00  2.897273E+00  4.386035E-01
  8.950000E+03  1.444216E+01  1.286655E+01  5.401209E-02  6.944025E+01  6.941085E+01 -6.801386E-03  5.447116E-02 -6.801386E-03  6.939016E+01 -1.788884E-02  5.447116E-02 -1.788884E-02  6.951975E+01  1.050405E+00  1.430711E+00  3.062185E+00  3.839186E-01
  9.000000E+03  1.444998E+01  1.286726E+01  5.510114E-02  6.952666E+01  6.958314E+01 -9.952808E-03  1.591677E-01 -9.952808E-03  6.947478E+01 -7.863618E-02  1.591677E-01 -7.863618E-02  6.952206E+01  1.055148E+00  1.448906E+00  3.125979E+00  4.357049E-01
  9.050000E+03  1.445527E+01  1.286395E+01  5.528114E-02  6.947293E+01  6.950172E+01  7.696720E-02 -2.121146E-02  7.696720E-02  6.949845E+01 -2.401125E-02 -2.121146E-02 -2.401125E-02  6.941863E+01  1.060883E+00  1.451958E+00  3.111583E+00  4.366770E-01
  9.100000E+03  1.445435E+01  1.287454E+01  5.738974E-02  6.946720E+01  6.932450E+01  8.641792E-02  3.644838E-02  8.641792E-02  6.963521E+01 -1.972400E-02  3.644838E-02 -1.972400E-02  6.944189E+01  1.053207E+00  1.458792E+00  3.228216E+00  4.185851E-01
  9.150000E+03  1.446694E+01  1.286887E+01  5.674954E-02  6.952277E+01  6.958380E+01 -1.648005E-02 -1.135292E-02 -1.648005E-02  6.943736E+01 -8.571275E-02 -1.135292E-02 -8.571275E-02  6.954715E+01  1.065386E+00  1.449702E+00  3.383312E+00  3.823173E-01
  9.200000E+03  1.447964E+01  1.288263E+01  5.751181E-02  6.956068E+01  6.954123E+01 -1.347142E-01  7.486228E-03 -1.347142E-01  6.957820E+01 -1.758635E-02  7.486228E-03 -1.758635E-02  6.956260E+01  1.064672E+00  1.462482E+00  2.966350E+00  4.719340E-01
  9.250000E+03  1.446254E+01  1.287571E+01  5.520070E-02  6.955938E+01  6.962226E+01 -3.392480E-02  8.775298E-02 -3.392480E-02  6.952934E+01 -3.176150E-02  8.775298E-02 -3.176150E-02  6.952653E+01  1.057888E+00  1.439866E+00  2.950848E+00  4.225117E-01
  9.300000E+03  1.445418E+01  1.287207E+01  5.400751E-02  6.960607E+01  6.969901E+01 -2.128591E-02  2.114763E-02 -2.128591E-02  6.955889E+01 -3.206797E-02  2.114763E-02 -3.206797E-02  6.956032E+01  1.054743E+00  1.455112E+00  2.880013E+00  4.394711E-01
  9.350000E+03  1.445753E+01  1.286766E+01  5.433575E-02  6.953178E+01  6.956835E+01 -3.538631E-02 -4.910834E-02 -3.538631E-02  6.951264E+01  6.362831E-02 -4.910834E-02  6.362831E-02  6.951433E+01  1.059908E+00  1.433210E+00  3.044469E+00  4.186119E-01
  9.400000E+03  1.446990E+01  1.287928E+01  5.288207E-02  6.959067E+01  6.965096E+01  3.200639E-03 -1.573852E-03  3.200639E-03  6.956283E+01  3.239193E-02 -1.573852E-03  3.239193E-02  6.955823E+01  1.060413E+00  1.433575E+00  3.048774E+00  3.824169E-01
  9.450000E+03  1.446363E+01  1.287702E+01  5.233277E-02  6.956687E+01  6.959175E+01  5.185649E-02  1.629276E-02  5.185649E-02  6.954528E+01 -4.163276E-03  1.629276E-02 -4.163276E-03  6.956357E+01  1.057742E+00  1.439262E+00  3.043826E+00  4.571930E-01
  9.500000E+03  1.447004E+01  1.288325E+01  5.508314E-02  6.946358E+01  6.953231E+01 -1.645655E-02 -2.948457E-02 -1.645655E-02  6.937338E+01 -5.340127E-02 -2.948457E-02 -5.340127E-02  6.948506E+01  1.057864E+00  1.439460E+00  2.949942E+00  3.783676E-01
  9.550000E+03  1.447049E+01  1.287463E+01  5.362271E-02  6.955173E+01  6.954824E+01  8.807655E-02  1.014285E-02  8.807655E-02  6.959180E+01 -2.429985E-02  1.014285E-02 -2.429985E-02  6.951513E+01  1.063912E+00  1.434356E+00  3.179550E+00  4.243565E-01
  9.600000E+03  1.445809E+01  1.288053E+01  5.496270E-02  6.960922E+01  6.960709E+01 -3.119171E-03  7.079453E-02 -3.119171E-03  6.961523E+01  6.302784E-03  7.079453E-02  6.302784E-03  6.960533E+01  1.051707E+00  1.444246E+00  2.940106E+00  4.331561E-01
  9.650000E+03  1.444326E+01  1.286400E+01  5.618323E-02  6.955487E+01  6.965829E+01 -2.278388E-02 -8.132857E-02 -2.278388E-02  6.947457E+01 -1.879835E-02 -8.132857E-02 -1.879835E-02  6.953174E+01  1.052843E+00  1.441793E+00  3.004555E+00  3.859484E-01
  9.700000E+03  1.446220E+01  1.288198E+01  5.334114E-02  6.956021E+01  6.960646E+01 -3.741652E-02 -6.769157E-02 -3.741652E-02  6.953534E+01  1.090333E-01 -6.769157E-02  1.090333E-01  6.953884E+01  1.053485E+00  1.443361E+00  2.892672E+00  3.864029E-01
  9.750000E+03  1.444406E+01  1.286121E+01  5.664823E-02  6.946127E+01  6.947594E+01 -3.138805E-02 -4.102645E-03 -3.138805E-02  6.943708E+01  1.138653E-03 -4.102645E-03  1.138653E-03  6.947079E+01  1.055237E+00  1.464733E+00  2.928047E+00  4.061147E-01
  9.800000E+03  1.445405E+01  1.287073E+01  5.452222E-02  6.949077E+01  6.956594E+01  5.946641E-02  8.452324E-03  5.946641E-02  6.943737E+01  4.577448E-02  8.452324E-03  4.577448E-02  6.946901E+01  1.055549E+00  1.438511E+00  3.123948E+00  4.462289E-01
  9.850000E+03  1.446400E+01  1.288207E+01  5.265874E-02  6.952092E+01  6.940159E+01 -3.066746E-03  3.918825E-02 -3.066746E-03  6.953549E+01  2.980192E-02  3.918825E-02  2.980192E-02  6.962568E+01  1.054622E+00  1.443967E+00  3.145965E+00  4.376758E-01
  9.900000E+03  1.446823E+01  1.288379E+01  5.363081E-02  6.947566E+01  6.944620E+01  4.224687E-03 -4.369540E-02  4.224687E-03  6.951149E+01  7.699958E-02 -4.369540E-02  7.699958E-02  6.946931E+01  1.056293E+00  1.434000E+00  3.698643E+00  4.144861E-01
  9.950000E+03  1.448147E+01  1.287794E+01  5.604536E-02  6.951551E+01  6.952107E+01  8.114347E-02  7.589301E-02  8.114347E-02  6.953388E+01  1.318383E-02  7.589301E-02  1.318383E-02  6.949159E+01  1.069018E+00  1.447567E+00  2.979240E+00  4.649702E-01
  1.000000E+04  1.445188E+01  1.286856E+01  5.511221E-02  6.951152E+01  6.951332E+01  7.879579E-03 -5.768496E-02  7.879579E-03  6.955331E+01 -7.940232E-03 -5.768496E-02 -7.940232E-03  6.946793E+01  1.055544E+00  1.441422E+00  3.254768E+00  3.490903E-01
  1.005000E+04  1.443806E+01  1.285903E+01  5.371117E-02  6.957300E+01  6.945615E+01 -8.573949E-02 -1.005409E-01 -8.573949E-02  6.963379E+01  3.854021E-02 -1.005409E-01  3.854021E-02  6.962906E+01  1.052688E+00  1.445936E+00  3.222932E+00  4.291664E-01
  1.010000E+04  1.445684E+01  1.288044E+01  5.767088E-02  6.952770E+01  6.955316E+01 -9.022297E-02  2.762163E-02 -9.022297E-02  6.953414E+01  9.306794E-02  2.762163E-02  9.306794E-02  6.949580E+01  1.050930E+00  1.468619E+00  3.094481E+00  3.995771E-01
  1.015000E+04  1.445978E+01  1.286890E+01  5.550583E-02  6.943935E+01  6.932760E+01 -8.068182E-02 -3.503588E-03 -8.068182E-02  6.944586E+01  1.276382E-02 -3.503588E-03  1.276382E-02  6.954461E+01  1.060582E+00  1.445225E+00  2.899030E+00  4.243769E-01
  1.020000E+04  1.444473E+01  1.286256E+01  5.060467E-02  6.949123E+01  6.957032E+01  1.020588E-02 -1.523598E-02  1.020588E-02  6.949190E+01  4.031995E-03 -1.523598E-02  4.031995E-03  6.941146E+01  1.054775E+00  1.419019E+00  3.062569E+00  3.032946E-01
  1.025000E+04  1.445647E+01  1.286911E+01  5.195681E-02  6.957620E+01  6.953445E+01  7.134909E-02 -3.063195E-02  7.134909E-02  6.952634E+01 -4.421400E-02 -3.063195E-02 -4.421400E-02  6.966782E+01  1.058243E+00  1.427645E+00  2.729071E+00  4.132540E-01
  1.030000E+04  1.445807E+01  1.287038E+01  5.810682E-02  6.955999E+01  6.950051E+01 -2.850707E-02 -3.326605E-02 -2.850707E-02  6.967997E+01  5.081189E-03 -3.326605E-02  5.081189E-03  6.949950E+01  1.058463E+00  1.449968E+00  3.425916E+00  3.983805E-01
  1.035000E+04  1.445512E+01  1.287313E+01  5.611275E-02  6.945968E+01  6.949222E+01 -4.368116E-02 -4.315582E-02 -4.368116E-02  6.941514E+01 -1.073899E-02 -4.315582E-02 -1.073899E-02  6.947169E+01  1.054663E+00  1.455147E+00  3.348310E+00  4.548198E-01
  1.040000E+04  1.446708E+01  1.288391E+01  5.835362E-02  6.940894E+01  6.938623E+01 -1.453865E-02 -4.641960E-02 -1.453865E-02  6.939102E+01 -5.383267E-03 -4.641960E-02 -5.383267E-03  6.944957E+01  1.055445E+00  1.468797E+00  3.027304E+00  4.564410E-01
  1.045000E+04  1.445677E+01  1.288097E+01  5.299519E-02  6.954387E+01  6.948785E+01 -5.072579E-02  4.813413E-02 -5.072579E-02  6.950586E+01  9.724055E-03  4.813413E-02  9.724055E-03  6.963791E+01  1.050538E+00  1.431069E+00  3.167853E+00  4.460728E-01
  1.050000E+04  1.444439E+01  1.286634E+01  5.507605E-02  6.954622E+01  6.955927E+01 -3.539756E-03 -4.905399E-02 -3.539756E-03  6.951908E+01  1.196361E-02 -4.905399E-02  1.196361E-02  6.956032E+01  1.052032E+00  1.453302E+00  2.976495E+00  4.958284E-01
  1.055000E+04  1.445350E+01  1.287490E+01  5.957708E-02  6.948838E+01  6.957870E+01  3.207773E-02  5.200377E-02  3.207773E-02  6.950761E+01  2.941537E-02  5.200377E-02  2.941537E-02  6.937882E+01  1.052398E+00  1.465394E+00  2.877693E+00  3.553466E-01
  1.060000E+04  1.443814E+01  1.285821E+01  5.256129E-02  6.951296E+01  6.948556E+01 -4.275439E-02  1.863994E-03 -4.275439E-02  6.944253E+01  2.944697E-02  1.863994E-03  2.944697E-02  6.961078E+01  1.053286E+00  1.435906E+00  3.006610E+00  3.281458E-01
  1.065000E+04  1.448139E+01  1.288329E+01  5.449698E-02  6.955226E+01  6.953531E+01 -1.322760E-03  2.574225E-02 -1.322760E-03  6.959733E+01 -3.106979E-02  2.574225E-02 -3.106979E-02  6.952415E+01  1.065403E+00  1.436615E+00  3.336818E+00  4.014652E-01
  1.070000E+04  1.444805E+01  1.286097E+01  5.634830E-02  6.954326E+01  6.954201E+01  7.821544E-02 -5.016042E-02  7.821544E-02  6.955245E+01 -4.100287E-02 -5.016042E-02 -4.100287E-02  6.953532E+01  1.058055E+00  1.460897E+00  3.340427E+00  4.308941E-01
  1.075000E+04  1.443313E+01  1.285783E+01  5.551128E-02  6.949387E+01  6.949641E+01  8.740650E-02 -3.002051E-03  8.740650E-02  6.944519E+01 -4.703088E-02 -3.002051E-03 -4.703088E-02  6.954002E+01  1.050201E+00  1.447241E+00  3.200947E+00  4.262120E-01
  1.080000E+04  1.446918E+01  1.287841E+01  5.408125E-02  6.948559E+01  6.943956E+01  3.335092E-02  1.043355E-02  3.335092E-02  6.954929E+01  8.801928E-02  1.043355E-02  8.801928E-02  6.946793E+01  1.060512E+00  1.440185E+00  3.065505E+00  4.444970E-01
  1.085000E+04  1.445683E+01  1.287746E+01  5.432678E-02  6.952563E+01  6.964378E+01  2.539874E-02  2.725246E-02  2.539874E-02  6.950780E+01  3.840755E-02  2.725246E-02  3.840755E-02  6.942531E+01  1.052911E+00  1.430253E+00  3.094844E+00  4.499673E-01
  1.090000E+04  1.446058E+01  1.287701E+01  5.204996E-02  6.955116E+01  6.957530E+01  6.176008E-02 -1.434693E-02  6.176008E-02  6.967582E+01 -8.527507E-03 -1.434693E-02 -8.527507E-03  6.940236E+01  1.055716E+00  1.425433E+00  3.326681E+00  4.616654E-01
  1.095000E+04  1.446316E+01  1.286087E+01  5.237952E-02  6.958301E+01  6.956660E+01 -6.288363E-02 -4.316926E-03 -6.288363E-02  6.971964E+01  7.145537E-02 -4.316926E-03  7.145537E-02  6.946279E+01  1.068190E+00  1.434193E+00  3.141125E+00  3.828079E-01
  1.100000E+04  1.444782E+01  1.287188E+01  5.479704E-02  6.949310E+01  6.952275E+01  2.953738E-02  2.159195E-02  2.953738E-02  6.950218E+01 -1.094451E-01  2.159195E-02 -1.094451E-01  6.945438E+01  1.050632E+00  1.443474E+00  3.214875E+00  4.175856E-01
  1.105000E+04  1.444014E+01  1.286579E+01  5.221308E-02  6.951319E+01  6.947827E+01 -2.807667E-02 -1.041677E-01 -2.807667E-02  6.955573E+01 -4.922828E-02 -1.041677E-01 -4.922828E-02  6.950559E+01  1.049568E+00  1.423179E+00  2.889015E+00  3.085738E-01
  1.110000E+04  1.443030E+01  1.285165E+01  5.012661E-02  6.955811E+01  6.945205E+01  6.637490E-02  7.443742E-02  6.637490E-02  6.957507E+01  6.495177E-02  7.443742E-02  6.495177E-02  6.964720E+01  1.052431E+00  1.429677E+00  2.830822E+00  2.947667E-01
  1.115000E+04  1.445700E+01  1.287196E+01  5.314622E-02  6.955479E+01  6.958973E+01  1.211846E-01 -3.296065E-02  1.211846E-01  6.954061E+01  7.970858E-02 -3.296065E-02  7.970858E-02  6.953402E+01  1.056693E+00  1.434994E+00  3.631510E+00  3.951917E-01
  1.120000E+04  1.444768E+01  1.286452E+01  5.100746E-02  6.943182E+01  6.940284E+01 -5.186854E-02 -6.008727E-02 -5.186854E-02  6.943490E+01  1.357603E-02 -6.008727E-02  1.357603E-02  6.945771E+01  1.055438E+00  1.424071E+00  3.163841E+00  4.342139E-01
  1.125000E+04  1.446699E+01  1.288253E+01  5.202472E-02  6.951077E+01  6.946796E+01  2.347710E-02 -1.045712E-02  2.347710E-02  6.951009E+01  1.017589E-01 -1.045712E-02  1.017589E-01  6.955427E+01  1.056309E+00  1.426517E+00  2.805191E+00  3.488081E-01
  1.130000E+04  1.446401E+01  1.287181E+01  5.685283E-02  6.947534E+01  6.953662E+01  8.456040E-02 -9.168391E-02  8.456040E-02  6.945362E+01  3.929413E-02 -9.168391E-02  3.929413E-02  6.943578E+01  1.061466E+00  1.452131E+00  2.984378E+00  5.015462E-01
  1.135000E+04  1.446056E+01  1.287624E+01  5.835327E-02  6.953235E+01  6.952948E+01  4.552874E-02  5.465691E-02  4.552874E-02  6.961445E+01  4.770487E-02  5.465691E-02  4.770487E-02  6.945311E+01  1.056214E+00  1.465638E+00  2.971454E+00  4.503593E-01
  1.140000E+04  1.447596E+01  1.287573E+01  5.181661E-02  6.953448E+01  6.944031E+01 -7.914285E-04 -4.385740E-02 -7.914285E-04  6.960691E+01  2.006074E-02 -4.385740E-02  2.006074E-02  6.955621E+01  1.066819E+00  1.433054E+00  3.072339E+00  4.361605E-01
  1.145000E+04  1.446930E+01  1.288385E+01  5.319931E-02  6.949582E+01  6.948257E+01  1.016678E-01  2.223726E-02  1.016678E-01  6.953834E+01 -3.245393E-02  2.223726E-02 -3.245393E-02  6.946653E+01  1.056963E+00  1.434021E+00  3.168692E+00  3.841402E-01
  1.150000E+04  1.445190E+01  1.287539E+01  5.260858E-02  6.951234E+01  6.948389E+01  2.134020E-02 -7.543193E-02  2.134020E-02  6.948869E+01  9.423272E-02 -7.543193E-02  9.423272E-02  6.956444E+01  1.051004E+00  1.433130E+00  2.941028E+00  4.992730E-01
  1.155000E+04  1.445441E+01  1.285952E+01  5.518760E-02  6.941904E+01  6.940346E+01 -2.631827E-02  2.141224E-02 -2.631827E-02  6.941473E+01 -3.954579E-02  2.141224E-02 -3.954579E-02  6.943892E+01  1.063259E+00  1.446730E+00  3.063062E+00  3.813731E-01
  1.160000E+04  1.446140E+01  1.287037E+01  5.390446E-02  6.956084E+01  6.959590E+01  1.081014E-01  2.759203E-02  1.081014E-01  6.945792E+01 -2.925338E-02  2.759203E-02 -2.925338E-02  6.962869E+01  1.060692E+00  1.435003E+00  3.138225E+00  4.195608E-01
  1.165000E+04  1.444682E+01  1.287073E+01  5.636898E-02  6.947875E+01  6.944721E+01 -1.317817E-02  8.503051E-02 -1.317817E-02  6.950878E+01  1.230826E-02  8.503051E-02  1.230826E-02  6.948026E+01  1.050727E+00  1.454337E+00  3.180835E+00  4.836599E-01
  1.170000E+04  1.447169E+01  1.287990E+01  5.541158E-02  6.947752E+01  6.954895E+01 -9.482440E-02 -1.646693E-02 -9.482440E-02  6.949107E+01  4.920084E-02 -1.646693E-02  4.920084E-02  6.939256E+01  1.061193E+00  1.460288E+00  2.972310E+00  4.163891E-01
  1.175000E+04  1.444973E+01  1.287318E+01  5.185577E-02  6.951334E+01  6.948484E+01  6.597491E-02 -1.127882E-02  6.597491E-02  6.956021E+01 -1.519325E-02 -1.127882E-02 -1.519325E-02  6.949497E+01  1.051037E+00  1.433951E+00  3.082116E+00  4.887970E-01
  1.180000E+04  1.444302E+01  1.286539E+01  5.504403E-02  6.944356E+01  6.952353E+01  2.767414E-02 -9.519955E-03  2.767414E-02  6.952354E+01  8.102702E-02 -9.519955E-03  8.102702E-02  6.928362E+01  1.051759E+00  1.449799E+00  2.867350E+00  3.637324E-01
  1.185000E+04  1.445957E+01  1.286645E+01  5.305675E-02  6.954338E+01  6.952392E+01 -6.364949E-03  8.474663E-04 -6.364949E-03  6.951969E+01 -1.982266E-02  8.474663E-04 -1.982266E-02  6.958653E+01  1.062078E+00  1.434083E+00  2.842133E+00  4.836302E-01
  1.190000E+04  1.445596E+01  1.286823E+01  5.267742E-02  6.954542E+01  6.970318E+01  1.027042E-02  5.331821E-02  1.027042E-02  6.949123E+01  1.374682E-02  5.331821E-02  1.374682E-02  6.944183E+01  1.058485E+00  1.432669E+00  3.042131E+00  3.662285E-01
  1.195000E+04  1.442343E+01  1.285760E+01  5.495207E-02  6.951747E+01  6.961966E+01 -2.150238E-02 -3.384704E-02 -2.150238E-02  6.947324E+01 -5.917825E-02 -3.384704E-02 -5.917825E-02  6.945951E+01  1.043888E+00  1.447165E+00  3.153527E+00  3.286464E-01
  1.200000E+04  1.446711E+01  1.287427E+01  5.327474E-02  6.947503E+01  6.954344E+01  3.973925E-02 -5.789790E-02  3.973925E-02  6.943915E+01  6.049763E-02 -5.789790E-02  6.049763E-02  6.944251E+01  1.061892E+00  1.429676E+00  3.458822E+00  3.674269E-01
  1.205000E+04  1.444978E+01  1.286267E+01  5.271812E-02  6.952461E+01  6.946690E+01 -2.818800E-02 -5.235970E-02 -2.818800E-02  6.950418E+01  3.951890E-02 -5.235970E-02  3.951890E-02  6.960276E+01  1.058073E+00  1.435354E+00  3.045050E+00  4.176028E-01
  1.210000E+04  1.445731E+01  1.287003E+01  5.530743E-02  6.947586E+01  6.942057E+01  2.013977E-02  9.991004E-02  2.013977E-02  6.942100E+01 -4.608401E-02  9.991004E-02 -4.608401E-02  6.958602E+01  1.058184E+00  1.454092E+00  3.203851E+00  4.339816E-01
  1.215000E+04  1.445162E+01  1.287776E+01  5.448093E-02  6.941113E+01  6.942461E+01  3.490455E-02  1.151067E-02  3.490455E-02  6.939929E+01 -2.305284E-02  1.151067E-02 -2.305284E-02  6.940948E+01  1.049240E+00  1.452145E+00  3.060759E+00  3.776035E-01
  1.220000E+04  1.445169E+01  1.286089E+01  5.398775E-02  6.959198E+01  6.961324E+01  5.535878E-02 -2.602023E-03  5.535878E-02  6.971410E+01 -5.801400E-02 -2.602023E-03 -5.801400E-02  6.944860E+01  1.060538E+00  1.438902E+00  3.571626E+00  4.373667E-01
  1.225000E+04  1.446588E+01  1.286678E+01  5.391692E-02  6.954001E+01  6.969536E+01 -1.636630E-02  4.610118E-02 -1.636630E-02  6.946235E+01  5.539383E-03  4.610118E-02  5.539383E-03  6.946232E+01  1.066066E+00  1.439958E+00  2.954288E+00  3.866328E-01
  1.230000E+04  1.444887E+01  1.285971E+01  5.579432E-02  6.950472E+01  6.948463E+01  9.999986E-02 -4.080194E-02  9.999986E-02  6.952908E+01 -4.425805E-02 -4.080194E-02 -4.425805E-02  6.950046E+01  1.059442E+00  1.442920E+00  3.286125E+00  4.050635E-01
  1.235000E+04  1.445930E+01  1.287945E+01  5.311698E-02  6.954016E+01  6.961246E+01 -6.225840E-02 -9.604009E-03 -6.225840E-02  6.952170E+01 -1.372641E-02 -9.604009E-03 -1.372641E-02  6.948631E+01  1.053234E+00  1.437777E+00  3.445880E+00  3.968382E-01
  1.240000E+04  1.445811E+01  1.287122E+01  5.369525E-02  6.944432E+01  6.946078E+01 -9.643559E-02  6.369060E-02 -9.643559E-02  6.942578E+01 -1.844414E-02  6.369060E-02 -1.844414E-02  6.944640E+01  1.057928E+00  1.434047E+00  3.022509E+00  4.076830E-01
  1.245000E+04  1.445434E+01  1.287322E+01  5.411678E-02  6.951814E+01  6.948349E+01 -1.424599E-02 -1.108712E-01 -1.424599E-02  6.957882E+01  3.071095E-02 -1.108712E-01  3.071095E-02  6.949212E+01  1.054083E+00  1.446859E+00  3.094568E+00  4.502169E-01
  1.250000E+04  1.444930E+01  1.287462E+01  5.309787E-02  6.943557E+01  6.941363E+01  8.651896E-02 -7.047198E-02  8.651896E-02  6.945935E+01  1.694776E-01 -7.047198E-02  1.694776E-01  6.943374E+01  1.049784E+00  1.435702E+00  2.973456E+00  4.017238E-01
  1.255000E+04  1.445554E+01  1.286505E+01  5.072566E-02  6.950027E+01  6.942623E+01  1.217002E-02 -3.853754E-02  1.217002E-02  6.951461E+01  3.564117E-03 -3.853754E-02  3.564117E-03  6.955997E+01  1.060328E+00  1.421151E+00  3.151380E+00  3.972290E-01
  1.260000E+04  1.443823E+01  1.285536E+01  5.584692E-02  6.954934E+01  6.956407E+01 -3.900540E-02 -4.497976E-03 -3.900540E-02  6.950657E+01  2.193627E-02 -4.497976E-03  2.193627E-02  6.957738E+01  1.055245E+00  1.455395E+00  3.317452E+00  4.523348E-01
  1.265000E+04  1.444404E+01  1.286547E+01  5.519976E-02  6.948274E+01  6.956533E+01 -5.827003E-02 -2.638814E-02 -5.827003E-02  6.952178E+01 -3.048563E-02 -2.638814E-02 -3.048563E-02  6.936110E+01  1.052378E+00  1.448783E+00  3.462296E+00  3.491118E-01
  1.270000E+04  1.444272E+01  1.286847E+01  5.455226E-02  6.949447E+01  6.956815E+01 -4.035620E-02 -5.700653E-02 -4.035620E-02  6.948306E+01 -5.232682E-02 -5.700653E-02 -5.232682E-02  6.943220E+01  1.049501E+00  1.443376E+00  3.257105E+00  4.552434E-01
  1.275000E+04  1.445690E+01  1.287435E+01  5.645242E-02  6.952981E+01  6.950184E+01 -8.485793E-03 -1.775885E-02 -8.485793E-03  6.969752E+01 -2.381444E-02 -1.775885E-02 -2.381444E-02  6.939007E+01  1.055033E+00  1.442446E+00  3.014737E+00  2.621939E-01
  1.280000E+04  1.444120E+01  1.286567E+01  5.407273E-02  6.948692E+01  6.954956E+01  3.612727E-02  1.727394E-02  3.612727E-02  6.941750E+01  1.581071E-02  1.727394E-02  1.581071E-02  6.949369E+01  1.050353E+00  1.444121E+00  2.886362E+00  3.692449E-01
  1.285000E+04  1.445211E+01  1.286588E+01  5.524604E-02  6.942843E+01  6.937509E+01  2.602603E-02 -4.775183E-02  2.602603E-02  6.964325E+01 -4.770829E-03 -4.775183E-02 -4.770829E-03  6.926696E+01  1.057490E+00  1.452465E+00  3.236607E+00  4.232140E-01
  1.290000E+04  1.445005E+01  1.287192E+01  5.316343E-02  6.941994E+01  6.935223E+01  6.270901E-03 -1.029369E-02  6.270901E-03  6.938009E+01  1.455494E-01 -1.029369E-02  1.455494E-01  6.952751E+01  1.052088E+00  1.425307E+00  2.874286E+00  3.394674E-01
  1.295000E+04  1.444248E+01  1.286643E+01  5.850866E-02  6.945631E+01  6.942878E+01  6.161900E-02  1.492930E-02  6.161900E-02  6.939525E+01 -1.075622E-01  1.492930E-02 -1.075622E-01  6.954491E+01  1.050696E+00  1.458943E+00  3.118095E+00  4.269358E-01
  1.300000E+04  1.445351E+01  1.286617E+01  5.373297E-02  6.950144E+01  6.948286E+01  8.666902E-02  5.286472E-02  8.666902E-02  6.954638E+01  5.368109E-02  5.286472E-02  5.368109E-02  6.947508E+01  1.058227E+00  1.442710E+00  3.270711E+00  4.330662E-01
  1.305000E+04  1.446186E+01  1.287361E+01  5.396305E-02  6.942056E+01  6.942425E+01  8.780173E-02  4.935965E-02  8.780173E-02  6.942238E+01  4.775857E-02  4.935965E-02  4.775857E-02  6.941506E+01  1.058832E+00  1.438815E+00  3.287173E+00  4.302628E-01
  1.310000E+04  1.446495E+01  1.287310E+01  5.615966E-02  6.947920E+01  6.947979E+01 -7.664091E-02 -1.946192E-02 -7.664091E-02  6.949999E+01 -1.605318E-01 -1.946192E-02 -1.605318E-01  6.945780E+01  1.061237E+00  1.447357E+00  3.257339E+00  3.075953E-01
  1.315000E+04  1.445330E+01  1.287313E+01  5.355036E-02  6.955288E+01  6.947264E+01 -1.080689E-01 -1.281486E-02 -1.080689E-01  6.955155E+01 -1.635731E-03 -1.281486E-02 -1.635731E-03  6.963444E+01  1.053445E+00  1.427561E+00  3.115225E+00  4.037421E-01
  1.320000E+04  1.447792E+01  1.288623E+01  5.630469E-02  6.949029E+01  6.954634E+01  3.015369E-02 -8.813038E-02  3.015369E-02  6.948424E+01 -9.293157E-02 -8.813038E-02 -9.293157E-02  6.944031E+01  1.061129E+00  1.453307E+00  2.846401E+00  4.585144E-01
  1.325000E+04  1.446489E+01  1.287236E+01  5.535688E-02  6.955774E+01  6.962277E+01 -3.072541E-02 -3.723598E-02 -3.072541E-02  6.955212E+01  2.254652E-02 -3.723598E-02  2.254652E-02  6.949834E+01  1.061691E+00  1.444768E+00  3.514559E+00  3.856531E-01
  1.330000E+04  1.445647E+01  1.285751E+01  5.394613E-02  6.953571E+01  6.953639E+01 -1.078321E-01  1.554044E-03 -1.078321E-01  6.944298E+01 -1.895224E-02  1.554044E-03 -1.895224E-02  6.962776E+01  1.065970E+00  1.444663E+00  3.091791E+00  3.213906E-01
  1.335000E+04  1.446706E+01  1.288363E+01  5.414176E-02  6.954365E+01  6.954784E+01 -2.561085E-02 -6.057924E-03 -2.561085E-02  6.957279E+01 -8.588589E-02 -6.057924E-03 -8.588589E-02  6.951032E+01  1.055625E+00  1.449901E+00  2.916779E+00  4.695303E-01
  1.340000E+04  1.445004E+01  1.287452E+01  5.550631E-02  6.954474E+01  6.947863E+01 -1.737967E-02  4.891017E-02 -1.737967E-02  6.958947E+01  2.836496E-02  4.891017E-02  2.836496E-02  6.956613E+01  1.050347E+00  1.449933E+00  3.430135E+00  4.259930E-01
  1.345000E+04  1.445347E+01  1.287917E+01  5.684989E-02  6.944469E+01  6.931898E+01  2.907565E-02 -6.923977E-03  2.907565E-02  6.959438E+01 -1.702025E-02 -6.923977E-03 -1.702025E-02  6.942072E+01  1.049534E+00  1.458586E+00  3.009926E+00  4.209279E-01
  1.350000E+04  1.447599E+01  1.288182E+01  5.470814E-02  6.959718E+01  6.958458E+01 -5.967143E-02  7.186543E-03 -5.967143E-02  6.960537E+01 -5.504972E-02  7.186543E-03 -5.504972E-02  6.960160E+01  1.062782E+00  1.442421E+00  3.014515E+00  4.498753E-01
  1.355000E+04  1.445436E+01  1.287737E+01  5.404719E-02  6.951079E+01  6.949548E+01  4.396799E-02  5.739903E-02  4.396799E-02  6.957510E+01 -6.150514E-02  5.739903E-02 -6.150514E-02  6.946178E+01  1.051328E+00  1.439739E+00  3.097780E+00  4.530893E-01
  1.360000E+04  1.445540E+01  1.288035E+01  5.784709E-02  6.950947E+01  6.957522E+01  1.406701E-02  1.678997E-02  1.406701E-02  6.943363E+01 -1.446776E-02  1.678997E-02 -1.446776E-02  6.951956E+01  1.050038E+00  1.452547E+00  3.200577E+00  3.006601E-01
  1.365000E+04  1.445123E+01  1.287635E+01  5.608486E-02  6.942677E+01  6.937284E+01 -1.352539E-02  8.122671E-02 -1.352539E-02  6.946123E+01 -1.211969E-01  8.122671E-02 -1.211969E-01  6.944624E+01  1.049918E+00  1.453938E+00  3.026363E+00  3.831316E-01
  1.370000E+04  1.445533E+01  1.286739E+01  5.446061E-02  6.941799E+01  6.952893E+01  1.027413E-02 -4.749701E-02  1.027413E-02  6.928388E+01 -8.636822E-02 -4.749701E-02 -8.636822E-02  6.944117E+01  1.058630E+00  1.431526E+00  3.228067E+00  3.915349E-01
  1.375000E+04  1.445710E+01  1.286588E+01  5.303024E-02  6.952685E+01  6.965261E+01  2.039326E-02 -7.754525E-02  2.039326E-02  6.948332E+01  9.165301E-02 -7.754525E-02  9.165301E-02  6.944462E+01  1.060811E+00  1.433322E+00  3.190386E+00  4.471380E-01
  1.380000E+04  1.443729E+01  1.286675E+01  5.184212E-02  6.958726E+01  6.960151E+01  5.490019E-02  2.175094E-02  5.490019E-02  6.960829E+01  3.090729E-02  2.175094E-02  3.090729E-02  6.955198E+01  1.047026E+00  1.426049E+00  3.039330E+00  3.522425E-01
  1.385000E+04  1.445395E+01  1.287501E+01  5.463836E-02  6.953047E+01  6.954894E+01  4.122725E-02 -5.238531E-02  4.122725E-02  6.949542E+01 -7.754223E-02 -5.238531E-02 -7.754223E-02  6.954704E+01  1.052624E+00  1.430234E+00  3.451460E+00  3.429495E-01
  1.390000E+04  1.444061E+01  1.286076E+01  5.274137E-02  6.952975E+01  6.951870E+01  1.475949E-02  7.898878E-02  1.475949E-02  6.950351E+01  1.685216E-02  7.898878E-02  1.685216E-02  6.956703E+01  1.053233E+00  1.432505E+00  3.035424E+00  4.682704E-01
  1.395000E+04  1.445012E+01  1.287857E+01  5.310106E-02  6.941000E+01  6.940499E+01 -3.434016E-02 -2.808130E-02 -3.434016E-02  6.936711E+01  1.556091E-01 -2.808130E-02  1.556091E-01  6.945789E+01  1.047696E+00  1.440655E+00  3.136975E+00  4.877984E-01
  1.400000E+04  1.446324E+01  1.287528E+01  5.213886E-02  6.959703E+01  6.955063E+01 -2.175588E-02  4.819224E-02 -2.175588E-02  6.963379E+01 -7.665392E-02  4.819224E-02 -7.665392E-02  6.960667E+01  1.058636E+00  1.428068E+00  3.249540E+00  4.921883E-01
  1.405000E+04  1.445642E+01  1.287634E+01  5.290438E-02  6.954442E+01  6.946214E+01  6.658687E-02 -2.084993E-02  6.658687E-02  6.958122E+01 -1.677438E-01 -2.084993E-02 -1.677438E-01  6.958989E+01  1.053387E+00  1.429947E+00  2.924943E+00  4.497160E-01
  1.410000E+04  1.444775E+01  1.287156E+01  5.288320E-02  6.948182E+01  6.942964E+01  5.767085E-02 -8.819893E-02  5.767085E-02  6.950802E+01  1.158097E-03 -8.819893E-02  1.158097E-03  6.950779E+01  1.050791E+00  1.436693E+00  2.864005E+00  4.295683E-01
  1.415000E+04  1.445427E+01  1.287427E+01  5.123509E-02  6.946495E+01  6.942439E+01  1.038344E-01 -4.293959E-03  1.038344E-01  6.958164E+01  1.465017E-03 -4.293959E-03  1.465017E-03  6.938883E+01  1.053329E+00  1.426008E+00  3.139034E+00  5.015677E-01
  1.420000E+04  1.447085E+01  1.288682E+01  5.273120E-02  6.950475E+01  6.950560E+01 -1.515940E-02  7.077073E-04 -1.515940E-02  6.947551E+01  6.737823E-02  7.077073E-04  6.737823E-02  6.953314E+01  1.056023E+00  1.423585E+00  2.980881E+00  3.664264E-01
  1.425000E+04  1.446710E+01  1.288346E+01  5.663976E-02  6.947673E+01  6.959315E+01 -2.873175E-02 -9.954475E-02 -2.873175E-02  6.944875E+01 -4.306684E-02 -9.954475E-02 -4.306684E-02  6.938830E+01  1.055757E+00  1.456669E+00  3.278414E+00  4.276041E-01
  1.430000E+04  1.445408E+01  1.285816E+01  5.297531E-02  6.952018E+01  6.956607E+01 -2.411157E-02 -5.266823E-02 -2.411157E-02  6.939024E+01  9.054449E-02 -5.266823E-02  9.054449E-02  6.960423E+01  1.063945E+00  1.437840E+00  2.838820E+00  4.519362E-01
  1.435000E+04  1.446729E+01  1.288233E+01  5.399047E-02  6.949156E+01  6.953479E+01 -4.825316E-02  9.224435E-02 -4.825316E-02  6.933336E+01 -1.116247E-01  9.224435E-02 -1.116247E-01  6.960655E+01  1.056639E+00  1.433682E+00  3.312585E+00  3.286541E-01
  1.440000E+04  1.445499E+01  1.287226E+01  5.386928E-02  6.957215E+01  6.962886E+01  5.098151E-02  8.846003E-02  5.098151E-02  6.947620E+01  2.402569E-02  8.846003E-02  2.402569E-02  6.961138E+01  1.055155E+00  1.425587E+00  3.001784E+00  4.310715E-01
  1.445000E+04  1.446801E+01  1.287594E+01  5.481206E-02  6.954445E+01  6.951160E+01  7.321373E-02  2.516763E-02  7.321373E-02  6.951782E+01  5.269331E-02  2.516763E-02  5.269331E-02  6.960392E+01  1.061377E+00  1.438986E+00  3.183956E+00  3.657518E-01
  1.450000E+04  1.449766E+01  1.288785E+01  5.293726E-02  6.953519E+01  6.960035E+01 -2.037064E-02  1.506759E-03 -2.037064E-02  6.954435E+01 -1.803127E-02  1.506759E-03 -1.803127E-02  6.946087E+01  1.073211E+00  1.445251E+00  2.834967E+00  5.325966E-01
  1.455000E+04  1.445824E+01  1.287794E+01  5.643010E-02  6.942271E+01  6.942661E+01  7.109922E-02 -6.808625E-03  7.109922E-02  6.935326E+01 -5.681396E-02 -6.808625E-03 -5.681396E-02  6.948828E+01  1.053532E+00  1.451976E+00  2.980623E+00  3.896467E-01
  1.460000E+04  1.448234E+01  1.289410E+01  5.509712E-02  6.942703E+01  6.944243E+01  1.556600E-02 -4.307817E-02  1.556600E-02  6.937048E+01 -5.386856E-03 -4.307817E-02 -5.386856E-03  6.946816E+01  1.058825E+00  1.440027E+00  3.008634E+00  3.939624E-01
  1.465000E+04  1.444540E+01  1.287264E+01  5.350161E-02  6.945913E+01  6.933863E+01  3.066773E-02  2.564423E-02  3.066773E-02  6.947370E+01  5.859269E-02  2.564423E-02  5.859269E-02  6.956506E+01  1.048509E+00  1.435424E+00  2.927042E+00  5.009076E-01
  1.470000E+04  1.445318E+01  1.287209E+01  5.438256E-02  6.949175E+01  6.938300E+01  1.381249E-01 -7.507160E-02  1.381249E-01  6.954926E+01 -1.898563E-02 -7.507160E-02 -1.898563E-02  6.954298E+01  1.054060E+00  1.451703E+00  3.104367E+00  4.734835E-01
  1.475000E+04  1.442788E+01  1.285348E+01  5.386149E-02  6.952110E+01  6.965906E+01 -1.938585E-02 -2.271041E-02 -1.938585E-02  6.950608E+01  8.840844E-02 -2.271041E-02  8.840844E-02  6.939815E+01  1.049596E+00  1.451841E+00  2.834479E+00  4.299186E-01
  1.480000E+04  1.443800E+01  1.286302E+01  5.609853E-02  6.942046E+01  6.938804E+01  7.061863E-02 -7.684023E-02  7.061863E-02  6.946535E+01 -2.555827E-02 -7.684023E-02 -2.555827E-02  6.940799E+01  1.049991E+00  1.451296E+00  3.351075E+00  4.128101E-01
  1.485000E+04  1.444544E+01  1.288266E+01  5.322988E-02  6.945902E+01  6.940673E+01  6.259892E-02  6.523268E-02  6.259892E-02  6.949923E+01 -1.704214E-02  6.523268E-02 -1.704214E-02  6.947111E+01  1.041853E+00  1.434352E+00  2.895348E+00  4.300126E-01
  1.490000E+04  1.444067E+01  1.287720E+01  5.616886E-02  6.937757E+01  6.944482E+01 -5.336208E-02  1.998382E-02 -5.336208E-02  6.924245E+01  6.365685E-03  1.998382E-02  6.365685E-03  6.944545E+01  1.042318E+00  1.448876E+00  3.033598E+00  3.218005E-01
  1.495000E+04  1.445555E+01  1.288313E+01  5.435419E-02  6.952487E+01  6.963716E+01  3.084799E-02  3.465643E-02  3.084799E-02  6.954210E+01 -3.312112E-02  3.465643E-02 -3.312112E-02  6.939533E+01  1.048281E+00  1.444205E+00  3.099946E+00  3.495499E-01
  1.500000E+04  1.444227E+01  1.286326E+01  5.555475E-02  6.952021E+01  6.953007E+01  2.547161E-02 -6.527658E-02  2.547161E-02  6.950777E+01  1.160895E-03 -6.527658E-02  1.160895E-03  6.952280E+01  1.052673E+00  1.454961E+00  3.037501E+00  4.426183E-01
