$coord
  -11.45798671200381      3.16673838491035     -0.38888607676047  c
  -10.85391906564678      0.77013693390564     -1.84694105898893  c
   -8.32315742583114     -0.11617539019937     -1.27704668258398  o
   -7.99330674199583     -1.32566019895090      0.96220146393947  c
   -5.23805413140927     -2.06494193283181      1.24597809091331  c
   -4.90518501010964     -3.30404120142668      3.59762396516425  o
  -13.39135594942031      3.91644296754028     -0.76288177972324  h
  -10.01163327014435      4.23519862394651      1.04797342350065  o
  -11.02699643303394      1.21641523875865     -4.69301755543485  c
  -12.24337641004545     -0.66729625975713     -1.25660363188158  h
   -9.67102515375564     -1.76801751014828      2.47097372635995  o
   -4.71662091232124     -3.30064382774462     -0.35750891317925  h
   -4.06818543602803     -0.33856140808132      1.11071879344573  h
   -2.33101346923888     -4.06158405300265      3.96558172777764  c
   -1.73161036311839     -5.37775482285108      2.46081520047151  h
   -2.23591616943920     -5.35616731878910      6.52788404207865  c
   -1.06670977250774     -2.40088269060118      3.94052632691432  h
   -3.44830188037129     -7.03982562119967      6.56833042338541  h
   -2.80305306815323     -4.06265486898875      8.04838576353930  h
    0.38790971692521     -6.11350516052026      6.90758577596849  o
    0.90378192718496     -7.30914210333133      9.09778352140144  c
   -0.66022791092435     -7.84048073990057     10.70180661579464  o
    3.75106011734944     -7.78900945800041      9.31670926536750  c
    4.20215935999597     -9.86272590881071     11.05954146368100  o
    4.49141897700113     -8.30085721797693      7.44728930129964  h
    5.11632677173262     -5.48386714196391     10.37852875810407  c
    3.49175610774991    -12.19665899147768     10.25277925083051  c
    2.49680610726010    -12.61025835568500      8.21996609950046  o
    4.13731725790169    -14.14885543428199     12.24421398573804  c
    6.19108422958389    -14.04206994995874     12.60148618691256  h
    3.37720419236447    -16.57347750132144     11.36759485620249  o
    3.16725368663648    -13.60343130529759     14.01044730433892  h
    3.79540480937508    -17.77765629330178     12.69571639643218  h
  -10.73235390360383     -0.56923348391376     -5.70344628207627  h
   -9.60882567410444      2.59915523191411     -5.31260473914530  h
  -12.91383152184105      1.93457322873462     -5.17422978042269  h
    4.38299296035475     -4.99085479319419     12.25620143536724  h
    4.85328104028098     -3.86636422323146      9.10673443840860  h
    7.14612770057549     -5.88396137073880     10.52261511758410  h
$user-defined bonds
$redundant
     number_of_atoms            39
     degrees_of_freedom        111
     internal_coordinates      111
     frozen_coordinates          0
# definitions of redundant internals
   1 k  0.5000000000000 tors   8    1    2    3 val= 120.38604
        0.5000000000000 tors   8    1    2    9
        0.5000000000000 tors   7    1    2    3
        0.5000000000000 tors   7    1    2    9
   2 k  1.0000000000000 stre   1    8           val=   2.30176
   3 k  1.0000000000000 stre   1    7           val=   2.10709
   4 k  0.8152398338701 bend   7    8    1      val=   1.39396
       -0.3678742115375 bend   2    8    1
       -0.4472723753565 bend   2    7    1
   5 k -0.0447399029845 bend   7    8    1      val=   5.70044
        0.7300111268343 bend   2    8    1
       -0.6819692777384 bend   2    7    1
   6 k  1.0000000000000 outp   8    2    7    1 val=   0.55590
   7 k  1.0000000000000 stre   2   10           val=   2.08454
   8 k  0.2188506888543 bend   3   10    2      val=   2.85698
        0.5829286650816 bend   9   10    2
       -0.7824950782045 bend   1   10    2
   9 k  0.7986968483702 bend   3   10    2      val=   2.24855
       -0.5676907942066 bend   9   10    2
       -0.1995257040500 bend   1   10    2
  10 k  1.0000000000000 stre   4   11           val=   2.29931
  11 k  0.7071080903420 bend   3   11    4      val=  -0.60576
       -0.7071054720287 bend   5   11    4
  12 k  1.0000000000000 outp  11    5    3    4 val=  -0.82341
  13 k  1.0000000000000 stre   5   13           val=   2.08980
  14 k  1.0000000000000 stre   5   12           val=   2.09046
  15 k  0.1046412583082 bend  12   13    5      val=   1.44843
       -0.5089602850143 bend   6   13    5
       -0.5083008460170 bend   6   12    5
        0.4861997595436 bend   4   13    5
        0.4850254416997 bend   4   12    5
  16 k  0.0015460215505 bend  12   13    5      val=   0.03103
       -0.5515980785326 bend   6   13    5
        0.5514827435856 bend   6   12    5
       -0.4425615955279 bend   4   13    5
        0.4424287369370 bend   4   12    5
  17 k -0.8890266842020 bend  12   13    5      val=   1.32884
        0.1702811224290 bend   6   13    5
        0.1717380320857 bend   6   12    5
        0.2741921761120 bend   4   13    5
        0.2756094936961 bend   4   12    5
  18 k -0.0002054267318 bend  12   13    5      val=   0.03626
       -0.4419791984968 bend   6   13    5
        0.4430121559126 bend   6   12    5
        0.5511364578321 bend   4   13    5
       -0.5519449070858 bend   4   12    5
  19 k  1.0000000000000 stre  14   17           val=   2.08735
  20 k  1.0000000000000 stre  14   15           val=   2.08708
  21 k  0.0278287012370 bend  15   17   14      val=   0.01890
       -0.5063755010532 bend   6   17   14
       -0.5060680496427 bend   6   15   14
        0.4923538563286 bend  16   17   14
        0.4942592686130 bend  16   15   14
  22 k  0.0012347328100 bend  15   17   14      val=   0.06759
        0.5226378893173 bend   6   17   14
       -0.5236583730362 bend   6   15   14
        0.4762488339445 bend  16   17   14
       -0.4752021344653 bend  16   15   14
  23 k -0.8869110075970 bend  15   17   14      val=   3.06448
        0.2154782639267 bend   6   17   14
        0.2147922302599 bend   6   15   14
        0.2465198013473 bend  16   17   14
        0.2450515613950 bend  16   15   14
  24 k -0.0003454689255 bend  15   17   14      val=   0.02475
        0.4763196005483 bend   6   17   14
       -0.4751334999882 bend   6   15   14
       -0.5233917200889 bend  16   17   14
        0.5229041817733 bend  16   15   14
  25 k  1.0000000000000 stre  16   19           val=   2.07527
  26 k  1.0000000000000 stre  16   18           val=   2.07514
  27 k  0.0446845386234 bend  18   19   16      val=   1.11585
        0.4994485319587 bend  20   19   16
        0.4969286788990 bend  20   18   16
       -0.4999620578556 bend  14   19   16
       -0.5016515570839 bend  14   18   16
  28 k  0.0006617409862 bend  18   19   16      val=   0.03162
       -0.4977346732070 bend  20   19   16
        0.4997646586039 bend  20   18   16
       -0.5023058775407 bend  14   19   16
        0.5001838147971 bend  14   18   16
  29 k -0.8845872752332 bend  18   19   16      val=   3.12123
        0.2520084638994 bend  20   19   16
        0.2533644913088 bend  20   18   16
        0.2120541511060 bend  14   19   16
        0.2117464478122 bend  14   18   16
  30 k -0.0005966650018 bend  18   19   16      val=   0.04461
        0.5013948630306 bend  20   19   16
       -0.5010954766203 bend  20   18   16
       -0.4982091871524 bend  14   19   16
        0.4992932649906 bend  14   18   16
  31 k  1.0000000000000 stre  21   22           val=   2.30246
  32 k  0.7071459960389 bend  20   22   21      val=  -0.25281
       -0.7070675641593 bend  23   22   21
  33 k  1.0000000000000 outp  22   23   20   21 val=   2.06631
  34 k  1.0000000000000 stre  23   25           val=   2.07481
  35 k  0.2263340422445 bend  24   25   23      val=   2.25500
        0.5781772424137 bend  26   25   23
       -0.7838902842083 bend  21   25   23
  36 k  0.7968515232602 bend  24   25   23      val=   1.49656
       -0.5727354171540 bend  26   25   23
       -0.1923584981626 bend  21   25   23
  37 k  1.0000000000000 stre  27   28           val=   2.30072
  38 k  0.7071076610756 bend  24   28   27      val=  -1.02857
       -0.7071059012964 bend  29   28   27
  39 k  1.0000000000000 outp  28   29   24   27 val=  -0.21714
  40 k  1.0000000000000 stre  29   32           val=   2.08760
  41 k  1.0000000000000 stre  29   30           val=   2.08734
  42 k  0.1367821543582 bend  30   32   29      val=   1.99570
       -0.5089798608914 bend  31   32   29
       -0.5083800449070 bend  31   30   29
        0.4816946670297 bend  27   32   29
        0.4814043219079 bend  27   30   29
  43 k  0.0005274261823 bend  30   32   29      val=   0.04498
       -0.5595986188091 bend  31   32   29
        0.5599676126646 bend  31   30   29
       -0.4321200259000 bend  27   32   29
        0.4319232149717 bend  27   30   29
  44 k -0.8840480865527 bend  30   32   29      val=   1.68586
        0.1563452731902 bend  31   32   29
        0.1569360491671 bend  31   30   29
        0.2908644697280 bend  27   32   29
        0.2911770474046 bend  27   30   29
  45 k  0.0000065058028 bend  30   32   29      val=   0.01415
        0.4318402744789 bend  31   32   29
       -0.4322029187804 bend  31   30   29
       -0.5595378562628 bend  27   32   29
        0.5600285722195 bend  27   30   29
  46 k  1.0000000000000 tors  33   31   29   27 val= 180.77475
  47 k  1.0000000000000 stre  31   33           val=   1.84088
  48 k  1.0000000000000 bend  29   33   31      val= 106.88905
  49 k  0.4082482904639 tors  34    9    2    1 val=  62.77851
        0.4082482904639 tors  34    9    2    3
        0.4082482904639 tors  36    9    2    1
        0.4082482904639 tors  36    9    2    3
        0.4082482904639 tors  35    9    2    1
        0.4082482904639 tors  35    9    2    3
  50 k  1.0000000000000 stre   9   34           val=   2.07276
  51 k  1.0000000000000 stre   9   36           val=   2.07544
  52 k  1.0000000000000 stre   9   35           val=   2.07535
  53 k  0.3881907244011 bend  36   34    9      val=   0.46099
        0.4254281828421 bend  35   34    9
        0.4228725322661 bend  35   36    9
       -0.4072505113026 bend   2   34    9
       -0.4085268885405 bend   2   36    9
       -0.3959172218667 bend   2   35    9
  54 k  0.7042965535881 bend  36   34    9      val=   0.54477
       -0.2827517921994 bend  35   34    9
       -0.3749816988463 bend  35   36    9
        0.2371596888098 bend   2   34    9
        0.1785042857756 bend   2   36    9
       -0.4419253512819 bend   2   35    9
  55 k  0.0557063477507 bend  36   34    9      val=  -0.21069
       -0.6514265058221 bend  35   34    9
        0.6014087386961 bend  35   36    9
       -0.3089399743463 bend   2   34    9
        0.3380061411318 bend   2   36    9
       -0.0339967669175 bend   2   35    9
  56 k -0.4369564759682 bend  36   34    9      val=  -0.12686
        0.1990337396326 bend  35   34    9
        0.2297196716264 bend  35   36    9
        0.3757993955692 bend   2   34    9
        0.3212306610097 bend   2   36    9
       -0.6872184207239 bend   2   35    9
  57 k -0.0142594801832 bend  36   34    9      val=   0.12614
        0.3318242153517 bend  35   34    9
       -0.3169813887811 bend  35   36    9
       -0.6103938879741 bend   2   34    9
        0.6446123610479 bend   2   36    9
       -0.0332620204674 bend   2   35    9
  58 k  0.4082482904639 tors  39   26   23   21 val=  59.41798
        0.4082482904639 tors  39   26   23   24
        0.4082482904639 tors  38   26   23   21
        0.4082482904639 tors  38   26   23   24
        0.4082482904639 tors  37   26   23   21
        0.4082482904639 tors  37   26   23   24
  59 k  1.0000000000000 stre  26   39           val=   2.07387
  60 k  1.0000000000000 stre  26   38           val=   2.07436
  61 k  1.0000000000000 stre  26   37           val=   2.07521
  62 k  0.3883958693242 bend  38   39   26      val=   0.55594
        0.4252675957188 bend  37   39   26
        0.4231200699309 bend  37   38   26
       -0.4072173334465 bend  23   39   26
       -0.4083083833178 bend  23   38   26
       -0.3958836124397 bend  23   37   26
  63 k  0.7038881133983 bend  38   39   26      val=   0.57116
       -0.2810132401280 bend  37   39   26
       -0.3764798055015 bend  37   38   26
        0.2383293250236 bend  23   39   26
        0.1776993161882 bend  23   38   26
       -0.4421064629691 bend  23   37   26
  64 k  0.0575183430781 bend  38   39   26      val=  -0.04270
       -0.6522021581262 bend  37   39   26
        0.6001311049865 bend  37   38   26
       -0.3084254540919 bend  23   39   26
        0.3388456352689 bend  23   38   26
       -0.0349859500390 bend  23   37   26
  65 k -0.4372974657158 bend  38   39   26      val=  -0.17735
        0.1992206664447 bend  37   39   26
        0.2298529331368 bend  37   38   26
        0.3754418599359 bend  23   39   26
        0.3213928845617 bend  23   38   26
       -0.6870223469650 bend  23   37   26
  66 k -0.0140341243873 bend  38   39   26      val=   0.15743
        0.3319369501241 bend  37   39   26
       -0.3173735170529 bend  37   38   26
       -0.6103976889940 bend  23   39   26
        0.6443698213049 bend  23   38   26
       -0.0331232521160 bend  23   37   26
  67 k  0.7071067811865 tors   9    2    3    4 val= 138.17673
        0.7071067811865 tors   1    2    3    4
  68 k  1.0000000000000 stre   2    9           val=   2.88605
  69 k  1.0000000000000 stre   2    1           val=   2.86959
  70 k -0.0638979097713 bend   1    9    2      val=   8.71704
        0.7984462202107 bend   3    9    2
       -0.5986657586317 bend   3    1    2
  71 k  0.8505114609766 bend   1    9    2      val=   9.63856
       -0.2702509662691 bend   3    9    2
       -0.4512146606417 bend   3    1    2
  72 k  0.5220606400355 bend   1    9    2      val= 110.11384
        0.5380037626837 bend   3    9    2
        0.6618191894044 bend   3    1    2
  73 k  1.0000000000000 stre  23   26           val=   2.88186
  74 k  0.7314705501235 bend  24   26   23      val=   1.74323
       -0.6818730338575 bend  21   26   23
  75 k  0.6818730338575 bend  24   26   23      val= 109.15756
        0.7314705501235 bend  21   26   23
  76 k  1.0000000000000 tors  31   29   27   24 val= 179.91490
  77 k  1.0000000000000 stre  29   31           val=   2.68794
  78 k  1.0000000000000 bend  27   31   29      val= 108.93665
  79 k  1.0000000000000 tors   2    3    4    5 val= 181.02733
  80 k  1.0000000000000 stre   3    2           val=   2.74137
  81 k  1.0000000000000 bend   4    2    3      val= 116.89944
  82 k  1.0000000000000 tors  29   27   24   23 val= 178.71613
  83 k  1.0000000000000 stre  27   29           val=   2.86245
  84 k  1.0000000000000 bend  24   29   27      val= 109.79624
  85 k  1.0000000000000 tors   3    4    5    6 val= 179.44217
  86 k  1.0000000000000 stre   4    3           val=   2.56630
  87 k  1.0000000000000 bend   5    3    4      val= 109.35621
  88 k  1.0000000000000 tors  27   24   23   21 val=  69.74937
  89 k  1.0000000000000 stre  24   27           val=   2.56959
  90 k  1.0000000000000 bend  23   27   24      val= 116.18141
  91 k  1.0000000000000 tors   4    5    6   14 val= 179.68354
  92 k  1.0000000000000 stre   5    4           val=   2.86679
  93 k  1.0000000000000 bend   6    4    5      val= 109.00181
  94 k  1.0000000000000 tors  24   23   21   20 val= 202.40703
  95 k  1.0000000000000 stre  23   24           val=   2.74613
  96 k  1.0000000000000 bend  21   24   23      val= 109.55061
  97 k  1.0000000000000 tors   5    6   14   16 val= 180.07832
  98 k  1.0000000000000 stre   6    5           val=   2.67888
  99 k  1.0000000000000 bend  14    5    6      val= 111.51410
 100 k  1.0000000000000 tors  23   21   20   16 val= 184.56944
 101 k  1.0000000000000 stre  21   23           val=   2.89572
 102 k  1.0000000000000 bend  20   23   21      val= 109.98743
 103 k  1.0000000000000 tors   6   14   16   20 val= 180.32537
 104 k  1.0000000000000 stre  14    6           val=   2.70844
 105 k  1.0000000000000 bend  16    6   14      val= 106.18380
 106 k  1.0000000000000 tors  21   20   16   14 val= 179.88747
 107 k  1.0000000000000 stre  20   21           val=   2.54807
 108 k  1.0000000000000 bend  16   21   20      val= 116.09881
 109 k  1.0000000000000 stre  16   20           val=   2.75721
 110 k  1.0000000000000 stre  16   14           val=   2.87235
 111 k  1.0000000000000 bend  14   20   16      val= 106.14992
       111 non zero eigenvalues  of BmBt
           1           4.746589676    1    0
         1
           2           4.445945892    2    0
         2
           3           4.308020070    3    0
         3
           4           4.238629764    4    0
         4
           5           4.065929007    5    0
         5
           6           3.903491728    6    0
         6
           7           3.821145491    7    0
         7
           8           3.781564307    8    0
         8
           9           3.710684992    9    0
         9
          10           3.671870233   10    0
        10
          11           3.630002461   11    0
        11
          12           3.583529967   12    0
        12
          13           3.548749207   13    0
        13
          14           3.541071946   14    0
        14
          15           3.518394779   15    0
        15
          16           3.391677339   16    0
        16
          17           3.249817683   17    0
        17
          18           3.232559518   18    0
        18
          19           3.178455390   19    0
        19
          20           3.148993906   20    0
        20
          21           3.044058324   21    0
        21
          22           2.913518340   22    0
        22
          23           2.887519969   23    0
        23
          24           2.852300006   24    0
        24
          25           2.830193818   25    0
        25
          26           2.594892843   26    0
        26
          27           2.567253704   27    0
        27
          28           2.394449167   28    0
        28
          29           2.346127082   29    0
        29
          30           2.284059509   30    0
        30
          31           2.137073731   31    0
        31
          32           2.124165440   32    0
        32
          33           2.029427251   33    0
        33
          34           1.913920562   34    0
        34
          35           1.829996673   35    0
        35
          36           1.734329418   36    0
        36
          37           1.552010667   37    0
        37
          38           1.251312401   38    0
        38
          39           1.229341038   39    0
        39
          40           1.208607377   40    0
        40
          41           1.174356793   41    0
        41
          42           1.158418741   42    0
        42
          43           1.096859809   43    0
        43
          44           0.994183454   44    0
        44
          45           0.937948818   45    0
        45
          46           0.913501181   46    0
        46
          47           0.891926916   47    0
        47
          48           0.876514786   48    0
        48
          49           0.847334307   49    0
        49
          50           0.822890984   50    0
        50
          51           0.812423300   51    0
        51
          52           0.787984289   52    0
        52
          53           0.758971406   53    0
        53
          54           0.749785054   54    0
        54
          55           0.743232090   55    0
        55
          56           0.726566479   56    0
        56
          57           0.697869269   57    0
        57
          58           0.696423828   58    0
        58
          59           0.696090575   59    0
        59
          60           0.692575669   60    0
        60
          61           0.645797257   61    0
        61
          62           0.604225769   62    0
        62
          63           0.601161696   63    0
        63
          64           0.538759089   64    0
        64
          65           0.534652141   65    0
        65
          66           0.503806407   66    0
        66
          67           0.453742413   67    0
        67
          68           0.441610072   68    0
        68
          69           0.414816004   69    0
        69
          70           0.409158315   70    0
        70
          71           0.396181062   71    0
        71
          72           0.390948186   72    0
        72
          73           0.371225535   73    0
        73
          74           0.367366441   74    0
        74
          75           0.347798849   75    0
        75
          76           0.334539050   76    0
        76
          77           0.328935214   77    0
        77
          78           0.302758731   78    0
        78
          79           0.291217581   79    0
        79
          80           0.283625405   80    0
        80
          81           0.272222866   81    0
        81
          82           0.265655255   82    0
        82
          83           0.251159796   83    0
        83
          84           0.241114209   84    0
        84
          85           0.191356417   85    0
        85
          86           0.161413133   86    0
        86
          87           0.148500644   87    0
        87
          88           0.131949700   88    0
        88
          89           0.124109075   89    0
        89
          90           0.119636289   90    0
        90
          91           0.101309022   91    0
        91
          92           0.094538134   92    0
        92
          93           0.079593292   93    0
        93
          94           0.073409312   94    0
        94
          95           0.070862393   95    0
        95
          96           0.068477759   96    0
        96
          97           0.065001378   97    0
        97
          98           0.049972953   98    0
        98
          99           0.046578870   99    0
        99
         100           0.038034156  100    0
       100
         101           0.031479517  101    0
       101
         102           0.020576369  102    0
       102
         103           0.018569144  103    0
       103
         104           0.015964751  104    0
       104
         105           0.014797368  105    0
       105
         106           0.011991797  106    0
       106
         107           0.006752393  107    0
       107
         108           0.004946162  108    0
       108
         109           0.002493928  109    0
       109
         110           0.001539151  110    0
       110
         111           0.000721335  111    0
       111
$end
