$energy      SCF               SCFKIN            SCFPOT
     1 -1145.649245467      1140.825581379     -2286.474826846
     2 -1145.650373356      1140.807476714     -2286.457850070
     3 -1145.650816443      1140.804977487     -2286.455793930
     4 -1145.650605550      1140.806862935     -2286.457468485
     5 -1145.650605550      1140.806862921     -2286.457468471
     6 -1145.650954377      1140.803063750     -2286.454018126
     7 -1145.651056497      1140.807222355     -2286.458278852
     8 -1145.651098125      1140.807868427     -2286.458966552
     9 -1145.651093189      1140.807249148     -2286.458342338
    10 -1145.651100600      1140.806852710     -2286.457953310
    11 -1145.651103154      1140.806780700     -2286.457883853
    12 -1145.651096993      1140.806847733     -2286.457944727
    13 -1145.651098218      1140.806771136     -2286.457869354
    14 -1145.651107483      1140.806799295     -2286.457906778
    15 -1145.651107404      1140.806788342     -2286.457895746
    16 -1145.651112572      1140.806717107     -2286.457829679
    17 -1145.651110987      1140.806765710     -2286.457876697
    18 -1145.651112441      1140.806765073     -2286.457877514
    19 -1145.651112454      1140.806765029     -2286.457877483
    20 -1145.651112423      1140.806767625     -2286.457880048
    21 -1145.651112432      1140.806759103     -2286.457871536
    22 -1145.651112423      1140.806765554     -2286.457877977
    23 -1145.651112424      1140.806757587     -2286.457870011
    24 -1145.651112424      1140.806788953     -2286.457901377
$end
