#         time      en-total      pe-total      be-total      pressure          s_xx          s_xy          s_xz          s_yx          s_yy          s_yz          s_zx          s_zy          s_zz   temperature     bndlen-av    bndlen-max    bndlen-min
  0.000000E+00  1.441243E+01  1.282179E+01  3.382695E-02  6.947925E+01  6.943993E+01 -6.158477E-02 -1.634652E-02 -6.158477E-02  6.949019E+01 -6.759768E-02 -1.634652E-02 -6.759768E-02  6.950763E+01  1.060425E+00  1.417516E+00  2.841898E+00  4.626135E-01
  5.000000E+01  1.441407E+01  1.283124E+01  3.533314E-02  6.942385E+01  6.942180E+01 -5.159398E-02  2.585632E-02 -5.159398E-02  6.957863E+01  1.919149E-02  2.585632E-02  1.919149E-02  6.927113E+01  1.055218E+00  1.420399E+00  2.808087E+00  4.341432E-01
  1.000000E+02  1.442899E+01  1.283297E+01  3.410480E-02  6.948849E+01  6.967988E+01  4.752102E-02  6.994210E-02  4.752102E-02  6.936364E+01  9.826797E-02  6.994210E-02  9.826797E-02  6.942194E+01  1.064012E+00  1.417199E+00  3.023665E+00  5.104145E-01
  1.500000E+02  1.438284E+01  1.281316E+01  3.394454E-02  6.953452E+01  6.950108E+01  8.601605E-02 -1.621692E-02  8.601605E-02  6.951829E+01  1.793927E-02 -1.621692E-02  1.793927E-02  6.958419E+01  1.046459E+00  1.429755E+00  2.717451E+00  4.016368E-01
  2.000000E+02  1.440549E+01  1.281861E+01  3.547675E-02  6.941063E+01  6.943923E+01  9.764131E-03 -3.120644E-03  9.764131E-03  6.933309E+01  9.799038E-02 -3.120644E-03  9.799038E-02  6.945957E+01  1.057919E+00  1.442520E+00  2.835543E+00  3.364593E-01
  2.500000E+02  1.440297E+01  1.281934E+01  3.294370E-02  6.942328E+01  6.942847E+01 -1.326488E-02 -3.082405E-03 -1.326488E-02  6.947818E+01 -1.459027E-02 -3.082405E-03 -1.459027E-02  6.936319E+01  1.055757E+00  1.415437E+00  2.846013E+00  4.552107E-01
  3.000000E+02  1.440165E+01  1.281749E+01  3.547407E-02  6.953417E+01  6.961848E+01  4.761594E-03  7.133614E-02  4.761594E-03  6.952586E+01  6.849980E-02  7.133614E-02  6.849980E-02  6.945817E+01  1.056102E+00  1.433024E+00  2.880276E+00  4.906850E-01
  3.500000E+02  1.441220E+01  1.282711E+01  3.514105E-02  6.939589E+01  6.940333E+01  1.239037E-03 -5.513007E-02  1.239037E-03  6.944274E+01 -2.768342E-02 -5.513007E-02 -2.768342E-02  6.934160E+01  1.056724E+00  1.429168E+00  2.913091E+00  4.192329E-01
  4.000000E+02  1.439972E+01  1.283269E+01  3.667710E-02  6.926124E+01  6.927841E+01 -2.555221E-02  8.323447E-02 -2.555221E-02  6.926413E+01 -3.068911E-02  8.323447E-02 -3.068911E-02  6.924117E+01  1.044690E+00  1.430646E+00  3.079174E+00  4.381152E-01
  4.500000E+02  1.439796E+01  1.282959E+01  3.476705E-02  6.947221E+01  6.958287E+01 -4.403696E-02  6.254700E-02 -4.403696E-02  6.942815E+01 -8.680297E-02  6.254700E-02 -8.680297E-02  6.940560E+01  1.045583E+00  1.427374E+00  2.955798E+00  4.592496E-01
  5.000000E+02  1.443226E+01  1.283883E+01  3.678068E-02  6.955321E+01  6.951066E+01  4.035438E-02  1.014407E-01  4.035438E-02  6.958056E+01 -1.326494E-03  1.014407E-01 -1.326494E-03  6.956843E+01  1.062287E+00  1.450985E+00  2.996459E+00  4.677448E-01
  5.500000E+02  1.439716E+01  1.281892E+01  3.640756E-02  6.939655E+01  6.942448E+01 -3.322326E-02 -3.924348E-02 -3.322326E-02  6.933103E+01  8.057478E-02 -3.924348E-02  8.057478E-02  6.943414E+01  1.052163E+00  1.445146E+00  3.371319E+00  3.711380E-01
  6.000000E+02  1.440100E+01  1.281816E+01  3.493877E-02  6.958308E+01  6.957434E+01 -1.224436E-01  2.352509E-02 -1.224436E-01  6.957286E+01 -7.845828E-03  2.352509E-02 -7.845828E-03  6.960206E+01  1.055222E+00  1.439991E+00  3.020471E+00  4.814032E-01
  6.500000E+02  1.441922E+01  1.282527E+01  3.421356E-02  6.951560E+01  6.947019E+01 -5.302706E-02 -3.552785E-02 -5.302706E-02  6.949721E+01  3.391326E-02 -3.552785E-02  3.391326E-02  6.957939E+01  1.062631E+00  1.417065E+00  3.077242E+00  4.235158E-01
  7.000000E+02  1.440400E+01  1.282773E+01  3.389264E-02  6.952436E+01  6.953952E+01  1.002411E-01 -3.028157E-02  1.002411E-01  6.955544E+01  6.108509E-02 -3.028157E-02  6.108509E-02  6.947813E+01  1.050847E+00  1.419913E+00  3.164150E+00  4.944690E-01
  7.500000E+02  1.443031E+01  1.283355E+01  3.760449E-02  6.946288E+01  6.944489E+01  5.317335E-02 -9.215916E-02  5.317335E-02  6.943182E+01  3.657013E-02 -9.215916E-02  3.657013E-02  6.951193E+01  1.064509E+00  1.440218E+00  2.946244E+00  3.911111E-01
  8.000000E+02  1.440067E+01  1.282288E+01  3.573711E-02  6.947197E+01  6.953447E+01 -5.667710E-02  9.482557E-04 -5.667710E-02  6.941333E+01 -7.428261E-02  9.482557E-04 -7.428261E-02  6.946810E+01  1.051863E+00  1.430682E+00  3.060696E+00  3.894963E-01
  8.500000E+02  1.441749E+01  1.283305E+01  3.605350E-02  6.941175E+01  6.942446E+01  5.081944E-02  1.495549E-01  5.081944E-02  6.941410E+01 -1.674669E-02  1.495549E-01 -1.674669E-02  6.939668E+01  1.056292E+00  1.437343E+00  2.830471E+00  4.305300E-01
  9.000000E+02  1.440484E+01  1.283236E+01  3.762949E-02  6.934333E+01  6.929318E+01 -7.691761E-02 -6.004033E-02 -7.691761E-02  6.937819E+01  3.590147E-02 -6.004033E-02  3.590147E-02  6.935863E+01  1.048317E+00  1.452293E+00  2.856762E+00  3.452969E-01
  9.500000E+02  1.439437E+01  1.281564E+01  3.390490E-02  6.942064E+01  6.940173E+01 -3.125255E-02  7.035881E-02 -3.125255E-02  6.939701E+01 -7.878492E-02  7.035881E-02 -7.878492E-02  6.946318E+01  1.052489E+00  1.415765E+00  3.279741E+00  4.552668E-01
  1.000000E+03  1.443353E+01  1.283667E+01  3.606093E-02  6.941853E+01  6.935766E+01 -1.589287E-02 -5.633838E-02 -1.589287E-02  6.941471E+01  3.638003E-02 -5.633838E-02  3.638003E-02  6.948323E+01  1.064572E+00  1.432642E+00  3.092775E+00  4.112535E-01
  1.050000E+03  1.442019E+01  1.283080E+01  3.401121E-02  6.942489E+01  6.952653E+01 -4.077050E-02 -5.939006E-02 -4.077050E-02  6.931784E+01 -1.165449E-01 -5.939006E-02 -1.165449E-01  6.943029E+01  1.059598E+00  1.411443E+00  2.812921E+00  3.586394E-01
  1.100000E+03  1.439218E+01  1.282528E+01  3.380729E-02  6.948081E+01  6.942667E+01  3.211926E-02  5.204285E-02  3.211926E-02  6.949748E+01  1.576998E-02  5.204285E-02  1.576998E-02  6.951828E+01  1.044596E+00  1.428790E+00  3.034834E+00  4.921677E-01
  1.150000E+03  1.441532E+01  1.283287E+01  3.675140E-02  6.953770E+01  6.958594E+01 -3.378275E-02 -1.341738E-01 -3.378275E-02  6.954038E+01 -4.734283E-02 -1.341738E-01 -4.734283E-02  6.948680E+01  1.054962E+00  1.441704E+00  2.831964E+00  4.784651E-01
  1.200000E+03  1.442065E+01  1.284251E+01  3.848820E-02  6.936235E+01  6.928533E+01 -3.204966E-02  4.365727E-02 -3.204966E-02  6.932984E+01  4.776828E-02  4.365727E-02  4.776828E-02  6.947188E+01  1.052091E+00  1.453947E+00  3.388748E+00  3.793392E-01
  1.250000E+03  1.442245E+01  1.282786E+01  3.632832E-02  6.949860E+01  6.955260E+01  3.460282E-02 -2.444499E-02  3.460282E-02  6.939891E+01 -1.397008E-02 -2.444499E-02 -1.397008E-02  6.954429E+01  1.063062E+00  1.423033E+00  3.234673E+00  4.330882E-01
  1.300000E+03  1.440758E+01  1.282684E+01  3.589989E-02  6.938099E+01  6.933228E+01 -8.242613E-03 -2.989348E-02 -8.242613E-03  6.942339E+01  4.499096E-02 -2.989348E-02  4.499096E-02  6.938732E+01  1.053823E+00  1.430460E+00  2.864363E+00  4.445139E-01
  1.350000E+03  1.440727E+01  1.282584E+01  3.485984E-02  6.940150E+01  6.946559E+01 -7.675670E-02  1.184779E-03 -7.675670E-02  6.933486E+01  4.200570E-02  1.184779E-03  4.200570E-02  6.940406E+01  1.054284E+00  1.429636E+00  2.836978E+00  4.751066E-01
  1.400000E+03  1.443185E+01  1.283598E+01  3.656802E-02  6.941311E+01  6.946829E+01  1.349282E-03  1.117034E-01  1.349282E-03  6.949803E+01 -1.423275E-02  1.117034E-01 -1.423275E-02  6.927300E+01  1.063912E+00  1.446619E+00  3.069728E+00  4.573360E-01
  1.450000E+03  1.442384E+01  1.283187E+01  3.450651E-02  6.940184E+01  6.932990E+01 -1.832450E-02  9.223104E-02 -1.832450E-02  6.949550E+01  6.545471E-02  9.223104E-02  6.545471E-02  6.938012E+01  1.061310E+00  1.422884E+00  2.859500E+00  3.686356E-01
  1.500000E+03  1.440734E+01  1.282737E+01  3.645689E-02  6.941785E+01  6.953886E+01 -9.479170E-03 -7.052512E-02 -9.479170E-03  6.935038E+01  5.736166E-02 -7.052512E-02  5.736166E-02  6.936431E+01  1.053309E+00  1.446977E+00  3.090060E+00  4.056070E-01
  1.550000E+03  1.440427E+01  1.282963E+01  3.484509E-02  6.946997E+01  6.941788E+01  4.829773E-02 -3.249068E-02  4.829773E-02  6.942327E+01 -1.078679E-01 -3.249068E-02 -1.078679E-01  6.956876E+01  1.049764E+00  1.426678E+00  3.140655E+00  3.744689E-01
  1.600000E+03  1.442107E+01  1.283447E+01  3.529075E-02  6.936934E+01  6.945332E+01  5.793058E-02 -1.884566E-02  5.793058E-02  6.938169E+01 -7.392085E-04 -1.884566E-02 -7.392085E-04  6.927301E+01  1.057734E+00  1.447902E+00  2.996474E+00  4.303360E-01
  1.650000E+03  1.441488E+01  1.283031E+01  3.610903E-02  6.944999E+01  6.950023E+01 -1.083527E-02 -2.398530E-02 -1.083527E-02  6.944352E+01 -1.184959E-02 -2.398530E-02 -1.184959E-02  6.940621E+01  1.056379E+00  1.434913E+00  3.091240E+00  3.915584E-01
  1.700000E+03  1.440573E+01  1.282994E+01  3.829493E-02  6.938184E+01  6.930286E+01 -4.362857E-02  5.707942E-02 -4.362857E-02  6.942910E+01 -2.467623E-02  5.707942E-02 -2.467623E-02  6.941356E+01  1.050521E+00  1.451158E+00  2.816512E+00  4.747857E-01
  1.750000E+03  1.439406E+01  1.281677E+01  3.387528E-02  6.942082E+01  6.937626E+01 -1.487871E-01 -5.189191E-02 -1.487871E-01  6.947344E+01  4.114231E-02 -5.189191E-02  4.114231E-02  6.941276E+01  1.051529E+00  1.407544E+00  2.991921E+00  4.365850E-01
  1.800000E+03  1.440738E+01  1.282298E+01  3.270420E-02  6.955344E+01  6.956239E+01 -6.201099E-02 -2.953170E-02 -6.201099E-02  6.955027E+01  1.256986E-01 -2.953170E-02  1.256986E-01  6.954767E+01  1.056272E+00  1.402087E+00  2.651812E+00  4.340070E-01
  1.850000E+03  1.442136E+01  1.282471E+01  3.504406E-02  6.953514E+01  6.952182E+01  5.070818E-02  7.051748E-03  5.070818E-02  6.954642E+01 -4.747980E-02  7.051748E-03 -4.747980E-02  6.953718E+01  1.064431E+00  1.430997E+00  3.023051E+00  4.378735E-01
  1.900000E+03  1.442793E+01  1.284081E+01  3.873791E-02  6.938414E+01  6.934609E+01  3.961745E-02 -4.973464E-03  3.961745E-02  6.943815E+01 -1.853886E-02 -4.973464E-03 -1.853886E-02  6.936818E+01  1.058082E+00  1.462609E+00  2.796463E+00  4.458412E-01
  1.950000E+03  1.440090E+01  1.282215E+01  3.613535E-02  6.942976E+01  6.941230E+01  2.323969E-02  4.928488E-02  2.323969E-02  6.948569E+01  3.421144E-02  4.928488E-02  3.421144E-02  6.939127E+01  1.052499E+00  1.448624E+00  2.926917E+00  4.682762E-01
  2.000000E+03  1.441978E+01  1.283201E+01  3.408735E-02  6.941529E+01  6.950454E+01 -4.791505E-02 -3.634687E-02 -4.791505E-02  6.946222E+01 -3.019850E-02 -3.634687E-02 -3.019850E-02  6.927910E+01  1.058512E+00  1.430856E+00  2.901399E+00  5.403168E-01
  2.050000E+03  1.441577E+01  1.282495E+01  3.287029E-02  6.942473E+01  6.942205E+01 -2.801567E-02 -6.397184E-02 -2.801567E-02  6.942043E+01  1.069156E-02 -6.397184E-02  1.069156E-02  6.943172E+01  1.060546E+00  1.407336E+00  2.834557E+00  4.407532E-01
  2.100000E+03  1.441951E+01  1.284069E+01  3.520139E-02  6.943981E+01  6.948733E+01  1.064753E-02 -5.177487E-02  1.064753E-02  6.945832E+01 -3.267985E-02 -5.177487E-02 -3.267985E-02  6.937378E+01  1.052548E+00  1.430450E+00  2.854817E+00  4.307881E-01
  2.150000E+03  1.438943E+01  1.281592E+01  3.453225E-02  6.947517E+01  6.953729E+01  5.549971E-02  5.834505E-02  5.549971E-02  6.943174E+01 -7.226859E-02  5.834505E-02 -7.226859E-02  6.945649E+01  1.049006E+00  1.419120E+00  3.382683E+00  3.873811E-01
  2.200000E+03  1.439451E+01  1.282825E+01  3.681974E-02  6.943475E+01  6.937964E+01 -7.054189E-03 -4.796856E-03 -7.054189E-03  6.936979E+01  8.423960E-03 -4.796856E-03  8.423960E-03  6.955481E+01  1.044178E+00  1.448127E+00  2.950092E+00  5.022531E-01
  2.250000E+03  1.443899E+01  1.283224E+01  3.845198E-02  6.946763E+01  6.947518E+01  1.090248E-01 -6.333473E-02  1.090248E-01  6.944208E+01  2.355919E-02 -6.333473E-02  2.355919E-02  6.948563E+01  1.071164E+00  1.458746E+00  3.118651E+00  4.303595E-01
  2.300000E+03  1.439872E+01  1.282935E+01  3.876259E-02  6.942402E+01  6.943285E+01  6.203815E-02  2.561552E-02  6.203815E-02  6.937007E+01 -2.870227E-02  2.561552E-02 -2.870227E-02  6.946915E+01  1.046248E+00  1.459109E+00  2.944909E+00  5.042044E-01
  2.350000E+03  1.443094E+01  1.283667E+01  3.496574E-02  6.944070E+01  6.941730E+01 -2.562917E-02  7.554410E-02 -2.562917E-02  6.950693E+01  4.423105E-02  7.554410E-02  4.423105E-02  6.939786E+01  1.062844E+00  1.431210E+00  2.698520E+00  3.923486E-01
  2.400000E+03  1.442198E+01  1.283456E+01  3.637551E-02  6.955734E+01  6.953462E+01  6.449674E-02  2.420334E-02  6.449674E-02  6.948497E+01  6.180786E-02  2.420334E-02  6.180786E-02  6.965243E+01  1.058281E+00  1.446116E+00  3.121954E+00  4.939800E-01
  2.450000E+03  1.439586E+01  1.281823E+01  3.879161E-02  6.945137E+01  6.937051E+01 -4.427593E-02 -7.882934E-03 -4.427593E-02  6.960201E+01 -4.161346E-02 -7.882934E-03 -4.161346E-02  6.938159E+01  1.051754E+00  1.465936E+00  3.115132E+00  4.893522E-01
  2.500000E+03  1.441809E+01  1.282855E+01  3.640216E-02  6.942508E+01  6.948045E+01 -1.267059E-02  1.820294E-02 -1.267059E-02  6.943756E+01 -4.015480E-02  1.820294E-02 -4.015480E-02  6.935724E+01  1.059696E+00  1.440999E+00  3.067395E+00  4.839615E-01
  2.550000E+03  1.441327E+01  1.283140E+01  3.521920E-02  6.941305E+01  6.933337E+01 -3.960117E-02  5.991918E-03 -3.960117E-02  6.945986E+01  9.901764E-02  5.991918E-03  9.901764E-02  6.944591E+01  1.054581E+00  1.432854E+00  3.187785E+00  4.535622E-01
  2.600000E+03  1.442691E+01  1.284274E+01  3.657101E-02  6.935618E+01  6.940440E+01 -1.808926E-02 -5.194079E-02 -1.808926E-02  6.937061E+01 -8.223395E-02 -5.194079E-02 -8.223395E-02  6.929354E+01  1.056110E+00  1.442794E+00  2.966797E+00  4.267836E-01
  2.650000E+03  1.440287E+01  1.282793E+01  3.508519E-02  6.945340E+01  6.942148E+01 -4.072965E-02  4.940913E-02 -4.072965E-02  6.940719E+01  4.012173E-03  4.940913E-02  4.012173E-03  6.953154E+01  1.049957E+00  1.441293E+00  2.898214E+00  4.695696E-01
  2.700000E+03  1.442551E+01  1.284227E+01  3.614928E-02  6.946111E+01  6.946943E+01  2.751869E-02 -1.070584E-01  2.751869E-02  6.945110E+01  1.610579E-04 -1.070584E-01  1.610579E-04  6.946280E+01  1.055490E+00  1.423054E+00  3.364168E+00  3.745715E-01
  2.750000E+03  1.439867E+01  1.283581E+01  3.547973E-02  6.942466E+01  6.953586E+01 -2.703711E-02  5.973914E-02 -2.703711E-02  6.943640E+01  7.642965E-02  5.973914E-02  7.642965E-02  6.930173E+01  1.041904E+00  1.435490E+00  3.294686E+00  3.215433E-01
  2.800000E+03  1.441866E+01  1.283019E+01  3.452158E-02  6.954914E+01  6.951836E+01  1.571813E-03  2.545610E-02  1.571813E-03  6.953787E+01 -4.115777E-02  2.545610E-02 -4.115777E-02  6.959118E+01  1.058982E+00  1.411517E+00  2.930672E+00  4.799619E-01
  2.850000E+03  1.443955E+01  1.284223E+01  3.759765E-02  6.947012E+01  6.944060E+01 -3.839743E-02 -6.601955E-02 -3.839743E-02  6.942161E+01 -1.769563E-02 -6.601955E-02 -1.769563E-02  6.954813E+01  1.064877E+00  1.459566E+00  3.007773E+00  4.543160E-01
  2.900000E+03  1.443295E+01  1.284013E+01  3.694533E-02  6.943629E+01  6.943354E+01 -4.096588E-02 -2.922709E-02 -4.096588E-02  6.941405E+01 -5.107627E-02 -2.922709E-02 -5.107627E-02  6.946129E+01  1.061878E+00  1.439342E+00  3.096407E+00  4.383765E-01
  2.950000E+03  1.440207E+01  1.282236E+01  3.419815E-02  6.938353E+01  6.936464E+01 -3.957412E-02  2.390977E-02 -3.957412E-02  6.939523E+01 -1.028134E-01  2.390977E-02 -1.028134E-01  6.939072E+01  1.053139E+00  1.423672E+00  2.935026E+00  4.946225E-01
  3.000000E+03  1.440816E+01  1.282643E+01  3.407664E-02  6.948071E+01  6.948562E+01 -7.149058E-02 -5.180029E-02 -7.149058E-02  6.945334E+01 -4.680363E-02 -5.180029E-02 -4.680363E-02  6.950318E+01  1.054481E+00  1.405890E+00  3.041824E+00  4.333528E-01
  3.050000E+03  1.440307E+01  1.281994E+01  3.549559E-02  6.948085E+01  6.950895E+01 -3.974620E-02  8.315689E-02 -3.974620E-02  6.948112E+01  6.602240E-03  8.315689E-02  6.602240E-03  6.945249E+01  1.055423E+00  1.429190E+00  3.287439E+00  3.735224E-01
  3.100000E+03  1.440068E+01  1.282268E+01  3.528803E-02  6.959382E+01  6.960904E+01  1.942624E-02  3.879568E-02  1.942624E-02  6.956193E+01 -1.062934E-01  3.879568E-02 -1.062934E-01  6.961049E+01  1.051999E+00  1.441399E+00  3.090441E+00  4.671844E-01
  3.150000E+03  1.440635E+01  1.282612E+01  3.404061E-02  6.937428E+01  6.948494E+01  5.008670E-03  3.625299E-02  5.008670E-03  6.936399E+01  1.072144E-02  3.625299E-02  1.072144E-02  6.927392E+01  1.053482E+00  1.419282E+00  2.775274E+00  4.992744E-01
  3.200000E+03  1.442020E+01  1.283358E+01  3.384102E-02  6.949229E+01  6.958746E+01 -9.203456E-02  2.977314E-02 -9.203456E-02  6.938779E+01 -1.271955E-03  2.977314E-02 -1.271955E-03  6.950163E+01  1.057744E+00  1.415549E+00  2.828165E+00  4.537362E-01
  3.250000E+03  1.440488E+01  1.283164E+01  3.266180E-02  6.945360E+01  6.951875E+01 -8.472489E-02  5.166652E-02 -8.472489E-02  6.941766E+01  6.423467E-02  5.166652E-02  6.423467E-02  6.942440E+01  1.048825E+00  1.408454E+00  2.705299E+00  4.884927E-01
  3.300000E+03  1.439825E+01  1.282665E+01  3.186751E-02  6.941467E+01  6.952746E+01  9.457324E-02 -7.494259E-03  9.457324E-02  6.927864E+01 -2.555672E-02 -7.494259E-03 -2.555672E-02  6.943791E+01  1.047735E+00  1.408678E+00  2.879142E+00  4.446070E-01
  3.350000E+03  1.442028E+01  1.282713E+01  3.446998E-02  6.947661E+01  6.937261E+01  3.878835E-02 -3.952078E-02  3.878835E-02  6.962344E+01 -3.847156E-02 -3.952078E-02 -3.847156E-02  6.943378E+01  1.062098E+00  1.423880E+00  2.920182E+00  4.208451E-01
  3.400000E+03  1.439980E+01  1.282754E+01  3.561330E-02  6.946603E+01  6.951744E+01 -4.739228E-02 -2.868316E-02 -4.739228E-02  6.946438E+01  1.241447E-02 -2.868316E-02  1.241447E-02  6.941626E+01  1.048175E+00  1.438405E+00  2.972640E+00  4.018398E-01
  3.450000E+03  1.441142E+01  1.281942E+01  3.469539E-02  6.941562E+01  6.940466E+01 -7.262147E-02  6.024029E-02 -7.262147E-02  6.941127E+01  4.239780E-02  6.024029E-02  4.239780E-02  6.943093E+01  1.061329E+00  1.422847E+00  3.232375E+00  3.852686E-01
  3.500000E+03  1.440215E+01  1.282710E+01  3.305193E-02  6.954599E+01  6.954825E+01 -2.856447E-03 -4.090329E-02 -2.856447E-03  6.970545E+01  4.976754E-02 -4.090329E-02  4.976754E-02  6.938427E+01  1.050032E+00  1.420179E+00  2.832712E+00  4.042303E-01
  3.550000E+03  1.443313E+01  1.284378E+01  3.576465E-02  6.943661E+01  6.939992E+01 -2.732770E-02  3.677418E-02 -2.732770E-02  6.937939E+01 -3.530010E-02  3.677418E-02 -3.530010E-02  6.953053E+01  1.059569E+00  1.442695E+00  2.814218E+00  4.877751E-01
  3.600000E+03  1.442674E+01  1.282898E+01  3.444115E-02  6.953733E+01  6.954768E+01 -1.251203E-02  6.802234E-02 -1.251203E-02  6.956168E+01  4.631752E-02  6.802234E-02  4.631752E-02  6.950261E+01  1.065175E+00  1.420023E+00  3.165485E+00  4.058074E-01
  3.650000E+03  1.441044E+01  1.282786E+01  3.331993E-02  6.943892E+01  6.947611E+01 -1.068979E-02  4.174872E-02 -1.068979E-02  6.948117E+01  2.143910E-02  4.174872E-02  2.143910E-02  6.935948E+01  1.055053E+00  1.405120E+00  3.201834E+00  4.091568E-01
  3.700000E+03  1.442502E+01  1.284296E+01  3.575144E-02  6.944778E+01  6.956136E+01 -4.120690E-03  9.434947E-03 -4.120690E-03  6.926612E+01  5.724073E-02  9.434947E-03  5.724073E-02  6.951586E+01  1.054709E+00  1.442839E+00  2.842513E+00  4.284000E-01
  3.750000E+03  1.442155E+01  1.283333E+01  3.662465E-02  6.944869E+01  6.940724E+01 -6.630568E-02 -2.861072E-02 -6.630568E-02  6.943293E+01 -8.107716E-02 -2.861072E-02 -8.107716E-02  6.950591E+01  1.058818E+00  1.443370E+00  3.145486E+00  4.820752E-01
  3.800000E+03  1.439529E+01  1.282256E+01  3.555040E-02  6.950209E+01  6.948654E+01 -1.333418E-01  1.529921E-02 -1.333418E-01  6.955286E+01 -4.900419E-02  1.529921E-02 -4.900419E-02  6.946687E+01  1.048485E+00  1.426000E+00  3.260664E+00  3.908988E-01
  3.850000E+03  1.441433E+01  1.283582E+01  3.282375E-02  6.936439E+01  6.931178E+01 -3.122619E-03  3.795590E-02 -3.122619E-03  6.936914E+01  1.880695E-02  3.795590E-02  1.880695E-02  6.941225E+01  1.052340E+00  1.404404E+00  2.848196E+00  4.278087E-01
  3.900000E+03  1.443236E+01  1.284437E+01  3.737862E-02  6.941177E+01  6.944494E+01 -9.123595E-02  9.648055E-03 -9.123595E-02  6.936314E+01  2.711942E-02  9.648055E-03  2.711942E-02  6.942724E+01  1.058661E+00  1.449330E+00  3.042899E+00  3.711254E-01
  3.950000E+03  1.443540E+01  1.282946E+01  3.404715E-02  6.948231E+01  6.941139E+01  3.897295E-02  1.857259E-02  3.897295E-02  6.955817E+01 -1.670702E-02  1.857259E-02 -1.670702E-02  6.947739E+01  1.070625E+00  1.422389E+00  3.066493E+00  3.449969E-01
  4.000000E+03  1.442302E+01  1.284245E+01  3.581558E-02  6.951038E+01  6.962194E+01 -6.307757E-02  1.307600E-01 -6.307757E-02  6.943977E+01 -1.967389E-03  1.307600E-01 -1.967389E-03  6.946943E+01  1.053712E+00  1.440521E+00  3.041839E+00  4.311006E-01
  4.050000E+03  1.443736E+01  1.284193E+01  3.392434E-02  6.940656E+01  6.946956E+01 -3.348597E-02  5.201235E-02 -3.348597E-02  6.938699E+01  5.877216E-03  5.201235E-02  5.877216E-03  6.936313E+01  1.063621E+00  1.417639E+00  2.819578E+00  4.221804E-01
  4.100000E+03  1.443025E+01  1.283543E+01  3.497113E-02  6.952092E+01  6.940325E+01  6.832265E-02  3.534512E-03  6.832265E-02  6.965386E+01  3.521447E-02  3.534512E-03  3.521447E-02  6.950566E+01  1.063211E+00  1.437281E+00  3.007514E+00  3.793016E-01
  4.150000E+03  1.440752E+01  1.283435E+01  3.768353E-02  6.938475E+01  6.945598E+01 -6.188128E-02  6.769023E-02 -6.188128E-02  6.937864E+01 -9.985883E-02  6.769023E-02 -9.985883E-02  6.931964E+01  1.048782E+00  1.450080E+00  3.003168E+00  3.713876E-01
  4.200000E+03  1.440433E+01  1.281986E+01  3.965986E-02  6.943190E+01  6.938365E+01 -5.344752E-02 -6.683241E-02 -5.344752E-02  6.945049E+01 -7.477301E-02 -6.683241E-02 -7.477301E-02  6.946155E+01  1.056310E+00  1.463757E+00  3.166080E+00  4.614599E-01
  4.250000E+03  1.440053E+01  1.282088E+01  3.377839E-02  6.939389E+01  6.951660E+01  7.327396E-02  6.070512E-03  7.327396E-02  6.932426E+01 -1.453928E-02  6.070512E-03 -1.453928E-02  6.934080E+01  1.053102E+00  1.420241E+00  3.016580E+00  4.292075E-01
  4.300000E+03  1.440513E+01  1.281516E+01  3.330857E-02  6.944398E+01  6.939732E+01 -6.082787E-02  8.323327E-04 -6.082787E-02  6.949719E+01  5.322984E-03  8.323327E-04  5.322984E-03  6.943745E+01  1.059979E+00  1.422159E+00  2.895228E+00  4.658610E-01
  4.350000E+03  1.440809E+01  1.282695E+01  3.516536E-02  6.932646E+01  6.928860E+01  7.751514E-02 -9.038899E-03  7.751514E-02  6.936744E+01 -1.807291E-02 -9.038899E-03 -1.807291E-02  6.932332E+01  1.054092E+00  1.423417E+00  3.115360E+00  4.590139E-01
  4.400000E+03  1.441208E+01  1.284003E+01  3.619092E-02  6.946421E+01  6.957742E+01 -3.852613E-02  7.836337E-02 -3.852613E-02  6.938560E+01  1.768338E-03  7.836337E-02  1.768338E-03  6.942959E+01  1.048035E+00  1.448170E+00  2.942673E+00  4.471419E-01
  4.450000E+03  1.440324E+01  1.281753E+01  3.485662E-02  6.936999E+01  6.924156E+01 -2.931071E-02  5.046505E-02 -2.931071E-02  6.944439E+01  5.061882E-02  5.046505E-02  5.061882E-02  6.942402E+01  1.057140E+00  1.426432E+00  2.836774E+00  4.458381E-01
  4.500000E+03  1.441297E+01  1.283755E+01  3.422655E-02  6.937238E+01  6.936621E+01  3.424186E-02 -6.183807E-02  3.424186E-02  6.949783E+01  9.759649E-03 -6.183807E-02  9.759649E-03  6.925309E+01  1.050280E+00  1.419991E+00  3.084891E+00  4.162095E-01
  4.550000E+03  1.441533E+01  1.282722E+01  3.723211E-02  6.949840E+01  6.942177E+01 -1.599228E-02  5.707128E-02 -1.599228E-02  6.951574E+01 -1.007134E-01  5.707128E-02 -1.007134E-01  6.955768E+01  1.058740E+00  1.456750E+00  2.761283E+00  4.882700E-01
  4.600000E+03  1.440818E+01  1.282659E+01  3.457801E-02  6.949733E+01  6.940914E+01 -1.410719E-01  2.460410E-02 -1.410719E-01  6.953673E+01 -1.174518E-01  2.460410E-02 -1.174518E-01  6.954612E+01  1.054396E+00  1.428423E+00  2.736544E+00  4.036387E-01
  4.650000E+03  1.439700E+01  1.280854E+01  3.594362E-02  6.950773E+01  6.954331E+01 -4.834590E-03 -2.559821E-02 -4.834590E-03  6.948699E+01 -8.009324E-02 -2.559821E-02 -8.009324E-02  6.949289E+01  1.058974E+00  1.441826E+00  3.095679E+00  5.093531E-01
  4.700000E+03  1.440308E+01  1.282901E+01  3.603830E-02  6.938874E+01  6.931211E+01 -8.301401E-03  1.781768E-02 -8.301401E-03  6.965949E+01 -1.688286E-02  1.781768E-02 -1.688286E-02  6.919461E+01  1.049379E+00  1.442743E+00  3.177517E+00  4.748774E-01
  4.750000E+03  1.441336E+01  1.283744E+01  3.691220E-02  6.950583E+01  6.955626E+01  4.889566E-02  6.832749E-02  4.889566E-02  6.946565E+01  1.134378E-02  6.832749E-02  1.134378E-02  6.949558E+01  1.050612E+00  1.445103E+00  3.041921E+00  3.356141E-01
  4.800000E+03  1.440895E+01  1.282482E+01  3.451591E-02  6.937562E+01  6.930521E+01  1.508828E-01  1.667468E-02  1.508828E-01  6.949265E+01  1.132498E-02  1.667468E-02  1.132498E-02  6.932901E+01  1.056087E+00  1.423150E+00  3.016248E+00  4.219139E-01
  4.850000E+03  1.444273E+01  1.284381E+01  3.627925E-02  6.945792E+01  6.957479E+01 -5.593706E-02 -1.198773E-01 -5.593706E-02  6.936066E+01  2.679812E-03 -1.198773E-01  2.679812E-03  6.943831E+01  1.065944E+00  1.445595E+00  2.998526E+00  4.198266E-01
  4.900000E+03  1.442237E+01  1.283145E+01  3.526832E-02  6.946611E+01  6.940265E+01  6.310271E-02  4.221535E-02  6.310271E-02  6.945683E+01  1.524735E-02  4.221535E-02  1.524735E-02  6.953887E+01  1.060613E+00  1.441692E+00  2.751145E+00  4.620413E-01
  4.950000E+03  1.441349E+01  1.282050E+01  3.564335E-02  6.948089E+01  6.956102E+01  4.368339E-02  9.275977E-03  4.368339E-02  6.942980E+01 -1.883775E-02  9.275977E-03 -1.883775E-02  6.945184E+01  1.061996E+00  1.435127E+00  2.859208E+00  3.721343E-01
  5.000000E+03  1.443133E+01  1.284146E+01  3.761506E-02  6.947017E+01  6.950598E+01  9.413317E-02 -9.015911E-02  9.413317E-02  6.948715E+01 -3.689879E-02 -9.015911E-02 -3.689879E-02  6.941739E+01  1.059918E+00  1.440413E+00  2.879466E+00  4.635785E-01
  5.050000E+03  1.441179E+01  1.283910E+01  3.909237E-02  6.946574E+01  6.945715E+01  8.394765E-02 -5.898819E-02  8.394765E-02  6.944767E+01 -8.078707E-03 -5.898819E-02 -8.078707E-03  6.949241E+01  1.048460E+00  1.453852E+00  2.968487E+00  4.831118E-01
  5.100000E+03  1.440572E+01  1.281781E+01  3.685704E-02  6.940728E+01  6.937919E+01  3.566083E-02  8.604134E-02  3.566083E-02  6.935795E+01  1.982835E-02  8.604134E-02  1.982835E-02  6.948470E+01  1.058609E+00  1.439155E+00  3.179658E+00  3.547046E-01
  5.150000E+03  1.438936E+01  1.281391E+01  3.110165E-02  6.939678E+01  6.949573E+01  3.411270E-02 -7.635393E-02  3.411270E-02  6.931322E+01  1.332982E-01 -7.635393E-02  1.332982E-01  6.938137E+01  1.050297E+00  1.402824E+00  2.975329E+00  3.581168E-01
  5.200000E+03  1.443092E+01  1.284046E+01  3.902152E-02  6.934115E+01  6.916799E+01  2.787705E-02 -1.336429E-02  2.787705E-02  6.943300E+01 -2.483042E-02 -1.336429E-02 -2.483042E-02  6.942248E+01  1.060304E+00  1.474266E+00  2.939978E+00  4.553699E-01
  5.250000E+03  1.441749E+01  1.282524E+01  3.512573E-02  6.948605E+01  6.943658E+01 -6.874769E-02 -4.155791E-03 -6.874769E-02  6.956170E+01 -8.109580E-02 -4.155791E-03 -8.109580E-02  6.945986E+01  1.061495E+00  1.429660E+00  2.860749E+00  4.030729E-01
  5.300000E+03  1.439950E+01  1.283043E+01  3.566667E-02  6.942603E+01  6.929720E+01  2.005000E-02  1.876585E-02  2.005000E-02  6.937683E+01  8.000573E-02  1.876585E-02  8.000573E-02  6.960407E+01  1.046046E+00  1.420984E+00  3.311384E+00  4.898684E-01
  5.350000E+03  1.441007E+01  1.283416E+01  3.775876E-02  6.941388E+01  6.944592E+01  6.278742E-02  1.867496E-02  6.278742E-02  6.935303E+01  6.794535E-02  1.867496E-02  6.794535E-02  6.944269E+01  1.050608E+00  1.451622E+00  3.121494E+00  4.592778E-01
  5.400000E+03  1.440383E+01  1.282467E+01  3.634108E-02  6.950774E+01  6.949510E+01 -5.647935E-02 -3.156258E-02 -5.647935E-02  6.953625E+01  8.423901E-02 -3.156258E-02  8.423901E-02  6.949189E+01  1.052772E+00  1.435996E+00  3.322468E+00  3.933392E-01
  5.450000E+03  1.440831E+01  1.281662E+01  3.611463E-02  6.951101E+01  6.942014E+01  5.829675E-02 -9.481374E-02  5.829675E-02  6.953861E+01 -1.296953E-02 -9.481374E-02 -1.296953E-02  6.957428E+01  1.061123E+00  1.433709E+00  2.790339E+00  4.016227E-01
  5.500000E+03  1.442212E+01  1.283583E+01  3.521153E-02  6.944602E+01  6.955533E+01  3.110059E-02 -8.104457E-02  3.110059E-02  6.938509E+01 -9.564234E-02 -8.104457E-02 -9.564234E-02  6.939763E+01  1.057524E+00  1.426500E+00  3.544974E+00  4.780897E-01
  5.550000E+03  1.441826E+01  1.283977E+01  3.848412E-02  6.941581E+01  6.943676E+01 -8.007969E-02 -8.257115E-02 -8.007969E-02  6.949249E+01  5.399124E-03 -8.257115E-02  5.399124E-03  6.931818E+01  1.052328E+00  1.446803E+00  3.327960E+00  4.122573E-01
  5.600000E+03  1.442098E+01  1.284098E+01  3.739224E-02  6.946581E+01  6.951969E+01  1.784553E-02 -1.060095E-01  1.784553E-02  6.945491E+01 -7.275290E-02 -1.060095E-01 -7.275290E-02  6.942282E+01  1.053337E+00  1.447069E+00  3.323826E+00  4.158395E-01
  5.650000E+03  1.439969E+01  1.281082E+01  3.628999E-02  6.954923E+01  6.958465E+01 -8.626981E-04  4.072008E-02 -8.626981E-04  6.951723E+01 -1.472099E-02  4.072008E-02 -1.472099E-02  6.954582E+01  1.059252E+00  1.438221E+00  3.018652E+00  4.963801E-01
  5.700000E+03  1.441879E+01  1.283491E+01  3.691979E-02  6.941315E+01  6.934136E+01  3.602742E-02 -8.166213E-02  3.602742E-02  6.948671E+01 -4.477595E-02 -8.166213E-02 -4.477595E-02  6.941139E+01  1.055921E+00  1.449213E+00  2.962537E+00  4.493162E-01
  5.750000E+03  1.442033E+01  1.283535E+01  3.475082E-02  6.931978E+01  6.930686E+01 -8.392410E-02 -8.897104E-02 -8.392410E-02  6.928353E+01  1.440658E-02 -8.897104E-02  1.440658E-02  6.936895E+01  1.056652E+00  1.434239E+00  3.078987E+00  4.533040E-01
  5.800000E+03  1.442120E+01  1.283026E+01  3.396794E-02  6.948464E+01  6.949414E+01  2.613952E-02  5.898910E-02  2.613952E-02  6.942196E+01 -1.955687E-02  5.898910E-02 -1.955687E-02  6.953782E+01  1.060622E+00  1.420331E+00  3.119310E+00  5.259943E-01
  5.850000E+03  1.442795E+01  1.283678E+01  3.604769E-02  6.948334E+01  6.932436E+01  4.042504E-03  4.540150E-02  4.042504E-03  6.953690E+01 -4.446386E-03  4.540150E-02 -4.446386E-03  6.958876E+01  1.060781E+00  1.433895E+00  2.965198E+00  4.590588E-01
  5.900000E+03  1.441248E+01  1.282961E+01  3.661753E-02  6.944356E+01  6.938571E+01  1.931559E-03  4.208964E-02  1.931559E-03  6.946742E+01  3.547884E-02  4.208964E-02  3.547884E-02  6.947755E+01  1.055246E+00  1.442261E+00  3.289626E+00  3.493366E-01
  5.950000E+03  1.439907E+01  1.282139E+01  3.494468E-02  6.937842E+01  6.944228E+01 -7.827078E-02  2.429690E-02 -7.827078E-02  6.942647E+01  7.561837E-02  2.429690E-02  7.561837E-02  6.926651E+01  1.051784E+00  1.424485E+00  2.946900E+00  4.804154E-01
  6.000000E+03  1.442997E+01  1.284236E+01  3.628602E-02  6.938167E+01  6.942077E+01  1.235972E-01 -3.474458E-02  1.235972E-01  6.927034E+01 -3.041541E-02 -3.474458E-02 -3.041541E-02  6.945391E+01  1.058407E+00  1.444890E+00  3.473270E+00  3.735563E-01
  6.050000E+03  1.441043E+01  1.282458E+01  3.326779E-02  6.944943E+01  6.952628E+01 -8.404926E-02 -1.039126E-01 -8.404926E-02  6.948769E+01 -4.750062E-02 -1.039126E-01 -4.750062E-02  6.933431E+01  1.057236E+00  1.413289E+00  3.315305E+00  4.142750E-01
  6.100000E+03  1.441951E+01  1.283374E+01  3.368577E-02  6.942467E+01  6.935521E+01  5.718376E-02  7.504867E-02  5.718376E-02  6.946998E+01  4.030324E-02  7.504867E-02  4.030324E-02  6.944882E+01  1.057184E+00  1.411235E+00  3.099941E+00  5.018589E-01
  6.150000E+03  1.440993E+01  1.281911E+01  3.838570E-02  6.946995E+01  6.946820E+01 -4.239533E-02  1.916853E-02 -4.239533E-02  6.943153E+01 -5.493339E-02  1.916853E-02 -5.493339E-02  6.951013E+01  1.060547E+00  1.461352E+00  3.019747E+00  4.472366E-01
  6.200000E+03  1.440480E+01  1.283189E+01  3.502012E-02  6.943425E+01  6.952109E+01 -1.063238E-01 -3.809811E-02 -1.063238E-01  6.946126E+01 -9.765481E-03 -3.809811E-02 -9.765481E-03  6.932041E+01  1.048606E+00  1.433149E+00  2.862677E+00  4.040216E-01
  6.250000E+03  1.441561E+01  1.282830E+01  3.650120E-02  6.947522E+01  6.947810E+01  2.276408E-02  4.902996E-03  2.276408E-02  6.944766E+01 -4.477832E-02  4.902996E-03 -4.477832E-02  6.949990E+01  1.058211E+00  1.441114E+00  3.079362E+00  4.279580E-01
  6.300000E+03  1.440819E+01  1.282611E+01  3.341292E-02  6.938179E+01  6.938967E+01 -1.030342E-01  1.004838E-02 -1.030342E-01  6.945337E+01  1.929017E-02  1.004838E-02  1.929017E-02  6.930234E+01  1.054723E+00  1.411929E+00  3.174594E+00  3.830792E-01
  6.350000E+03  1.441154E+01  1.283206E+01  3.316423E-02  6.947745E+01  6.954143E+01  8.534992E-02 -4.008103E-03  8.534992E-02  6.950363E+01 -3.785079E-02 -4.008103E-03 -3.785079E-02  6.938729E+01  1.052988E+00  1.418178E+00  3.028005E+00  4.552332E-01
  6.400000E+03  1.441568E+01  1.283737E+01  3.483277E-02  6.945151E+01  6.937017E+01  2.702368E-02 -5.462057E-02  2.702368E-02  6.947276E+01  7.373510E-02 -5.462057E-02  7.373510E-02  6.951162E+01  1.052207E+00  1.429686E+00  3.001285E+00  4.601263E-01
  6.450000E+03  1.440261E+01  1.282237E+01  3.402516E-02  6.939424E+01  6.940798E+01 -8.764387E-02  3.485106E-02 -8.764387E-02  6.936224E+01  4.872638E-02  3.485106E-02  4.872638E-02  6.941249E+01  1.053493E+00  1.425784E+00  3.051852E+00  4.678635E-01
  6.500000E+03  1.440728E+01  1.282305E+01  3.460121E-02  6.943688E+01  6.937828E+01  1.614312E-02  3.425867E-02  1.614312E-02  6.957622E+01  1.777990E-02  3.425867E-02  1.777990E-02  6.935615E+01  1.056151E+00  1.426907E+00  2.983406E+00  4.793997E-01
  6.550000E+03  1.441792E+01  1.283957E+01  3.693698E-02  6.952450E+01  6.952694E+01  6.035196E-02 -2.699624E-03  6.035196E-02  6.944409E+01 -6.083953E-02 -2.699624E-03 -6.083953E-02  6.960247E+01  1.052233E+00  1.447543E+00  3.023782E+00  4.640695E-01
  6.600000E+03  1.439915E+01  1.282806E+01  3.519289E-02  6.938227E+01  6.943829E+01 -2.852736E-02 -5.504819E-02 -2.852736E-02  6.923767E+01  6.698188E-02 -5.504819E-02  6.698188E-02  6.947084E+01  1.047393E+00  1.433985E+00  2.874952E+00  4.778167E-01
  6.650000E+03  1.442809E+01  1.284140E+01  3.666488E-02  6.939363E+01  6.938913E+01  1.296255E-04  8.987693E-02  1.296255E-04  6.941594E+01 -2.017661E-02  8.987693E-02 -2.017661E-02  6.937582E+01  1.057790E+00  1.452461E+00  2.891216E+00  4.994360E-01
  6.700000E+03  1.439571E+01  1.281221E+01  3.600282E-02  6.948411E+01  6.935910E+01 -8.796429E-02  1.987557E-02 -8.796429E-02  6.964839E+01 -1.079550E-01  1.987557E-02 -1.079550E-01  6.944485E+01  1.055666E+00  1.441533E+00  3.016746E+00  4.245070E-01
  6.750000E+03  1.440909E+01  1.282983E+01  3.534263E-02  6.946111E+01  6.947384E+01  2.241469E-02  4.117202E-02  2.241469E-02  6.940169E+01  1.487533E-02  4.117202E-02  1.487533E-02  6.950780E+01  1.052845E+00  1.438321E+00  2.771494E+00  4.433467E-01
  6.800000E+03  1.442832E+01  1.283646E+01  3.786695E-02  6.942470E+01  6.935486E+01  4.407974E-02  8.646613E-02  4.407974E-02  6.951313E+01 -6.884625E-02  8.646613E-02 -6.884625E-02  6.940610E+01  1.061236E+00  1.447083E+00  2.795555E+00  3.393778E-01
  6.850000E+03  1.440731E+01  1.281432E+01  3.371168E-02  6.949658E+01  6.952241E+01 -2.870616E-02  4.623614E-02 -2.870616E-02  6.957343E+01  9.750034E-02  4.623614E-02  9.750034E-02  6.939390E+01  1.061994E+00  1.416366E+00  2.917147E+00  4.859397E-01
  6.900000E+03  1.441354E+01  1.283701E+01  3.542293E-02  6.946388E+01  6.943506E+01  5.395702E-02  6.499721E-02  5.395702E-02  6.943055E+01 -3.513086E-02  6.499721E-02 -3.513086E-02  6.952602E+01  1.051024E+00  1.431852E+00  3.093277E+00  4.081481E-01
  6.950000E+03  1.441949E+01  1.283449E+01  3.628583E-02  6.942995E+01  6.943084E+01 -2.880323E-02 -8.526047E-02 -2.880323E-02  6.941088E+01  1.156516E-01 -8.526047E-02  1.156516E-01  6.944814E+01  1.056668E+00  1.435337E+00  2.830421E+00  3.427191E-01
  7.000000E+03  1.441032E+01  1.282284E+01  3.689407E-02  6.947961E+01  6.954660E+01  8.594576E-02 -7.290746E-03  8.594576E-02  6.952381E+01 -1.177626E-02 -7.290746E-03 -1.177626E-02  6.936841E+01  1.058315E+00  1.450067E+00  2.862054E+00  4.358298E-01
  7.050000E+03  1.440030E+01  1.282682E+01  3.512076E-02  6.946742E+01  6.937357E+01  3.722164E-02 -2.484036E-02  3.722164E-02  6.945815E+01  6.917111E-02 -2.484036E-02  6.917111E-02  6.957054E+01  1.048983E+00  1.422825E+00  2.923316E+00  4.575531E-01
  7.100000E+03  1.441611E+01  1.282606E+01  3.432082E-02  6.943283E+01  6.943267E+01 -1.987134E-02  2.430649E-02 -1.987134E-02  6.943621E+01  4.591153E-03  2.430649E-02  4.591153E-03  6.942962E+01  1.060030E+00  1.422930E+00  2.833700E+00  4.009752E-01
  7.150000E+03  1.441074E+01  1.282708E+01  3.489703E-02  6.955709E+01  6.961063E+01  1.101847E-02 -8.228956E-02  1.101847E-02  6.957247E+01  1.000702E-01 -8.228956E-02  1.000702E-01  6.948817E+01  1.055776E+00  1.410269E+00  3.236793E+00  4.075364E-01
  7.200000E+03  1.441986E+01  1.282921E+01  3.850345E-02  6.939711E+01  6.945744E+01 -9.386031E-04 -1.344098E-02 -9.386031E-04  6.940344E+01  3.204956E-06 -1.344098E-02  3.204956E-06  6.933044E+01  1.060432E+00  1.467151E+00  3.266723E+00  4.645207E-01
  7.250000E+03  1.441594E+01  1.282702E+01  3.441097E-02  6.950722E+01  6.948043E+01 -3.631608E-02  2.614648E-02 -3.631608E-02  6.955272E+01  5.370494E-02  2.614648E-02  5.370494E-02  6.948851E+01  1.059281E+00  1.420594E+00  2.828856E+00  3.964111E-01
  7.300000E+03  1.442881E+01  1.282668E+01  3.507929E-02  6.942885E+01  6.936842E+01  1.590860E-02  8.078529E-02  1.590860E-02  6.944186E+01 -8.040330E-02  8.078529E-02 -8.040330E-02  6.947627E+01  1.068087E+00  1.433716E+00  2.839833E+00  3.549555E-01
  7.350000E+03  1.439426E+01  1.281367E+01  3.288077E-02  6.949437E+01  6.952069E+01 -7.488152E-02 -3.016535E-02 -7.488152E-02  6.949827E+01  9.421364E-02 -3.016535E-02  9.421364E-02  6.946416E+01  1.053722E+00  1.396957E+00  2.891055E+00  4.338878E-01
  7.400000E+03  1.440223E+01  1.282184E+01  3.603566E-02  6.945604E+01  6.949745E+01 -5.961832E-02  9.216982E-02 -5.961832E-02  6.941152E+01 -5.056131E-03  9.216982E-02 -5.056131E-03  6.945914E+01  1.053595E+00  1.443323E+00  2.703638E+00  4.121223E-01
  7.450000E+03  1.442515E+01  1.283376E+01  3.505065E-02  6.944885E+01  6.944904E+01 -6.213903E-02 -3.541477E-02 -6.213903E-02  6.941303E+01 -2.966705E-02 -3.541477E-02 -2.966705E-02  6.948449E+01  1.060924E+00  1.438399E+00  3.018465E+00  4.264385E-01
  7.500000E+03  1.440844E+01  1.283257E+01  3.786271E-02  6.939703E+01  6.935913E+01  3.340986E-02  6.341796E-02  3.340986E-02  6.945610E+01  3.958318E-02  6.341796E-02  3.958318E-02  6.937586E+01  1.050578E+00  1.444530E+00  2.973483E+00  4.600889E-01
  7.550000E+03  1.442611E+01  1.283504E+01  3.755332E-02  6.945422E+01  6.947175E+01 -1.745851E-02 -4.863902E-02 -1.745851E-02  6.933338E+01 -1.160220E-01 -4.863902E-02 -1.160220E-01  6.955755E+01  1.060712E+00  1.459613E+00  3.413174E+00  4.710299E-01
  7.600000E+03  1.440170E+01  1.282674E+01  3.760672E-02  6.951688E+01  6.956696E+01 -1.348865E-02 -4.202309E-02 -1.348865E-02  6.943645E+01  2.900485E-02 -4.202309E-02  2.900485E-02  6.954725E+01  1.049971E+00  1.449136E+00  3.234578E+00  4.411836E-01
  7.650000E+03  1.440499E+01  1.281955E+01  3.481059E-02  6.949274E+01  6.954670E+01  7.202687E-02 -4.675897E-02  7.202687E-02  6.952786E+01  1.171067E-01 -4.675897E-02  1.171067E-01  6.940368E+01  1.056957E+00  1.421952E+00  2.890816E+00  4.490544E-01
  7.700000E+03  1.442114E+01  1.284256E+01  3.775221E-02  6.947386E+01  6.942312E+01  4.668112E-02 -4.036420E-02  4.668112E-02  6.958849E+01 -2.252997E-02 -4.036420E-02 -2.252997E-02  6.940997E+01  1.052389E+00  1.449807E+00  2.770895E+00  4.074572E-01
  7.750000E+03  1.443093E+01  1.284061E+01  3.589523E-02  6.949624E+01  6.953703E+01  2.255856E-02  4.058285E-02  2.255856E-02  6.950082E+01  3.096362E-02  4.058285E-02  3.096362E-02  6.945087E+01  1.060211E+00  1.430621E+00  3.032729E+00  4.301497E-01
  7.800000E+03  1.442537E+01  1.283520E+01  3.364791E-02  6.934824E+01  6.922505E+01  1.782498E-02 -1.356933E-02  1.782498E-02  6.940550E+01  1.602095E-02 -1.356933E-02  1.602095E-02  6.941416E+01  1.060109E+00  1.418369E+00  2.938305E+00  3.381014E-01
  7.850000E+03  1.441014E+01  1.282687E+01  3.429372E-02  6.945801E+01  6.945039E+01  3.434977E-02  4.815907E-02  3.434977E-02  6.943817E+01  2.580906E-02  4.815907E-02  2.580906E-02  6.948547E+01  1.055514E+00  1.422109E+00  2.853609E+00  4.489057E-01
  7.900000E+03  1.441284E+01  1.282793E+01  3.593929E-02  6.949347E+01  6.950010E+01 -2.340248E-03 -4.162224E-02 -2.340248E-03  6.947063E+01  4.530686E-02 -4.162224E-02  4.530686E-02  6.950968E+01  1.056606E+00  1.437836E+00  2.864678E+00  4.517749E-01
  7.950000E+03  1.443010E+01  1.283998E+01  3.534676E-02  6.944317E+01  6.949697E+01  5.075398E-02 -2.620811E-03  5.075398E-02  6.946243E+01  2.874858E-02 -2.620811E-03  2.874858E-02  6.937010E+01  1.060075E+00  1.435680E+00  3.030245E+00  4.076358E-01
  8.000000E+03  1.439781E+01  1.282004E+01  3.522236E-02  6.939017E+01  6.940408E+01  1.170847E-02 -9.615655E-03  1.170847E-02  6.949123E+01  2.812466E-02 -9.615655E-03  2.812466E-02  6.927521E+01  1.051844E+00  1.434516E+00  2.825034E+00  4.525396E-01
  8.050000E+03  1.441445E+01  1.283890E+01  3.256365E-02  6.946107E+01  6.941603E+01  6.294495E-02 -1.407380E-02  6.294495E-02  6.950478E+01 -6.274940E-02 -1.407380E-02 -6.274940E-02  6.946239E+01  1.050364E+00  1.405691E+00  2.660969E+00  3.291552E-01
  8.100000E+03  1.441231E+01  1.281773E+01  3.276891E-02  6.952352E+01  6.944236E+01 -3.318031E-02 -4.061109E-02 -3.318031E-02  6.954871E+01  8.787610E-03 -4.061109E-02  8.787610E-03  6.957948E+01  1.063055E+00  1.404867E+00  3.084690E+00  4.548108E-01
  8.150000E+03  1.441388E+01  1.281885E+01  3.629359E-02  6.949480E+01  6.947322E+01  1.443261E-02  1.940053E-02  1.443261E-02  6.953239E+01  1.371079E-02  1.940053E-02  1.371079E-02  6.947881E+01  1.063350E+00  1.443885E+00  3.048142E+00  4.640804E-01
  8.200000E+03  1.440411E+01  1.282451E+01  3.384813E-02  6.945944E+01  6.948946E+01  1.223758E-01 -7.507563E-03  1.223758E-01  6.946234E+01  2.572816E-04 -7.507563E-03  2.572816E-04  6.942654E+01  1.053063E+00  1.416065E+00  2.837801E+00  4.562930E-01
  8.250000E+03  1.441945E+01  1.284067E+01  3.604708E-02  6.941150E+01  6.951988E+01 -6.914634E-02 -7.473765E-02 -6.914634E-02  6.942470E+01 -6.654374E-03 -7.473765E-02 -6.654374E-03  6.928991E+01  1.052520E+00  1.430616E+00  3.070996E+00  5.108318E-01
  8.300000E+03  1.442929E+01  1.284267E+01  3.320380E-02  6.941402E+01  6.938456E+01  4.523960E-02  7.018974E-02  4.523960E-02  6.949239E+01 -8.469312E-02  7.018974E-02 -8.469312E-02  6.936512E+01  1.057748E+00  1.413255E+00  2.877754E+00  3.109428E-01
  8.350000E+03  1.439585E+01  1.282032E+01  3.320773E-02  6.950356E+01  6.947676E+01  8.372699E-02  2.002690E-02  8.372699E-02  6.957791E+01 -9.446796E-02  2.002690E-02 -9.446796E-02  6.945602E+01  1.050352E+00  1.422127E+00  3.391807E+00  3.916041E-01
  8.400000E+03  1.441624E+01  1.283247E+01  3.505980E-02  6.948492E+01  6.949762E+01  1.023583E-01  2.003771E-02  1.023583E-01  6.947103E+01  5.389552E-02  2.003771E-02  5.389552E-02  6.948612E+01  1.055847E+00  1.436395E+00  2.857843E+00  4.331278E-01
  8.450000E+03  1.441271E+01  1.282506E+01  3.633667E-02  6.942267E+01  6.933863E+01  7.618866E-02 -3.541333E-02  7.618866E-02  6.945794E+01  3.183358E-02 -3.541333E-02  3.183358E-02  6.947142E+01  1.058437E+00  1.428628E+00  2.845145E+00  4.880130E-01
  8.500000E+03  1.440397E+01  1.282296E+01  3.656434E-02  6.947273E+01  6.951197E+01 -1.339485E-02 -7.004029E-02 -1.339485E-02  6.949617E+01  4.505274E-02 -7.004029E-02  4.505274E-02  6.941006E+01  1.054005E+00  1.431938E+00  2.781265E+00  4.061777E-01
  8.550000E+03  1.442266E+01  1.284028E+01  3.460732E-02  6.945202E+01  6.951459E+01  3.816227E-03 -7.027885E-02  3.816227E-03  6.929663E+01  5.605094E-02 -7.027885E-02  5.605094E-02  6.954483E+01  1.054917E+00  1.430544E+00  3.070397E+00  3.398447E-01
  8.600000E+03  1.442549E+01  1.283499E+01  3.447872E-02  6.945228E+01  6.950440E+01  1.018941E-02 -5.677828E-03  1.018941E-02  6.939238E+01 -6.478900E-02 -5.677828E-03 -6.478900E-02  6.946006E+01  1.060332E+00  1.430573E+00  3.008316E+00  4.709878E-01
  8.650000E+03  1.440396E+01  1.282811E+01  3.577643E-02  6.937662E+01  6.942823E+01 -2.954276E-02  3.037519E-02 -2.954276E-02  6.927270E+01 -2.216009E-03  3.037519E-02 -2.216009E-03  6.942892E+01  1.050564E+00  1.445620E+00  2.931901E+00  4.297305E-01
  8.700000E+03  1.440319E+01  1.282577E+01  3.695586E-02  6.952337E+01  6.957601E+01  1.000445E-01 -3.623322E-03  1.000445E-01  6.940666E+01 -4.295889E-02 -3.623322E-03 -4.295889E-02  6.958742E+01  1.051608E+00  1.434069E+00  3.198915E+00  4.934751E-01
  8.750000E+03  1.441370E+01  1.283405E+01  3.525090E-02  6.944947E+01  6.952277E+01 -4.239341E-02 -9.463794E-03 -4.239341E-02  6.942919E+01 -5.290214E-02 -9.463794E-03 -5.290214E-02  6.939645E+01  1.053102E+00  1.428169E+00  2.893685E+00  4.581159E-01
  8.800000E+03  1.443466E+01  1.283122E+01  3.329436E-02  6.945066E+01  6.948828E+01 -1.565573E-02  2.910168E-02 -1.565573E-02  6.946719E+01  6.108064E-02  2.910168E-02  6.108064E-02  6.939652E+01  1.068963E+00  1.414844E+00  2.756110E+00  3.788886E-01
  8.850000E+03  1.441108E+01  1.282714E+01  3.715580E-02  6.949934E+01  6.944873E+01  6.565673E-02  4.647052E-03  6.565673E-02  6.944146E+01  6.139330E-02  4.647052E-03  6.139330E-02  6.960783E+01  1.055961E+00  1.444069E+00  2.870863E+00  4.433484E-01
  8.900000E+03  1.441576E+01  1.283111E+01  3.507721E-02  6.942026E+01  6.944400E+01  1.440760E-03 -9.811730E-02  1.440760E-03  6.936935E+01 -1.052347E-01 -9.811730E-02 -1.052347E-01  6.944741E+01  1.056437E+00  1.428774E+00  2.986509E+00  3.734757E-01
  8.950000E+03  1.441013E+01  1.282854E+01  3.582646E-02  6.948790E+01  6.946700E+01 -8.225061E-03 -5.660573E-02 -8.225061E-03  6.950490E+01  9.272236E-02 -5.660573E-02  9.272236E-02  6.949181E+01  1.054397E+00  1.440925E+00  3.122352E+00  4.612452E-01
  9.000000E+03  1.442488E+01  1.284022E+01  3.565971E-02  6.956814E+01  6.943472E+01 -7.480016E-02 -2.996212E-02 -7.480016E-02  6.970847E+01 -2.269841E-02 -2.996212E-02 -2.269841E-02  6.956122E+01  1.056437E+00  1.435037E+00  2.860416E+00  4.447905E-01
  9.050000E+03  1.440284E+01  1.283796E+01  3.627554E-02  6.945720E+01  6.944687E+01 -4.103117E-02 -1.504398E-02 -4.103117E-02  6.940664E+01 -3.434786E-02 -1.504398E-02 -3.434786E-02  6.951810E+01  1.043256E+00  1.421389E+00  2.887729E+00  4.492688E-01
  9.100000E+03  1.439951E+01  1.281636E+01  3.519978E-02  6.951136E+01  6.945085E+01 -2.081454E-02 -9.246755E-03 -2.081454E-02  6.949383E+01  5.726994E-03 -9.246755E-03  5.726994E-03  6.958940E+01  1.055437E+00  1.431930E+00  2.894619E+00  3.943103E-01
  9.150000E+03  1.441743E+01  1.282875E+01  3.771222E-02  6.951397E+01  6.960467E+01  2.837568E-02  8.396777E-02  2.837568E-02  6.946880E+01  2.721743E-02  8.396777E-02  2.721743E-02  6.946843E+01  1.059124E+00  1.444910E+00  3.243234E+00  3.412768E-01
  9.200000E+03  1.441440E+01  1.281985E+01  3.227396E-02  6.944077E+01  6.941251E+01  6.067777E-02  2.290545E-02  6.067777E-02  6.933786E+01 -3.275880E-02  2.290545E-02 -3.275880E-02  6.957193E+01  1.063035E+00  1.418283E+00  2.736070E+00  4.688271E-01
  9.250000E+03  1.439199E+01  1.282151E+01  3.643882E-02  6.943807E+01  6.937327E+01 -5.714834E-02 -5.907641E-02 -5.714834E-02  6.943966E+01  3.082853E-02 -5.907641E-02  3.082853E-02  6.950129E+01  1.046985E+00  1.435813E+00  3.006372E+00  4.377025E-01
  9.300000E+03  1.440754E+01  1.282629E+01  3.275823E-02  6.945681E+01  6.951561E+01 -9.173556E-02  5.965130E-02 -9.173556E-02  6.950718E+01 -9.011199E-02  5.965130E-02 -9.011199E-02  6.934765E+01  1.054170E+00  1.417882E+00  2.986800E+00  4.683482E-01
  9.350000E+03  1.442319E+01  1.282899E+01  3.513785E-02  6.942721E+01  6.945484E+01 -4.961733E-02 -3.366795E-02 -4.961733E-02  6.941333E+01  6.911830E-02 -3.366795E-02  6.911830E-02  6.941346E+01  1.062798E+00  1.433674E+00  2.977781E+00  4.101672E-01
  9.400000E+03  1.440603E+01  1.282286E+01  3.334233E-02  6.936986E+01  6.941519E+01 -2.665510E-03 -2.668418E-02 -2.665510E-03  6.938306E+01  1.097785E-02 -2.668418E-02  1.097785E-02  6.931133E+01  1.055447E+00  1.409218E+00  2.903563E+00  4.152993E-01
  9.450000E+03  1.441304E+01  1.283293E+01  3.822180E-02  6.943461E+01  6.945954E+01  1.067196E-01 -3.843515E-02  1.067196E-01  6.945476E+01 -3.731056E-02 -3.843515E-02 -3.731056E-02  6.938954E+01  1.053412E+00  1.466949E+00  2.861910E+00  5.054812E-01
  9.500000E+03  1.441582E+01  1.283807E+01  3.560521E-02  6.936789E+01  6.939026E+01  4.941107E-02  4.360506E-02  4.941107E-02  6.935013E+01 -1.355538E-01  4.360506E-02 -1.355538E-01  6.936328E+01  1.051832E+00  1.441021E+00  3.135186E+00  2.658761E-01
  9.550000E+03  1.440516E+01  1.282856E+01  3.782912E-02  6.944658E+01  6.932727E+01 -1.628735E-02 -1.271725E-02 -1.628735E-02  6.951583E+01 -2.877673E-02 -1.271725E-02 -2.877673E-02  6.949664E+01  1.051071E+00  1.443607E+00  3.162974E+00  4.234299E-01
  9.600000E+03  1.440488E+01  1.282977E+01  3.446198E-02  6.936351E+01  6.923205E+01  6.089697E-02  2.048114E-02  6.089697E-02  6.944264E+01  7.942571E-02  2.048114E-02  7.942571E-02  6.941585E+01  1.050069E+00  1.424924E+00  3.088127E+00  3.698055E-01
  9.650000E+03  1.443561E+01  1.282834E+01  3.560239E-02  6.945814E+01  6.948747E+01  2.891913E-02 -3.753671E-02  2.891913E-02  6.931097E+01  7.737145E-02 -3.753671E-02  7.737145E-02  6.957599E+01  1.071515E+00  1.440612E+00  2.850331E+00  4.238504E-01
  9.700000E+03  1.441701E+01  1.283195E+01  3.499736E-02  6.940846E+01  6.939538E+01 -2.128018E-02 -2.160291E-02 -2.128018E-02  6.938556E+01 -2.724236E-02 -2.160291E-02 -2.724236E-02  6.944444E+01  1.056710E+00  1.426792E+00  3.052351E+00  3.413462E-01
  9.750000E+03  1.441278E+01  1.282716E+01  3.866373E-02  6.945592E+01  6.951516E+01  1.752767E-02  8.034087E-02  1.752767E-02  6.931398E+01  2.638053E-02  8.034087E-02  2.638053E-02  6.953863E+01  1.057082E+00  1.469950E+00  2.933129E+00  3.911887E-01
  9.800000E+03  1.440085E+01  1.283546E+01  3.546460E-02  6.935291E+01  6.928506E+01 -3.548369E-02 -4.812905E-02 -3.548369E-02  6.930428E+01  7.283344E-02 -4.812905E-02  7.283344E-02  6.946937E+01  1.043594E+00  1.421400E+00  2.924564E+00  4.225621E-01
  9.850000E+03  1.439980E+01  1.282156E+01  3.437876E-02  6.938168E+01  6.944153E+01  3.988991E-02  3.285083E-02  3.988991E-02  6.932889E+01  1.773536E-02  3.285083E-02  1.773536E-02  6.937461E+01  1.052160E+00  1.416334E+00  3.280485E+00  4.706295E-01
  9.900000E+03  1.444251E+01  1.284803E+01  3.470603E-02  6.947286E+01  6.948148E+01 -6.859166E-02 -1.218084E-01 -6.859166E-02  6.950291E+01  7.816212E-03 -1.218084E-01  7.816212E-03  6.943421E+01  1.062987E+00  1.427918E+00  2.824531E+00  4.363444E-01
  9.950000E+03  1.439444E+01  1.281932E+01  3.627114E-02  6.935330E+01  6.949419E+01 -4.297463E-02  5.818244E-02 -4.297463E-02  6.921286E+01 -4.323136E-02  5.818244E-02 -4.323136E-02  6.935285E+01  1.050084E+00  1.439427E+00  2.962084E+00  4.826459E-01
  1.000000E+04  1.443269E+01  1.284607E+01  3.690466E-02  6.940592E+01  6.930287E+01  4.297642E-02 -2.634650E-02  4.297642E-02  6.945365E+01  4.695708E-02 -2.634650E-02  4.695708E-02  6.946125E+01  1.057745E+00  1.449488E+00  2.927184E+00  4.448477E-01
  1.005000E+04  1.441553E+01  1.282742E+01  3.253717E-02  6.954224E+01  6.939321E+01 -2.448443E-02 -8.223103E-02 -2.448443E-02  6.962130E+01  9.154407E-02 -8.223103E-02  9.154407E-02  6.961220E+01  1.058738E+00  1.409668E+00  2.848197E+00  4.439464E-01
  1.010000E+04  1.441959E+01  1.284137E+01  3.590422E-02  6.941148E+01  6.946273E+01 -1.987076E-02  6.453100E-02 -1.987076E-02  6.934888E+01 -7.875167E-03  6.453100E-02 -7.875167E-03  6.942285E+01  1.052143E+00  1.429281E+00  3.186193E+00  4.207896E-01
  1.015000E+04  1.441122E+01  1.282964E+01  3.398918E-02  6.941321E+01  6.937790E+01  4.754232E-02 -2.304001E-02  4.754232E-02  6.939614E+01 -2.955261E-02 -2.304001E-02 -2.955261E-02  6.946560E+01  1.054383E+00  1.422632E+00  3.186476E+00  3.996878E-01
  1.020000E+04  1.441898E+01  1.282726E+01  3.601813E-02  6.948028E+01  6.947621E+01 -3.668483E-02  3.349307E-02 -3.668483E-02  6.939273E+01  5.212987E-02  3.349307E-02  5.212987E-02  6.957190E+01  1.061144E+00  1.430177E+00  2.805841E+00  4.374046E-01
  1.025000E+04  1.442386E+01  1.284225E+01  3.459936E-02  6.944333E+01  6.939605E+01  6.694094E-02 -5.833102E-02  6.694094E-02  6.942609E+01 -2.089522E-02 -5.833102E-02 -2.089522E-02  6.950784E+01  1.054410E+00  1.423996E+00  3.005630E+00  4.810831E-01
  1.030000E+04  1.441935E+01  1.283068E+01  3.533263E-02  6.951210E+01  6.947163E+01  5.479716E-02 -5.904779E-02  5.479716E-02  6.954370E+01 -3.269927E-02 -5.904779E-02 -3.269927E-02  6.952097E+01  1.059113E+00  1.436317E+00  2.784490E+00  4.774021E-01
  1.035000E+04  1.442438E+01  1.283272E+01  3.423878E-02  6.943231E+01  6.947709E+01  1.461716E-01 -5.468961E-02  1.461716E-01  6.940239E+01 -5.185071E-02 -5.468961E-02 -5.185071E-02  6.941746E+01  1.061106E+00  1.430169E+00  2.941631E+00  4.101072E-01
  1.040000E+04  1.442343E+01  1.283256E+01  3.713111E-02  6.929134E+01  6.930448E+01  1.759908E-02 -2.546844E-02  1.759908E-02  6.922837E+01 -6.105138E-04 -2.546844E-02 -6.105138E-04  6.934118E+01  1.060582E+00  1.442118E+00  3.044611E+00  4.718786E-01
  1.045000E+04  1.443756E+01  1.285169E+01  3.293653E-02  6.945826E+01  6.951914E+01 -6.904962E-02  9.575192E-02 -6.904962E-02  6.940661E+01 -2.126117E-02  9.575192E-02 -2.126117E-02  6.944903E+01  1.057248E+00  1.405081E+00  2.966271E+00  4.784490E-01
  1.050000E+04  1.443338E+01  1.284248E+01  3.653157E-02  6.942925E+01  6.939609E+01 -3.634797E-02  6.625872E-02 -3.634797E-02  6.943735E+01 -4.442650E-02  6.625872E-02 -4.442650E-02  6.945430E+01  1.060598E+00  1.444389E+00  2.908790E+00  4.394715E-01
  1.055000E+04  1.440988E+01  1.283899E+01  3.588367E-02  6.951694E+01  6.946662E+01 -1.082192E-02 -7.016858E-03 -1.082192E-02  6.940167E+01  4.958474E-02 -7.016858E-03  4.958474E-02  6.968253E+01  1.047264E+00  1.441947E+00  3.156286E+00  3.578766E-01
  1.060000E+04  1.442870E+01  1.283310E+01  3.806464E-02  6.948297E+01  6.947752E+01  7.402788E-02  5.394804E-02  7.402788E-02  6.945300E+01  4.720615E-03  5.394804E-02  4.720615E-03  6.951839E+01  1.063734E+00  1.449116E+00  2.972477E+00  4.664836E-01
  1.065000E+04  1.444310E+01  1.284626E+01  3.666512E-02  6.943594E+01  6.937208E+01  4.434850E-02  2.823972E-02  4.434850E-02  6.941598E+01  4.543897E-02  2.823972E-02  4.543897E-02  6.951977E+01  1.064562E+00  1.449425E+00  2.912257E+00  3.765398E-01
  1.070000E+04  1.441432E+01  1.281989E+01  3.375257E-02  6.939392E+01  6.936426E+01  4.842208E-02  4.903145E-02  4.842208E-02  6.946292E+01  5.633310E-02  4.903145E-02  5.633310E-02  6.935458E+01  1.062948E+00  1.421558E+00  2.788281E+00  4.355129E-01
  1.075000E+04  1.441543E+01  1.283010E+01  3.656405E-02  6.947093E+01  6.945535E+01  2.509147E-02  1.157022E-02  2.509147E-02  6.939831E+01 -1.160929E-02  1.157022E-02 -1.160929E-02  6.955912E+01  1.056887E+00  1.445532E+00  2.946112E+00  4.663692E-01
  1.080000E+04  1.440488E+01  1.282613E+01  3.851913E-02  6.941196E+01  6.942620E+01 -2.441210E-02 -5.333701E-02 -2.441210E-02  6.942904E+01  3.940206E-02 -5.333701E-02  3.940206E-02  6.938064E+01  1.052500E+00  1.469277E+00  3.052198E+00  3.831051E-01
  1.085000E+04  1.440522E+01  1.282783E+01  3.981389E-02  6.944171E+01  6.946965E+01  6.967017E-02  1.054345E-02  6.967017E-02  6.956254E+01  6.154098E-02  1.054345E-02  6.154098E-02  6.929295E+01  1.051593E+00  1.453755E+00  3.236233E+00  4.650774E-01
  1.090000E+04  1.440753E+01  1.283430E+01  3.372678E-02  6.940922E+01  6.945590E+01 -5.956901E-03 -1.478071E-01 -5.956901E-03  6.929248E+01  9.841418E-02 -1.478071E-01  9.841418E-02  6.947929E+01  1.048820E+00  1.416203E+00  3.189946E+00  4.263018E-01
  1.095000E+04  1.441188E+01  1.283117E+01  3.828464E-02  6.948056E+01  6.948613E+01  1.208014E-01  6.433840E-02  1.208014E-01  6.941027E+01  8.021073E-03  6.433840E-02  8.021073E-03  6.954530E+01  1.053808E+00  1.456661E+00  3.033374E+00  4.777924E-01
  1.100000E+04  1.439380E+01  1.282579E+01  3.643776E-02  6.945898E+01  6.945591E+01  5.080442E-02 -3.946064E-02  5.080442E-02  6.950964E+01  6.603437E-02 -3.946064E-02  6.603437E-02  6.941140E+01  1.045344E+00  1.445973E+00  3.054502E+00  3.912586E-01
  1.105000E+04  1.439619E+01  1.280853E+01  3.300823E-02  6.947709E+01  6.955609E+01 -3.322001E-02  7.060327E-02 -3.322001E-02  6.937106E+01 -5.096793E-02  7.060327E-02 -5.096793E-02  6.950411E+01  1.058441E+00  1.405801E+00  2.891324E+00  4.835937E-01
  1.110000E+04  1.441354E+01  1.282802E+01  3.401890E-02  6.950247E+01  6.954358E+01 -1.196049E-02  1.533514E-02 -1.196049E-02  6.943358E+01 -4.732391E-02  1.533514E-02 -4.732391E-02  6.953024E+01  1.057013E+00  1.416880E+00  2.893752E+00  3.640533E-01
  1.115000E+04  1.440975E+01  1.283111E+01  3.680388E-02  6.948088E+01  6.944326E+01 -7.364173E-03  2.210533E-02 -7.364173E-03  6.954934E+01  7.542026E-02  2.210533E-02  7.542026E-02  6.945004E+01  1.052423E+00  1.444047E+00  3.214481E+00  3.761624E-01
  1.120000E+04  1.439269E+01  1.281641E+01  3.502723E-02  6.955473E+01  6.958256E+01  1.659901E-01  6.154899E-02  1.659901E-01  6.951755E+01  8.156610E-02  6.154899E-02  8.156610E-02  6.956408E+01  1.050849E+00  1.414818E+00  3.104175E+00  4.329568E-01
  1.125000E+04  1.442254E+01  1.282911E+01  3.527263E-02  6.950822E+01  6.967218E+01  2.995527E-02  1.805017E-03  2.995527E-02  6.946578E+01 -5.976916E-02  1.805017E-03 -5.976916E-02  6.938670E+01  1.062292E+00  1.433465E+00  2.836070E+00  4.848354E-01
  1.130000E+04  1.440071E+01  1.283253E+01  3.569644E-02  6.938045E+01  6.936990E+01  5.828470E-02 -2.401772E-02  5.828470E-02  6.928829E+01  1.272582E-01 -2.401772E-02  1.272582E-01  6.948315E+01  1.045452E+00  1.433727E+00  3.001419E+00  3.500176E-01
  1.135000E+04  1.442718E+01  1.282065E+01  3.551415E-02  6.939744E+01  6.940138E+01 -1.335648E-01 -1.063095E-02 -1.335648E-01  6.934480E+01 -4.137528E-02 -1.063095E-02 -4.137528E-02  6.944616E+01  1.071024E+00  1.437735E+00  3.023770E+00  4.385833E-01
  1.140000E+04  1.442390E+01  1.284027E+01  3.405558E-02  6.951582E+01  6.953587E+01  6.674679E-02 -7.109182E-02  6.674679E-02  6.946769E+01  1.273567E-03 -7.109182E-02  1.273567E-03  6.954390E+01  1.055756E+00  1.423051E+00  3.115056E+00  4.264928E-01
  1.145000E+04  1.438376E+01  1.282973E+01  3.588571E-02  6.943274E+01  6.945865E+01  5.647816E-02 -7.671388E-02  5.647816E-02  6.954015E+01 -7.025360E-02 -7.671388E-02 -7.025360E-02  6.929943E+01  1.036024E+00  1.437624E+00  2.777087E+00  3.143519E-01
  1.150000E+04  1.442709E+01  1.284055E+01  3.444761E-02  6.946014E+01  6.956155E+01 -1.554103E-02  8.758306E-02 -1.554103E-02  6.939415E+01 -1.720663E-02  8.758306E-02 -1.720663E-02  6.942472E+01  1.057690E+00  1.419239E+00  2.931734E+00  5.027313E-01
  1.155000E+04  1.440829E+01  1.282442E+01  3.499080E-02  6.944941E+01  6.952827E+01 -2.807473E-02 -1.863504E-03 -2.807473E-02  6.934883E+01  2.338084E-03 -1.863504E-03  2.338084E-03  6.947114E+01  1.055914E+00  1.424858E+00  3.093699E+00  4.209648E-01
  1.160000E+04  1.443325E+01  1.284599E+01  3.624582E-02  6.952941E+01  6.950545E+01  5.683185E-02 -2.880594E-02  5.683185E-02  6.961712E+01 -1.045268E-01 -2.880594E-02 -1.045268E-01  6.946565E+01  1.058173E+00  1.445769E+00  2.878991E+00  4.653792E-01
  1.165000E+04  1.444539E+01  1.286359E+01  3.470500E-02  6.947994E+01  6.943903E+01 -5.970063E-02  6.582011E-02 -5.970063E-02  6.959333E+01  6.968009E-02  6.582011E-02  6.968009E-02  6.940745E+01  1.054531E+00  1.426052E+00  2.978818E+00  4.156970E-01
  1.170000E+04  1.441413E+01  1.283089E+01  3.377006E-02  6.953915E+01  6.950563E+01 -4.919944E-02  1.613885E-02 -4.919944E-02  6.960010E+01 -1.107796E-02  1.613885E-02 -1.107796E-02  6.951170E+01  1.055491E+00  1.422820E+00  3.322577E+00  4.945160E-01
  1.175000E+04  1.441689E+01  1.281871E+01  3.492725E-02  6.941695E+01  6.944058E+01  8.514095E-02  2.646347E-02  8.514095E-02  6.941281E+01 -3.031319E-02  2.646347E-02 -3.031319E-02  6.939747E+01  1.065453E+00  1.429884E+00  3.017244E+00  4.113661E-01
  1.180000E+04  1.442330E+01  1.284392E+01  3.664079E-02  6.947830E+01  6.951618E+01  3.490468E-03 -3.354861E-02  3.490468E-03  6.944256E+01 -5.611436E-02 -3.354861E-02 -5.611436E-02  6.947616E+01  1.052922E+00  1.441716E+00  3.038108E+00  4.084583E-01
  1.185000E+04  1.441050E+01  1.282380E+01  3.250140E-02  6.943804E+01  6.945013E+01 -3.538688E-03 -1.234025E-02 -3.538688E-03  6.953388E+01 -7.939414E-02 -1.234025E-02 -7.939414E-02  6.933009E+01  1.057802E+00  1.420166E+00  2.819701E+00  4.599710E-01
  1.190000E+04  1.441538E+01  1.281300E+01  3.509571E-02  6.944510E+01  6.941009E+01  8.683652E-02  5.101549E-03  8.683652E-02  6.942393E+01 -1.431379E-01  5.101549E-03 -1.431379E-01  6.950129E+01  1.068256E+00  1.436198E+00  3.325428E+00  3.372577E-01
  1.195000E+04  1.441113E+01  1.282556E+01  3.469179E-02  6.947290E+01  6.947147E+01  3.039048E-02  4.844664E-03  3.039048E-02  6.936073E+01  2.477201E-02  4.844664E-03  2.477201E-02  6.958649E+01  1.057049E+00  1.419140E+00  3.210098E+00  4.642216E-01
  1.200000E+04  1.443474E+01  1.284113E+01  3.871659E-02  6.952035E+01  6.955447E+01  3.950274E-02 -3.377702E-02  3.950274E-02  6.949971E+01 -7.691513E-02 -3.377702E-02 -7.691513E-02  6.950688E+01  1.062412E+00  1.470264E+00  3.087258E+00  5.279754E-01
  1.205000E+04  1.441061E+01  1.281654E+01  3.545808E-02  6.954196E+01  6.953567E+01  7.224535E-02  6.246371E-02  7.224535E-02  6.953664E+01  3.957275E-02  6.246371E-02  3.957275E-02  6.955358E+01  1.062709E+00  1.434035E+00  3.080064E+00  3.959812E-01
  1.210000E+04  1.441873E+01  1.283227E+01  3.615758E-02  6.948707E+01  6.943681E+01  7.474237E-02  6.408598E-02  7.474237E-02  6.961541E+01 -1.043106E-01  6.408598E-02 -1.043106E-01  6.940898E+01  1.057636E+00  1.441515E+00  3.038598E+00  4.193378E-01
  1.215000E+04  1.443239E+01  1.283429E+01  3.462018E-02  6.942613E+01  6.943153E+01 -1.776299E-02 -7.054377E-02 -1.776299E-02  6.933608E+01  2.255677E-02 -7.054377E-02  2.255677E-02  6.951077E+01  1.065400E+00  1.426666E+00  3.266439E+00  4.801062E-01
  1.220000E+04  1.441069E+01  1.283227E+01  3.613161E-02  6.945784E+01  6.943107E+01 -1.307860E-01 -4.217882E-02 -1.307860E-01  6.939462E+01 -1.412851E-02 -4.217882E-02 -1.412851E-02  6.954781E+01  1.052278E+00  1.432739E+00  2.946452E+00  3.668098E-01
  1.225000E+04  1.440130E+01  1.282195E+01  3.744797E-02  6.952537E+01  6.951534E+01  2.432563E-02  3.046262E-02  2.432563E-02  6.944661E+01  1.718093E-02  3.046262E-02  1.718093E-02  6.961416E+01  1.052900E+00  1.450321E+00  3.137718E+00  3.710276E-01
  1.230000E+04  1.440096E+01  1.282571E+01  3.432936E-02  6.945967E+01  6.953573E+01 -2.058931E-02 -2.783995E-02 -2.058931E-02  6.937079E+01 -1.049575E-02 -2.783995E-02 -1.049575E-02  6.947247E+01  1.050164E+00  1.436171E+00  2.798788E+00  4.529401E-01
  1.235000E+04  1.443137E+01  1.283226E+01  3.515018E-02  6.960213E+01  6.955607E+01  4.229663E-03  4.667132E-02  4.229663E-03  6.965545E+01  4.654917E-02  4.667132E-02  4.654917E-02  6.959486E+01  1.066073E+00  1.444655E+00  2.885822E+00  4.804262E-01
  1.240000E+04  1.440504E+01  1.282118E+01  3.645852E-02  6.940974E+01  6.952407E+01  7.783873E-02  1.458789E-02  7.783873E-02  6.931993E+01 -7.204557E-02  1.458789E-02 -7.204557E-02  6.938522E+01  1.055901E+00  1.446913E+00  2.761055E+00  5.005708E-01
  1.245000E+04  1.441318E+01  1.283098E+01  3.629851E-02  6.947480E+01  6.941666E+01 -5.306616E-02  1.807837E-02 -5.306616E-02  6.936719E+01 -8.868908E-02  1.807837E-02 -8.868908E-02  6.964054E+01  1.054804E+00  1.440117E+00  2.832529E+00  4.965165E-01
  1.250000E+04  1.440649E+01  1.283918E+01  3.417343E-02  6.943948E+01  6.945300E+01  6.013550E-02  5.507281E-03  6.013550E-02  6.940094E+01 -2.358752E-02  5.507281E-03 -2.358752E-02  6.946450E+01  1.044873E+00  1.428495E+00  3.246024E+00  3.945857E-01
  1.255000E+04  1.440740E+01  1.282589E+01  3.503046E-02  6.940339E+01  6.930757E+01  1.202281E-02  2.680231E-02  1.202281E-02  6.945644E+01 -1.852500E-02  2.680231E-02 -1.852500E-02  6.944616E+01  1.054343E+00  1.436180E+00  2.849714E+00  4.354339E-01
  1.260000E+04  1.441472E+01  1.283295E+01  3.538346E-02  6.952075E+01  6.960657E+01 -1.886255E-02 -1.035695E-01 -1.886255E-02  6.942481E+01  3.199337E-02 -1.035695E-01  3.199337E-02  6.953087E+01  1.054512E+00  1.428027E+00  2.916106E+00  4.415124E-01
  1.265000E+04  1.441049E+01  1.282063E+01  3.623460E-02  6.939925E+01  6.942536E+01 -3.236919E-02  6.006392E-02 -3.236919E-02  6.933698E+01  3.959421E-02  6.006392E-02  3.959421E-02  6.943541E+01  1.059906E+00  1.434642E+00  3.210612E+00  3.212568E-01
  1.270000E+04  1.439745E+01  1.281967E+01  3.479118E-02  6.942903E+01  6.934757E+01 -3.861469E-02  6.088433E-02 -3.861469E-02  6.951060E+01 -8.664843E-02  6.088433E-02 -8.664843E-02  6.942892E+01  1.051851E+00  1.425297E+00  2.808777E+00  4.361634E-01
  1.275000E+04  1.442098E+01  1.283407E+01  3.527042E-02  6.947730E+01  6.945927E+01 -6.334343E-02  1.279290E-01 -6.334343E-02  6.950379E+01 -1.610805E-01  1.279290E-01 -1.610805E-01  6.946882E+01  1.057941E+00  1.433698E+00  2.890572E+00  5.301773E-01
  1.280000E+04  1.442116E+01  1.283058E+01  3.839594E-02  6.948136E+01  6.946613E+01 -6.001907E-02  2.082803E-02 -6.001907E-02  6.949276E+01 -3.542715E-02  2.082803E-02 -3.542715E-02  6.948519E+01  1.060386E+00  1.452890E+00  2.812743E+00  3.736016E-01
  1.285000E+04  1.441011E+01  1.282992E+01  3.736897E-02  6.940779E+01  6.946138E+01 -7.447302E-02 -2.608402E-02 -7.447302E-02  6.940381E+01 -6.124642E-02 -2.608402E-02 -6.124642E-02  6.935818E+01  1.053459E+00  1.450534E+00  3.165203E+00  4.682436E-01
  1.290000E+04  1.441343E+01  1.282974E+01  3.677583E-02  6.928440E+01  6.931368E+01 -2.225387E-02 -7.689750E-03 -2.225387E-02  6.925256E+01  1.427946E-03 -7.689750E-03  1.427946E-03  6.928696E+01  1.055792E+00  1.443202E+00  3.224457E+00  5.195035E-01
  1.295000E+04  1.441816E+01  1.283042E+01  3.620378E-02  6.937291E+01  6.941268E+01 -6.712798E-02 -4.223090E-02 -6.712798E-02  6.937892E+01 -3.152945E-02 -4.223090E-02 -3.152945E-02  6.932712E+01  1.058490E+00  1.431744E+00  3.146305E+00  4.494143E-01
  1.300000E+04  1.440938E+01  1.282634E+01  3.497580E-02  6.944863E+01  6.952041E+01 -1.143716E-03  1.454603E-02 -1.143716E-03  6.937949E+01 -1.698621E-03  1.454603E-02 -1.698621E-03  6.944599E+01  1.055364E+00  1.431555E+00  2.938718E+00  3.633540E-01
  1.305000E+04  1.443225E+01  1.284566E+01  3.751621E-02  6.943735E+01  6.936552E+01 -1.804841E-02  2.791996E-03 -1.804841E-02  6.952349E+01 -5.746127E-02  2.791996E-03 -5.746127E-02  6.942303E+01  1.057724E+00  1.445600E+00  2.979106E+00  4.444595E-01
  1.310000E+04  1.441084E+01  1.284044E+01  3.583019E-02  6.942620E+01  6.954559E+01  5.364108E-02  9.804522E-02  5.364108E-02  6.934695E+01  2.894759E-02  9.804522E-02  2.894759E-02  6.938606E+01  1.046929E+00  1.443592E+00  3.016225E+00  4.500227E-01
  1.315000E+04  1.441971E+01  1.282754E+01  3.597999E-02  6.952174E+01  6.945809E+01 -9.010021E-02  1.730299E-02 -9.010021E-02  6.950633E+01  6.148096E-02  1.730299E-02  6.148096E-02  6.960080E+01  1.061448E+00  1.446591E+00  3.055827E+00  4.455850E-01
  1.320000E+04  1.440236E+01  1.282423E+01  3.699400E-02  6.957205E+01  6.958446E+01  4.438770E-02 -7.171317E-02  4.438770E-02  6.954046E+01 -8.060804E-02 -7.171317E-02 -8.060804E-02  6.959124E+01  1.052090E+00  1.440860E+00  3.679587E+00  4.340802E-01
  1.325000E+04  1.442392E+01  1.283282E+01  3.330625E-02  6.938273E+01  6.939741E+01  1.349539E-02  6.298878E-02  1.349539E-02  6.937099E+01  3.681423E-02  6.298878E-02  3.681423E-02  6.937977E+01  1.060728E+00  1.415385E+00  2.790334E+00  4.368196E-01
  1.330000E+04  1.439858E+01  1.282745E+01  3.693630E-02  6.942221E+01  6.943594E+01 -5.988246E-02 -1.074667E-01 -5.988246E-02  6.944391E+01  1.870446E-02 -1.074667E-01  1.870446E-02  6.938679E+01  1.047418E+00  1.444790E+00  3.082763E+00  4.081246E-01
  1.335000E+04  1.441871E+01  1.283632E+01  3.520370E-02  6.944327E+01  6.935609E+01  2.167942E-02  1.230006E-01  2.167942E-02  6.949113E+01  3.309426E-02  1.230006E-01  3.309426E-02  6.948260E+01  1.054927E+00  1.429978E+00  3.085037E+00  4.438202E-01
  1.340000E+04  1.441200E+01  1.283079E+01  3.703341E-02  6.938205E+01  6.940892E+01  2.785530E-02  5.870350E-02  2.785530E-02  6.938378E+01  1.179686E-01  5.870350E-02  1.179686E-01  6.935345E+01  1.054135E+00  1.436012E+00  3.195804E+00  4.953514E-01
  1.345000E+04  1.441057E+01  1.282506E+01  3.525462E-02  6.938630E+01  6.947839E+01 -4.100461E-02  2.912105E-02 -4.100461E-02  6.948711E+01  5.970875E-02  2.912105E-02  5.970875E-02  6.919340E+01  1.057003E+00  1.431404E+00  3.700467E+00  3.826903E-01
  1.350000E+04  1.439472E+01  1.281991E+01  3.779650E-02  6.940572E+01  6.937767E+01 -4.121624E-02 -6.250162E-02 -4.121624E-02  6.943771E+01 -4.437851E-02 -6.250162E-02 -4.437851E-02  6.940179E+01  1.049869E+00  1.442310E+00  3.028914E+00  4.357926E-01
  1.355000E+04  1.440490E+01  1.283251E+01  3.556934E-02  6.937490E+01  6.932610E+01  5.142031E-02  6.102715E-02  5.142031E-02  6.942929E+01 -1.256181E-01  6.102715E-02 -1.256181E-01  6.936930E+01  1.048258E+00  1.442170E+00  3.208840E+00  3.593870E-01
  1.360000E+04  1.440609E+01  1.282440E+01  3.500976E-02  6.938992E+01  6.932548E+01  3.180799E-02 -4.182078E-02  3.180799E-02  6.944806E+01 -7.274261E-02 -4.182078E-02 -7.274261E-02  6.939621E+01  1.054461E+00  1.428272E+00  2.878755E+00  3.964109E-01
  1.365000E+04  1.442334E+01  1.283048E+01  3.517693E-02  6.942862E+01  6.942240E+01 -1.622817E-02  2.460075E-02 -1.622817E-02  6.949311E+01 -3.885090E-02  2.460075E-02 -3.885090E-02  6.937035E+01  1.061905E+00  1.436103E+00  3.142497E+00  4.373409E-01
  1.370000E+04  1.439717E+01  1.282344E+01  3.603926E-02  6.947279E+01  6.940075E+01  4.003524E-02  3.767205E-02  4.003524E-02  6.944827E+01 -3.222897E-03  3.767205E-02 -3.222897E-03  6.956935E+01  1.049153E+00  1.416282E+00  3.206092E+00  4.049693E-01
  1.375000E+04  1.441353E+01  1.281971E+01  3.244120E-02  6.959010E+01  6.956633E+01 -2.685162E-02  2.169245E-02 -2.685162E-02  6.956618E+01 -4.212497E-02  2.169245E-02 -4.212497E-02  6.963778E+01  1.062547E+00  1.406188E+00  2.847482E+00  3.525072E-01
  1.380000E+04  1.441218E+01  1.283869E+01  3.572012E-02  6.937773E+01  6.947505E+01 -8.620299E-02 -5.971481E-03 -8.620299E-02  6.934112E+01  8.662320E-02 -5.971481E-03  8.662320E-02  6.931701E+01  1.048993E+00  1.442833E+00  2.936138E+00  4.286327E-01
  1.385000E+04  1.441100E+01  1.282073E+01  3.618306E-02  6.952564E+01  6.946981E+01 -5.933633E-02 -2.277496E-02 -5.933633E-02  6.955033E+01 -6.957463E-02 -2.277496E-02 -6.957463E-02  6.955677E+01  1.060181E+00  1.433541E+00  3.043917E+00  4.993035E-01
  1.390000E+04  1.443088E+01  1.284538E+01  3.765109E-02  6.941896E+01  6.949502E+01  3.214615E-03 -7.063875E-02  3.214615E-03  6.935465E+01 -3.411611E-02 -7.063875E-02 -3.411611E-02  6.940720E+01  1.056998E+00  1.439767E+00  2.957219E+00  4.016559E-01
  1.395000E+04  1.441233E+01  1.281782E+01  3.556202E-02  6.940366E+01  6.946533E+01 -3.879748E-02  7.202408E-02 -3.879748E-02  6.933600E+01  2.752641E-03  7.202408E-02  2.752641E-03  6.940964E+01  1.063006E+00  1.440368E+00  2.832802E+00  5.115856E-01
  1.400000E+04  1.441084E+01  1.281921E+01  3.691376E-02  6.934881E+01  6.940060E+01  1.117703E-01  6.552258E-02  1.117703E-01  6.936721E+01 -2.600889E-02  6.552258E-02 -2.600889E-02  6.927863E+01  1.061087E+00  1.447410E+00  3.126683E+00  4.041928E-01
  1.405000E+04  1.440806E+01  1.282419E+01  3.456708E-02  6.940487E+01  6.942192E+01  2.969323E-02  2.330100E-02  2.969323E-02  6.937830E+01  2.214224E-02  2.330100E-02  2.214224E-02  6.941440E+01  1.055916E+00  1.423766E+00  3.230339E+00  4.205029E-01
  1.410000E+04  1.441013E+01  1.282888E+01  3.360327E-02  6.942900E+01  6.933679E+01  4.632933E-02  3.959228E-02  4.632933E-02  6.941643E+01  1.266362E-01  3.959228E-02  1.266362E-01  6.953377E+01  1.054166E+00  1.412458E+00  2.820928E+00  3.884814E-01
  1.415000E+04  1.440409E+01  1.282129E+01  3.283353E-02  6.952224E+01  6.939353E+01  2.144169E-02 -1.091020E-02  2.144169E-02  6.961865E+01 -2.956881E-02 -1.091020E-02 -2.956881E-02  6.955455E+01  1.055200E+00  1.409404E+00  2.826114E+00  4.905200E-01
  1.420000E+04  1.443002E+01  1.283780E+01  3.540994E-02  6.957331E+01  6.952895E+01 -1.342019E-01  9.535329E-02 -1.342019E-01  6.949175E+01 -1.099887E-01  9.535329E-02 -1.099887E-01  6.969923E+01  1.061478E+00  1.440350E+00  2.843738E+00  4.686298E-01
  1.425000E+04  1.438173E+01  1.281121E+01  3.543779E-02  6.942524E+01  6.953263E+01  5.115249E-02 -5.076161E-03  5.115249E-02  6.926352E+01  3.408483E-02 -5.076161E-03  3.408483E-02  6.947957E+01  1.047015E+00  1.435539E+00  3.083834E+00  4.767190E-01
  1.430000E+04  1.440619E+01  1.282602E+01  3.649877E-02  6.943116E+01  6.940374E+01 -6.889493E-02 -5.438663E-02 -6.889493E-02  6.947517E+01  1.206409E-02 -5.438663E-02  1.206409E-02  6.941456E+01  1.053446E+00  1.437473E+00  3.114546E+00  4.755732E-01
  1.435000E+04  1.445889E+01  1.285000E+01  3.716207E-02  6.942781E+01  6.953540E+01  4.642056E-02 -3.011205E-02  4.642056E-02  6.938212E+01 -1.440895E-01 -3.011205E-02 -1.440895E-01  6.936590E+01  1.072588E+00  1.449009E+00  2.796086E+00  4.035114E-01
  1.440000E+04  1.439890E+01  1.282197E+01  3.470232E-02  6.947749E+01  6.951148E+01 -4.693847E-02  1.141325E-02 -4.693847E-02  6.953919E+01  3.675516E-02  1.141325E-02  3.675516E-02  6.938180E+01  1.051285E+00  1.434628E+00  2.987184E+00  4.509632E-01
  1.445000E+04  1.441269E+01  1.283905E+01  3.805290E-02  6.937634E+01  6.942906E+01  8.429986E-02  8.432916E-02  8.429986E-02  6.943650E+01  6.741948E-02  8.432916E-02  6.741948E-02  6.926347E+01  1.049095E+00  1.453815E+00  3.510920E+00  3.394649E-01
  1.450000E+04  1.442387E+01  1.283090E+01  3.544512E-02  6.946427E+01  6.941383E+01  4.960767E-02 -3.309402E-02  4.960767E-02  6.947916E+01  3.444758E-02 -3.309402E-02  3.444758E-02  6.949983E+01  1.061979E+00  1.433051E+00  2.908089E+00  4.806938E-01
  1.455000E+04  1.441233E+01  1.284095E+01  3.618718E-02  6.951995E+01  6.956962E+01 -7.588676E-03  1.924278E-02 -7.588676E-03  6.945003E+01  1.054557E-02  1.924278E-02  1.054557E-02  6.954021E+01  1.047586E+00  1.442555E+00  2.933167E+00  4.743445E-01
  1.460000E+04  1.441831E+01  1.284036E+01  3.645789E-02  6.943213E+01  6.943795E+01 -7.463430E-02 -9.388218E-02 -7.463430E-02  6.954553E+01  1.414257E-02 -9.388218E-02  1.414257E-02  6.931290E+01  1.051967E+00  1.432952E+00  3.017755E+00  4.390152E-01
  1.465000E+04  1.443179E+01  1.283918E+01  3.700053E-02  6.952127E+01  6.949281E+01  6.400683E-02  7.515971E-02  6.400683E-02  6.949445E+01 -4.767475E-02  7.515971E-02 -4.767475E-02  6.957654E+01  1.061742E+00  1.444914E+00  2.810880E+00  4.221516E-01
  1.470000E+04  1.442799E+01  1.283535E+01  3.664124E-02  6.947611E+01  6.948815E+01  4.099520E-02 -8.205447E-02  4.099520E-02  6.940105E+01  3.475797E-02 -8.205447E-02  3.475797E-02  6.953912E+01  1.061758E+00  1.453741E+00  2.936175E+00  4.552326E-01
  1.475000E+04  1.442635E+01  1.283719E+01  3.907160E-02  6.951264E+01  6.950445E+01  1.264143E-01 -1.418105E-01  1.264143E-01  6.962157E+01 -2.983323E-02 -1.418105E-01 -2.983323E-02  6.941188E+01  1.059442E+00  1.462823E+00  3.032827E+00  4.637785E-01
  1.480000E+04  1.441203E+01  1.282879E+01  3.635506E-02  6.952112E+01  6.940962E+01 -8.395024E-02 -5.252813E-02 -8.395024E-02  6.957114E+01  2.737085E-02 -5.252813E-02  2.737085E-02  6.958260E+01  1.055490E+00  1.447909E+00  3.054155E+00  3.665824E-01
  1.485000E+04  1.442877E+01  1.283276E+01  3.573554E-02  6.948469E+01  6.941574E+01 -1.363113E-02  2.208786E-02 -1.363113E-02  6.953724E+01 -9.899115E-02  2.208786E-02 -9.899115E-02  6.950109E+01  1.064003E+00  1.423727E+00  3.122553E+00  4.097986E-01
  1.490000E+04  1.441804E+01  1.283186E+01  3.500430E-02  6.946043E+01  6.942725E+01 -2.372927E-02 -1.424379E-01 -2.372927E-02  6.945473E+01 -4.980760E-02 -1.424379E-01 -4.980760E-02  6.949930E+01  1.057451E+00  1.429997E+00  3.121913E+00  4.058356E-01
  1.495000E+04  1.439157E+01  1.282547E+01  3.431298E-02  6.942639E+01  6.941388E+01 -1.043639E-02 -1.029218E-02 -1.043639E-02  6.947113E+01  2.777260E-02 -1.029218E-02  2.777260E-02  6.939417E+01  1.044072E+00  1.413563E+00  2.952818E+00  4.079093E-01
  1.500000E+04  1.442011E+01  1.282535E+01  3.586224E-02  6.943334E+01  6.954060E+01 -5.522198E-02 -2.799812E-02 -5.522198E-02  6.933465E+01  2.512647E-02 -2.799812E-02  2.512647E-02  6.942475E+01  1.063172E+00  1.424704E+00  3.173343E+00  4.449102E-01
